0.000000
0.000000
0.000000
0.000000
0.000000
0.000000
0.000000
0.000000
0.000000
0.000000
0.000000
0.000000
0.000000
0.000000
0.000000
0.000000
0.000000
0.000000
0.000000
0.000000
0.000000
0.000000
0.000000
0.000000
0.000000
0.000000
0.000000
0.000000
0.000000
0.000000
0.000000
0.000000
0.000000
0.000000
0.000000
0.000000
0.000000
0.000000
0.000000
0.000000
0.000000
0.000000
0.000000
0.000000
0.000000
0.000000
0.000000
0.000000
0.000000
0.000000
0.000000
0.000000
0.000000
0.000000
0.000000
0.000000
0.000000
0.000000
0.000000
0.000000
0.015980
0.015980
0.015980
0.015980
0.058090
0.058090
0.058090
0.058090
0.058090
0.058090
0.058090
0.058090
0.100200
0.100200
0.100200
0.100200
0.100200
0.100200
0.100200
0.100200
0.100200
0.100200
0.100200
0.100200
0.100200
0.100200
0.100200
0.142300
0.142300
0.142300
0.142300
0.142300
0.142300
0.142300
0.142300
0.142300
0.142300
0.184400
0.184400
0.184400
0.184400
0.184400
0.184400
0.226500
0.226500
0.226500
0.226500
0.226500
0.226500
0.226500
0.226500
0.226500
0.226500
0.226500
0.268700
0.268700
0.268700
0.268700
0.268700
0.268700
0.268700
0.268700
0.268700
0.268700
0.268700
0.268700
0.268700
0.268700
0.268700
0.310800
0.310800
0.310800
0.310800
0.310800
0.310800
0.310800
0.310800
0.310800
0.310800
0.310800
0.310800
0.310800
0.310800
0.310800
0.352900
0.352900
0.352900
0.352900
0.352900
0.352900
0.352900
0.352900
0.352900
0.352900
0.395000
0.395000
0.395000
0.395000
0.395000
0.395000
0.395000
0.395000
0.395000
0.437100
0.437100
0.437100
0.437100
0.437100
0.437100
0.437100
0.437100
0.437100
0.437100
0.437100
0.437100
0.479200
0.479200
0.479200
0.479200
0.479200
0.479200
0.479200
0.521300
0.521300
0.521300
0.521300
0.521300
0.521300
0.521300
0.521300
0.521300
0.521300
0.563500
0.563500
0.563500
0.563500
0.563500
0.563500
0.563500
0.563500
0.563500
0.605600
0.605600
0.605600
0.605600
0.605600
0.605600
0.605600
0.605600
0.605600
0.605600
0.605600
0.647700
0.647700
0.647700
0.647700
0.647700
0.647700
0.647700
0.647700
0.647700
0.647700
0.647700
0.647700
0.647700
0.647700
0.647700
0.647700
0.647700
0.689800
0.689800
0.689800
0.689800
0.689800
0.689800
0.689800
0.689800
0.689800
0.689800
0.689800
0.689800
0.731900
0.731900
0.731900
0.731900
0.731900
0.731900
0.731900
0.731900
0.731900
0.731900
0.731900
0.731900
0.774000
0.774000
0.774000
0.774000
0.774000
0.816100
0.816100
0.816100
0.816100
0.816100
0.816100
0.816100
0.816100
0.816100
0.858200
0.858200
0.858200
0.858200
0.858200
0.858200
0.858200
0.900400
0.900400
0.900400
0.900400
0.900400
0.900400
0.900400
0.900400
0.900400
0.900400
0.900400
0.900400
0.900400
0.900400
0.942500
0.942500
0.942500
0.942500
0.942500
0.942500
0.942500
0.942500
0.942500
0.942500
0.942500
0.942500
0.984600
0.984600
0.984600
0.984600
0.984600
0.984600
1.027000
1.027000
1.027000
1.027000
1.027000
1.027000
1.027000
1.027000
1.027000
1.069000
1.069000
1.069000
1.069000
1.069000
1.069000
1.069000
1.069000
1.069000
1.069000
1.069000
1.111000
1.111000
1.111000
1.111000
1.111000
1.111000
1.111000
1.111000
1.111000
1.111000
1.111000
1.111000
1.111000
1.111000
1.111000
1.111000
1.153000
1.153000
1.153000
1.153000
1.153000
1.153000
1.153000
1.153000
1.153000
1.153000
1.195000
1.195000
1.195000
1.195000
1.195000
1.195000
1.195000
1.195000
1.195000
1.237000
1.237000
1.237000
1.237000
1.237000
1.237000
1.237000
1.237000
1.279000
1.279000
1.279000
1.279000
1.279000
1.279000
1.279000
1.279000
1.279000
1.321000
1.321000
1.321000
1.321000
1.321000
1.321000
1.321000
1.321000
1.321000
1.321000
1.364000
1.364000
1.364000
1.364000
1.364000
1.364000
1.364000
1.364000
1.364000
1.364000
1.406000
1.406000
1.406000
1.406000
1.406000
1.406000
1.406000
1.406000
1.406000
1.406000
1.448000
1.448000
1.448000
1.448000
1.448000
1.448000
1.448000
1.448000
1.448000
1.490000
1.490000
1.490000
1.490000
1.490000
1.490000
1.490000
1.532000
1.532000
1.532000
1.532000
1.532000
1.532000
1.532000
1.532000
1.532000
1.532000
1.532000
1.532000
1.574000
1.574000
1.574000
1.574000
1.574000
1.574000
1.574000
1.616000
1.616000
1.616000
1.616000
1.616000
1.616000
1.616000
1.616000
1.616000
1.616000
1.616000
1.616000
1.658000
1.658000
1.658000
1.658000
1.658000
1.658000
1.658000
1.658000
1.658000
1.701000
1.701000
1.701000
1.701000
1.701000
1.701000
1.701000
1.701000
1.743000
1.743000
1.743000
1.743000
1.743000
1.743000
1.743000
1.743000
1.743000
1.743000
1.785000
1.785000
1.785000
1.785000
1.785000
1.785000
1.785000
1.827000
1.827000
1.827000
1.827000
1.827000
1.827000
1.827000
1.827000
1.827000
1.869000
1.869000
1.869000
1.869000
1.869000
1.869000
1.869000
1.869000
1.869000
1.911000
1.911000
1.911000
1.911000
1.911000
1.911000
1.911000
1.911000
2.744000
2.744000
2.744000
2.744000
2.744000
2.744000
2.744000
2.744000
2.744000
2.744000
3.577000
3.577000
3.577000
3.577000
3.577000
3.577000
3.577000
4.409000
4.409000
4.409000
4.409000
4.409000
4.409000
4.409000
4.409000
4.409000
4.409000
4.409000
4.409000
4.409000
4.409000
4.409000
5.242000
5.242000
5.242000
5.242000
5.242000
5.242000
6.075000
6.075000
6.075000
6.075000
6.075000
6.075000
6.075000
6.075000
6.075000
6.075000
6.075000
6.075000
6.075000
6.075000
6.908000
6.908000
6.908000
6.908000
6.908000
6.908000
6.908000
6.908000
6.908000
6.908000
6.908000
6.908000
6.908000
6.908000
6.908000
6.908000
6.908000
7.740000
7.740000
7.740000
7.740000
7.740000
7.740000
7.740000
7.740000
8.573000
8.573000
8.573000
8.573000
8.573000
8.573000
8.573000
8.573000
8.573000
8.573000
8.573000
9.406000
9.406000
9.406000
9.406000
9.406000
9.406000
10.240000
10.240000
10.240000
10.240000
10.240000
10.240000
10.240000
10.240000
10.240000
10.240000
10.240000
10.240000
10.240000
11.070000
11.070000
11.070000
11.070000
11.070000
11.070000
11.900000
11.900000
11.900000
11.900000
11.900000
11.900000
11.900000
12.740000
12.740000
12.740000
12.740000
12.740000
12.740000
12.740000
12.740000
12.740000
12.740000
12.740000
13.570000
13.570000
13.570000
13.570000
13.570000
13.570000
13.570000
13.570000
13.570000
13.570000
13.570000
14.400000
14.400000
14.400000
14.400000
14.400000
15.240000
15.240000
15.240000
15.240000
15.240000
15.240000
15.240000
15.240000
15.240000
15.240000
15.240000
16.070000
16.070000
16.070000
16.070000
16.070000
16.070000
16.900000
16.900000
16.900000
16.900000
16.900000
16.900000
16.900000
16.900000
16.900000
16.900000
16.900000
16.900000
17.730000
17.730000
17.730000
17.730000
17.730000
17.730000
17.730000
18.570000
18.570000
18.570000
18.570000
18.570000
18.570000
18.570000
18.570000
18.570000
18.570000
19.400000
19.400000
19.400000
19.400000
19.400000
19.400000
19.400000
19.400000
19.400000
19.400000
19.400000
19.400000
19.400000
19.400000
19.400000
19.400000
20.230000
20.230000
20.230000
20.230000
20.230000
20.230000
20.230000
20.230000
21.059999
21.059999
21.059999
21.059999
21.059999
21.059999
21.059999
21.059999
21.059999
21.900000
21.900000
21.900000
21.900000
21.900000
21.900000
21.900000
21.900000
21.900000
21.900000
21.900000
21.900000
21.900000
22.730000
22.730000
22.730000
22.730000
22.730000
22.730000
22.730000
22.730000
22.730000
23.559999
23.559999
23.559999
23.559999
23.559999
23.559999
23.559999
23.559999
24.400000
24.400000
24.400000
24.400000
24.400000
24.400000
24.400000
24.400000
24.400000
24.400000
25.230000
25.230000
25.230000
25.230000
26.059999
26.059999
26.059999
26.059999
26.059999
26.059999
26.059999
26.059999
26.059999
26.059999
26.059999
26.889999
26.889999
26.889999
26.889999
26.889999
26.889999
26.889999
26.889999
26.889999
26.889999
26.889999
26.889999
27.730000
27.730000
27.730000
27.730000
27.730000
27.730000
27.730000
27.730000
27.730000
27.730000
28.559999
28.559999
28.559999
28.559999
28.559999
28.559999
29.389999
29.389999
29.389999
29.389999
29.389999
29.389999
30.219999
30.219999
30.219999
30.219999
30.219999
30.219999
30.219999
30.219999
30.219999
31.059999
31.059999
31.059999
31.059999
31.059999
31.059999
31.059999
31.059999
31.059999
31.059999
31.059999
31.059999
31.059999
31.059999
31.059999
31.889999
31.889999
31.889999
31.889999
31.889999
31.889999
31.889999
31.889999
31.889999
31.889999
31.889999
31.889999
32.720001
32.720001
32.720001
32.720001
32.720001
32.720001
33.560001
33.560001
33.560001
33.560001
33.560001
33.560001
34.389999
34.389999
34.389999
34.389999
34.389999
34.389999
34.389999
34.389999
34.389999
34.389999
34.389999
35.220001
35.220001
35.220001
35.220001
35.220001
35.220001
35.220001
36.049999
36.049999
36.049999
36.049999
36.049999
36.049999
36.049999
36.049999
36.049999
36.049999
36.049999
36.049999
36.889999
36.889999
36.889999
36.889999
36.889999
36.889999
36.889999
36.889999
36.889999
36.889999
36.889999
37.720001
37.720001
37.720001
37.720001
37.720001
37.720001
37.720001
37.720001
37.720001
37.720001
37.720001
38.549999
38.549999
38.549999
38.549999
38.549999
38.549999
38.549999
38.549999
38.549999
38.549999
38.549999
38.549999
38.549999
38.549999
39.380001
39.380001
39.380001
39.380001
39.380001
39.380001
39.380001
39.380001
39.380001
39.380001
39.380001
51.770000
51.770000
51.770000
51.770000
51.770000
51.770000
51.770000
51.770000
51.770000
51.770000
64.160004
64.160004
64.160004
64.160004
64.160004
64.160004
64.160004
64.160004
64.160004
76.540001
76.540001
76.540001
76.540001
76.540001
76.540001
76.540001
76.540001
76.540001
76.540001
88.930000
88.930000
88.930000
88.930000
88.930000
88.930000
88.930000
88.930000
88.930000
88.930000
88.930000
98.209999
98.209999
98.209999
98.209999
98.209999
