0.000000
0.000000
0.000000
0.000000
0.000000
0.000000
0.000000
0.000000
0.000000
0.000000
0.000000
0.000000
0.000000
0.000000
0.000000
0.000000
0.000000
0.000000
0.000000
0.000000
0.000000
0.000000
0.000000
0.000000
0.000000
0.000000
0.000000
0.000000
0.000000
0.000000
0.000000
0.000000
0.000000
0.000000
0.000000
0.000000
0.000000
0.000000
0.000000
0.000000
0.000000
0.000000
0.000000
0.000000
0.000000
0.000000
0.000000
0.000000
0.015520
0.015520
0.015520
0.015520
0.015520
0.015520
0.040950
0.040950
0.040950
0.040950
0.040950
0.040950
0.040950
0.040950
0.040950
0.040950
0.040950
0.066380
0.066380
0.066380
0.066380
0.066380
0.066380
0.066380
0.066380
0.066380
0.091810
0.091810
0.091810
0.091810
0.091810
0.091810
0.091810
0.091810
0.091810
0.091810
0.091810
0.117200
0.117200
0.117200
0.117200
0.142700
0.142700
0.142700
0.142700
0.142700
0.142700
0.142700
0.142700
0.142700
0.142700
0.142700
0.168100
0.168100
0.168100
0.168100
0.168100
0.168100
0.168100
0.168100
0.168100
0.168100
0.168100
0.168100
0.193500
0.193500
0.193500
0.193500
0.193500
0.193500
0.193500
0.219000
0.219000
0.219000
0.219000
0.219000
0.219000
0.219000
0.219000
0.219000
0.219000
0.219000
0.244400
0.244400
0.244400
0.244400
0.244400
0.244400
0.244400
0.244400
0.244400
0.244400
0.269800
0.269800
0.269800
0.269800
0.269800
0.269800
0.269800
0.269800
0.269800
0.269800
0.295200
0.295200
0.295200
0.295200
0.295200
0.295200
0.295200
0.295200
0.320700
0.320700
0.320700
0.320700
0.320700
0.320700
0.320700
0.346100
0.346100
0.346100
0.346100
0.346100
0.371500
0.371500
0.371500
0.371500
0.371500
0.371500
0.371500
0.371500
0.397000
0.397000
0.397000
0.397000
0.397000
0.397000
0.397000
0.397000
0.397000
0.397000
0.397000
0.397000
0.397000
0.422400
0.422400
0.422400
0.422400
0.422400
0.422400
0.422400
0.422400
0.422400
0.422400
0.422400
0.447800
0.447800
0.447800
0.447800
0.447800
0.447800
0.447800
0.473200
0.473200
0.473200
0.473200
0.473200
0.498700
0.498700
0.498700
0.498700
0.498700
0.498700
0.524100
0.524100
0.524100
0.524100
0.524100
0.524100
0.524100
0.524100
0.524100
0.524100
0.524100
0.524100
0.524100
0.524100
0.524100
0.549500
0.549500
0.549500
0.549500
0.549500
0.549500
0.549500
0.549500
0.549500
0.549500
0.549500
0.549500
0.549500
0.549500
0.575000
0.575000
0.575000
0.575000
0.575000
0.575000
0.575000
0.575000
0.575000
0.600400
0.600400
0.600400
0.600400
0.600400
0.600400
0.600400
0.600400
0.600400
0.600400
0.625800
0.625800
0.625800
0.625800
0.625800
0.625800
0.625800
0.651200
0.651200
0.651200
0.651200
0.651200
0.651200
0.651200
0.651200
0.651200
0.651200
0.676700
0.676700
0.676700
0.676700
0.676700
0.676700
0.676700
0.676700
0.676700
0.676700
0.702100
0.702100
0.702100
0.702100
0.702100
0.702100
0.702100
0.702100
0.702100
0.727500
0.727500
0.727500
0.727500
0.727500
0.727500
0.727500
0.727500
0.753000
0.753000
0.753000
0.753000
0.753000
0.753000
0.753000
0.753000
0.753000
0.753000
0.753000
0.753000
0.753000
0.753000
0.778400
0.778400
0.778400
0.778400
0.778400
0.778400
0.778400
0.778400
0.778400
0.803800
0.803800
0.803800
0.803800
0.803800
0.803800
0.803800
0.803800
0.803800
0.803800
0.829200
0.829200
0.829200
0.829200
0.829200
0.829200
0.829200
0.854700
0.854700
0.854700
0.854700
0.854700
0.854700
0.854700
0.854700
0.854700
0.854700
0.854700
0.854700
0.854700
0.880100
0.880100
0.880100
0.880100
0.880100
0.880100
0.880100
0.880100
0.880100
0.880100
0.880100
0.880100
0.880100
0.880100
0.905500
0.905500
0.905500
0.931000
0.931000
0.931000
0.931000
0.931000
0.931000
0.931000
0.931000
0.931000
0.931000
0.956400
0.956400
0.956400
0.956400
0.956400
0.956400
0.956400
0.956400
0.956400
0.956400
0.981800
0.981800
0.981800
0.981800
0.981800
0.981800
0.981800
0.981800
0.981800
0.981800
0.981800
0.981800
0.981800
1.007000
1.007000
1.007000
1.007000
1.007000
1.007000
1.007000
1.007000
1.007000
1.007000
1.007000
1.007000
1.007000
1.007000
1.007000
1.007000
1.033000
1.033000
1.033000
1.033000
1.033000
1.033000
1.033000
1.033000
1.033000
1.058000
1.058000
1.058000
1.058000
1.058000
1.084000
1.084000
1.084000
1.084000
1.084000
1.084000
1.084000
1.084000
1.084000
1.109000
1.109000
1.109000
1.109000
1.109000
1.109000
1.134000
1.134000
1.134000
1.134000
1.134000
1.134000
1.134000
1.134000
1.134000
1.160000
1.160000
1.160000
1.160000
1.160000
1.160000
1.160000
1.379000
1.379000
1.379000
1.379000
1.379000
1.379000
1.379000
1.379000
1.597000
1.597000
1.597000
1.597000
1.597000
1.597000
1.816000
1.816000
1.816000
1.816000
1.816000
1.816000
1.816000
1.816000
1.816000
2.035000
2.035000
2.035000
2.035000
2.035000
2.035000
2.253000
2.253000
2.253000
2.253000
2.253000
2.253000
2.253000
2.253000
2.253000
2.253000
2.253000
2.472000
2.472000
2.472000
2.472000
2.472000
2.472000
2.472000
2.472000
2.472000
2.472000
2.472000
2.691000
2.691000
2.691000
2.691000
2.691000
2.691000
2.691000
2.691000
2.691000
2.691000
2.691000
2.691000
2.691000
2.691000
2.909000
2.909000
2.909000
2.909000
2.909000
2.909000
2.909000
2.909000
2.909000
2.909000
2.909000
2.909000
2.909000
3.128000
3.128000
3.128000
3.128000
3.128000
3.128000
3.128000
3.347000
3.347000
3.347000
3.566000
3.566000
3.566000
3.566000
3.566000
3.566000
3.566000
3.784000
3.784000
3.784000
3.784000
3.784000
3.784000
3.784000
3.784000
3.784000
3.784000
3.784000
3.784000
3.784000
4.003000
4.003000
4.003000
4.003000
4.003000
4.003000
4.003000
4.003000
4.003000
4.222000
4.222000
4.222000
4.222000
4.222000
4.222000
4.222000
4.222000
4.222000
4.440000
4.440000
4.440000
4.440000
4.440000
4.440000
4.440000
4.440000
4.440000
4.659000
4.659000
4.659000
4.659000
4.659000
4.659000
4.659000
4.659000
4.659000
4.659000
4.659000
4.659000
4.878000
4.878000
4.878000
4.878000
4.878000
4.878000
4.878000
4.878000
5.096000
5.096000
5.096000
5.096000
5.315000
5.315000
5.315000
5.315000
5.315000
5.315000
5.315000
5.315000
5.315000
5.315000
5.315000
5.315000
5.315000
5.315000
5.315000
5.315000
5.315000
5.315000
5.315000
5.315000
5.534000
5.534000
5.534000
5.534000
5.534000
5.534000
5.534000
5.534000
5.534000
5.534000
5.534000
5.753000
5.753000
5.753000
5.753000
5.753000
5.753000
5.753000
5.971000
5.971000
5.971000
5.971000
5.971000
5.971000
5.971000
5.971000
5.971000
5.971000
6.190000
6.190000
6.190000
6.190000
6.190000
6.190000
6.190000
6.190000
6.190000
6.190000
6.190000
6.190000
6.190000
6.190000
6.409000
6.409000
6.409000
6.409000
6.627000
6.627000
6.627000
6.627000
6.627000
6.627000
6.627000
6.627000
6.846000
6.846000
6.846000
6.846000
6.846000
6.846000
6.846000
6.846000
6.846000
6.846000
6.846000
6.846000
6.846000
7.065000
7.065000
7.065000
7.065000
7.065000
7.065000
7.065000
7.065000
7.065000
7.065000
7.065000
7.065000
7.065000
7.283000
7.283000
7.283000
7.283000
7.283000
7.283000
7.283000
7.283000
7.283000
7.283000
7.283000
7.502000
7.502000
7.502000
7.502000
7.502000
7.502000
7.721000
7.721000
7.721000
7.721000
7.721000
7.721000
7.721000
7.940000
7.940000
7.940000
7.940000
7.940000
7.940000
7.940000
7.940000
7.940000
7.940000
7.940000
8.158000
8.158000
8.158000
8.158000
8.158000
8.158000
8.377000
8.377000
8.377000
8.377000
8.377000
8.377000
8.377000
8.377000
8.377000
8.596000
8.596000
8.596000
8.596000
8.596000
8.596000
8.596000
8.596000
8.596000
8.596000
8.596000
8.596000
8.596000
8.596000
8.596000
8.814000
8.814000
8.814000
8.814000
8.814000
8.814000
8.814000
8.814000
8.814000
8.814000
8.814000
8.814000
8.814000
9.033000
9.033000
9.033000
9.033000
9.033000
9.033000
9.033000
9.033000
9.033000
9.033000
9.033000
9.033000
9.252000
9.252000
9.252000
9.252000
9.252000
9.252000
9.252000
9.252000
9.252000
9.252000
9.252000
9.471000
9.471000
9.471000
9.471000
9.471000
9.471000
9.471000
9.471000
9.471000
9.471000
9.471000
9.471000
9.689000
9.689000
9.689000
9.689000
9.689000
9.689000
9.689000
9.689000
9.689000
9.689000
9.689000
9.689000
9.689000
9.689000
9.908000
9.908000
9.908000
9.908000
9.908000
9.908000
9.908000
9.908000
9.908000
10.130000
10.130000
10.130000
10.130000
10.130000
10.130000
10.130000
10.130000
10.130000
10.130000
10.130000
10.350000
10.350000
10.350000
10.350000
10.350000
10.350000
10.350000
10.350000
10.350000
10.350000
10.350000
10.350000
10.350000
10.350000
10.350000
10.560000
10.560000
10.560000
10.560000
10.560000
10.560000
10.560000
10.560000
10.560000
10.560000
10.560000
10.560000
10.560000
10.560000
10.560000
10.780000
10.780000
10.780000
10.780000
10.780000
10.780000
10.780000
10.780000
10.780000
10.780000
10.780000
10.780000
10.780000
10.780000
11.000000
11.000000
11.000000
11.000000
11.000000
11.000000
11.000000
11.000000
11.000000
13.320000
13.320000
13.320000
13.320000
13.320000
13.320000
13.320000
13.320000
13.320000
13.320000
13.320000
13.320000
15.630000
15.630000
15.630000
15.630000
15.630000
15.630000
15.630000
15.630000
15.630000
15.630000
15.630000
15.630000
17.950001
17.950001
17.950001
17.950001
17.950001
17.950001
17.950001
17.950001
17.950001
17.950001
17.950001
17.950001
17.950001
17.950001
17.950001
20.260000
20.260000
20.260000
20.260000
20.260000
20.260000
20.260000
20.260000
20.260000
20.260000
20.260000
20.260000
22.000000
22.000000
22.000000
22.000000
22.000000
22.000000
22.000000
22.000000
22.000000
22.000000
22.000000
22.000000
22.000000
22.000000
