0.000000
0.000000
0.000000
0.000000
0.000000
0.000000
0.000000
0.000000
0.000000
0.000000
0.000000
0.000000
0.000000
0.000000
0.000000
0.000000
0.000000
0.000000
0.000000
0.000000
0.000000
0.000000
0.000000
0.000000
0.000000
0.000000
0.000000
0.000000
0.000000
0.000000
0.000000
0.000000
0.000000
0.000000
0.000000
0.000000
0.000000
0.000000
0.000000
0.000000
0.000000
0.000000
0.000000
0.000000
0.000000
0.000063
0.000063
0.000063
0.000063
0.000063
0.000063
0.000063
0.000063
0.000063
0.001870
0.001870
0.001870
0.001870
0.001870
0.001870
0.001870
0.001870
0.003676
0.003676
0.003676
0.003676
0.003676
0.005482
0.005482
0.005482
0.005482
0.005482
0.005482
0.005482
0.005482
0.005482
0.007288
0.007288
0.007288
0.007288
0.007288
0.007288
0.007288
0.007288
0.007288
0.007288
0.007288
0.007288
0.007288
0.007288
0.007288
0.009094
0.009094
0.009094
0.009094
0.009094
0.009094
0.009094
0.010900
0.010900
0.010900
0.010900
0.010900
0.010900
0.010900
0.010900
0.010900
0.010900
0.010900
0.010900
0.010900
0.012710
0.012710
0.012710
0.012710
0.012710
0.012710
0.012710
0.014510
0.014510
0.014510
0.014510
0.014510
0.016320
0.016320
0.016320
0.016320
0.016320
0.016320
0.016320
0.016320
0.016320
0.016320
0.016320
0.018120
0.018120
0.018120
0.018120
0.018120
0.018120
0.018120
0.019930
0.019930
0.019930
0.019930
0.019930
0.019930
0.021740
0.021740
0.021740
0.021740
0.021740
0.021740
0.021740
0.021740
0.021740
0.021740
0.021740
0.021740
0.021740
0.021740
0.021740
0.021740
0.021740
0.023540
0.023540
0.023540
0.023540
0.023540
0.023540
0.025350
0.025350
0.025350
0.025350
0.025350
0.025350
0.025350
0.025350
0.025350
0.025350
0.027150
0.027150
0.027150
0.027150
0.027150
0.027150
0.027150
0.027150
0.027150
0.028960
0.028960
0.028960
0.028960
0.028960
0.028960
0.028960
0.028960
0.030770
0.030770
0.030770
0.030770
0.030770
0.030770
0.030770
0.030770
0.030770
0.032570
0.032570
0.032570
0.032570
0.032570
0.034380
0.034380
0.034380
0.034380
0.034380
0.034380
0.034380
0.034380
0.034380
0.034380
0.034380
0.034380
0.036180
0.036180
0.036180
0.036180
0.036180
0.036180
0.036180
0.036180
0.037990
0.037990
0.037990
0.037990
0.037990
0.037990
0.039800
0.039800
0.039800
0.039800
0.039800
0.039800
0.039800
0.039800
0.039800
0.039800
0.039800
0.041600
0.041600
0.041600
0.041600
0.041600
0.041600
0.041600
0.041600
0.041600
0.041600
0.041600
0.041600
0.041600
0.041600
0.041600
0.043410
0.043410
0.043410
0.043410
0.043410
0.043410
0.043410
0.043410
0.043410
0.043410
0.043410
0.043410
0.045210
0.045210
0.045210
0.045210
0.045210
0.045210
0.045210
0.045210
0.045210
0.047020
0.047020
0.047020
0.047020
0.047020
0.047020
0.047020
0.047020
0.047020
0.048830
0.048830
0.048830
0.048830
0.048830
0.048830
0.048830
0.048830
0.050630
0.050630
0.050630
0.050630
0.052440
0.052440
0.052440
0.052440
0.052440
0.052440
0.052440
0.054240
0.054240
0.054240
0.054240
0.054240
0.054240
0.054240
0.054240
0.056050
0.056050
0.056050
0.056050
0.056050
0.056050
0.056050
0.056050
0.056050
0.056050
0.056050
0.057860
0.057860
0.057860
0.057860
0.057860
0.057860
0.057860
0.057860
0.057860
0.057860
0.057860
0.059660
0.059660
0.059660
0.059660
0.059660
0.059660
0.059660
0.059660
0.059660
0.059660
0.059660
0.059660
0.059660
0.059660
0.061470
0.061470
0.061470
0.061470
0.061470
0.061470
0.061470
0.063270
0.063270
0.063270
0.063270
0.063270
0.063270
0.063270
0.063270
0.063270
0.063270
0.063270
0.063270
0.065080
0.065080
0.065080
0.065080
0.065080
0.065080
0.065080
0.065080
0.066890
0.066890
0.066890
0.066890
0.066890
0.066890
0.068690
0.068690
0.068690
0.068690
0.068690
0.068690
0.068690
0.068690
0.070500
0.070500
0.070500
0.070500
0.070500
0.070500
0.070500
0.070500
0.070500
0.070500
0.072300
0.072300
0.072300
0.072300
0.072300
0.074110
0.074110
0.074110
0.074110
0.074110
0.074110
0.074110
0.074110
0.074110
0.074110
0.074110
0.074110
0.074110
0.075920
0.075920
0.075920
0.075920
0.075920
0.075920
0.075920
0.075920
0.075920
0.075920
0.077720
0.077720
0.077720
0.077720
0.077720
0.077720
0.077720
0.077720
0.077720
0.077720
0.079530
0.079530
0.079530
0.079530
0.081330
0.081330
0.081330
0.081330
0.081330
0.081330
0.081330
0.081330
0.081330
0.081330
0.081330
0.081330
0.179100
0.179100
0.179100
0.179100
0.179100
0.179100
0.179100
0.179100
0.179100
0.179100
0.179100
0.276800
0.276800
0.276800
0.276800
0.276800
0.276800
0.276800
0.276800
0.374500
0.374500
0.374500
0.374500
0.374500
0.374500
0.374500
0.374500
0.374500
0.374500
0.374500
0.374500
0.472200
0.472200
0.472200
0.472200
0.472200
0.472200
0.472200
0.472200
0.472200
0.472200
0.472200
0.569900
0.569900
0.569900
0.569900
0.569900
0.569900
0.569900
0.569900
0.569900
0.569900
0.667600
0.667600
0.667600
0.667600
0.667600
0.667600
0.667600
0.667600
0.765400
0.765400
0.765400
0.765400
0.765400
0.765400
0.765400
0.765400
0.765400
0.863100
0.863100
0.863100
0.863100
0.863100
0.863100
0.863100
0.863100
0.863100
0.863100
0.863100
0.863100
0.863100
0.863100
0.960800
0.960800
0.960800
0.960800
0.960800
0.960800
0.960800
0.960800
0.960800
0.960800
0.960800
0.960800
1.059000
1.059000
1.059000
1.059000
1.059000
1.059000
1.059000
1.059000
1.059000
1.059000
1.059000
1.059000
1.059000
1.059000
1.059000
1.156000
1.156000
1.156000
1.156000
1.156000
1.156000
1.156000
1.156000
1.156000
1.156000
1.156000
1.156000
1.156000
1.254000
1.254000
1.254000
1.254000
1.254000
1.254000
1.254000
1.254000
1.254000
1.254000
1.254000
1.352000
1.352000
1.352000
1.352000
1.352000
1.352000
1.352000
1.352000
1.352000
1.352000
1.352000
1.352000
1.449000
1.449000
1.449000
1.449000
1.449000
1.449000
1.449000
1.449000
1.449000
1.449000
1.547000
1.547000
1.547000
1.547000
1.547000
1.547000
1.547000
1.547000
1.547000
1.547000
1.645000
1.645000
1.645000
1.645000
1.645000
1.645000
1.645000
1.645000
1.743000
1.743000
1.743000
1.743000
1.743000
1.743000
1.743000
1.743000
1.743000
1.743000
1.743000
1.743000
1.743000
1.840000
1.840000
1.840000
1.840000
1.840000
1.840000
1.840000
1.840000
1.840000
1.840000
1.840000
1.840000
1.840000
1.840000
1.840000
1.840000
1.938000
1.938000
1.938000
1.938000
1.938000
1.938000
1.938000
1.938000
1.938000
1.938000
1.938000
2.036000
2.036000
2.036000
2.036000
2.036000
2.036000
2.036000
2.036000
2.036000
2.036000
2.036000
2.036000
2.036000
2.036000
2.133000
2.133000
2.133000
2.133000
2.133000
2.133000
2.133000
2.231000
2.231000
2.231000
2.231000
2.231000
2.329000
2.329000
2.329000
2.329000
2.329000
2.329000
2.329000
2.329000
2.427000
2.427000
2.427000
2.427000
2.427000
2.427000
2.427000
2.427000
2.427000
2.427000
2.427000
2.427000
2.427000
2.427000
2.427000
2.524000
2.524000
2.524000
2.524000
2.524000
2.524000
2.524000
2.524000
2.524000
2.524000
2.622000
2.622000
2.622000
2.622000
2.622000
2.622000
2.622000
2.622000
2.622000
2.622000
2.622000
2.622000
2.622000
2.720000
2.720000
2.720000
2.720000
2.720000
2.720000
2.720000
2.720000
2.817000
2.817000
2.817000
2.817000
2.817000
2.915000
2.915000
2.915000
2.915000
2.915000
2.915000
2.915000
2.915000
2.915000
2.915000
2.915000
3.013000
3.013000
3.013000
3.013000
3.013000
3.013000
3.013000
3.013000
3.013000
3.013000
3.013000
3.111000
3.111000
3.111000
3.111000
3.111000
3.111000
3.111000
3.208000
3.208000
3.208000
3.208000
3.208000
3.208000
3.306000
3.306000
3.306000
3.306000
3.306000
3.404000
3.404000
3.404000
3.404000
3.404000
3.404000
3.404000
3.404000
3.404000
3.404000
3.404000
3.404000
3.404000
3.404000
3.404000
3.501000
3.501000
3.501000
3.501000
3.501000
3.501000
3.501000
3.501000
3.501000
3.501000
3.501000
3.501000
3.501000
3.501000
3.501000
3.599000
3.599000
3.599000
3.599000
3.599000
3.599000
3.599000
3.599000
3.599000
3.599000
3.599000
3.599000
3.599000
3.599000
3.697000
3.697000
3.697000
3.697000
3.697000
3.697000
3.795000
3.795000
3.795000
3.795000
3.795000
3.795000
3.795000
3.795000
3.795000
3.892000
3.892000
3.892000
3.892000
3.892000
3.892000
3.892000
3.892000
3.892000
3.990000
3.990000
3.990000
3.990000
3.990000
3.990000
3.990000
3.990000
4.088000
4.088000
4.088000
4.088000
4.088000
4.088000
4.088000
4.088000
4.088000
4.088000
4.088000
4.088000
4.088000
4.185000
4.185000
4.185000
4.185000
4.185000
4.185000
4.185000
4.185000
4.185000
4.185000
4.185000
4.185000
4.185000
4.283000
4.283000
4.283000
4.283000
4.283000
4.283000
4.283000
4.283000
4.381000
4.381000
4.381000
4.381000
4.381000
4.381000
4.381000
4.381000
4.381000
4.381000
4.381000
4.381000
4.381000
4.381000
4.381000
4.479000
4.479000
4.479000
4.479000
4.479000
4.479000
4.479000
4.479000
4.479000
4.479000
4.479000
5.475000
5.475000
5.475000
5.475000
5.475000
5.475000
5.475000
5.475000
5.475000
5.475000
5.475000
5.475000
5.475000
6.472000
6.472000
6.472000
6.472000
6.472000
6.472000
6.472000
6.472000
7.468000
7.468000
7.468000
7.468000
7.468000
7.468000
7.468000
7.468000
7.468000
7.468000
7.468000
7.468000
7.468000
7.468000
7.468000
8.465000
8.465000
8.465000
8.465000
8.465000
8.465000
8.465000
8.465000
8.465000
8.465000
8.465000
8.465000
9.212000
9.212000
9.212000
9.212000
9.212000
9.212000
9.212000
9.212000
9.212000
9.212000
9.212000
9.212000
9.212000
9.212000
9.212000
9.212000
