0.000000
0.000000
0.000000
0.000000
0.000000
0.000000
0.000000
0.000000
0.000000
0.000000
0.000000
0.000000
0.000000
0.000000
0.000000
0.000000
0.000000
0.000000
0.000000
0.000000
0.000000
0.000000
0.000000
0.000000
0.000000
0.000000
0.000000
0.000000
0.000000
0.000000
0.000000
0.000000
0.000000
0.000000
0.000000
0.000000
0.000000
0.000000
0.000000
0.000000
0.000000
0.000000
0.000000
0.000000
0.000000
0.000000
0.000000
0.000000
0.470000
0.470000
0.470000
0.470000
0.470000
0.470000
0.470000
0.470000
0.470000
0.470000
0.637700
0.637700
0.637700
0.637700
0.637700
0.637700
0.637700
0.637700
0.637700
0.637700
0.805400
0.805400
0.805400
0.805400
0.805400
0.805400
0.805400
0.805400
0.805400
0.805400
0.805400
0.805400
0.973100
0.973100
0.973100
0.973100
0.973100
0.973100
0.973100
0.973100
0.973100
1.141000
1.141000
1.141000
1.141000
1.141000
1.309000
1.309000
1.309000
1.309000
1.309000
1.309000
1.309000
1.309000
1.309000
1.309000
1.476000
1.476000
1.476000
1.476000
1.476000
1.476000
1.476000
1.476000
1.476000
1.476000
1.476000
1.644000
1.644000
1.644000
1.644000
1.644000
1.644000
1.644000
1.644000
1.644000
1.644000
1.644000
1.812000
1.812000
1.812000
1.812000
1.812000
1.812000
1.812000
1.812000
1.812000
1.979000
1.979000
1.979000
1.979000
1.979000
1.979000
1.979000
1.979000
1.979000
1.979000
1.979000
1.979000
1.979000
1.979000
1.979000
2.147000
2.147000
2.147000
2.147000
2.147000
2.147000
2.147000
2.147000
2.147000
2.315000
2.315000
2.315000
2.315000
2.315000
2.315000
2.315000
2.315000
2.315000
2.315000
2.315000
2.315000
2.483000
2.483000
2.483000
2.483000
2.483000
2.483000
2.483000
2.483000
2.483000
2.483000
2.650000
2.650000
2.650000
2.650000
2.650000
2.650000
2.650000
2.818000
2.818000
2.818000
2.818000
2.818000
2.818000
2.818000
2.818000
2.818000
2.986000
2.986000
2.986000
2.986000
2.986000
2.986000
2.986000
2.986000
3.153000
3.153000
3.153000
3.153000
3.153000
3.153000
3.153000
3.153000
3.153000
3.153000
3.153000
3.153000
3.153000
3.153000
3.321000
3.321000
3.321000
3.321000
3.321000
3.321000
3.321000
3.321000
3.321000
3.321000
3.321000
3.489000
3.489000
3.489000
3.489000
3.489000
3.489000
3.656000
3.656000
3.656000
3.656000
3.656000
3.656000
3.656000
3.824000
3.824000
3.824000
3.824000
3.824000
3.824000
3.824000
3.824000
3.824000
3.824000
3.824000
3.824000
3.824000
3.824000
3.824000
3.992000
3.992000
3.992000
3.992000
3.992000
4.160000
4.160000
4.160000
4.160000
4.160000
4.160000
4.160000
4.160000
4.160000
4.160000
4.160000
4.160000
4.160000
4.160000
4.160000
4.160000
4.160000
4.160000
4.160000
4.160000
4.327000
4.327000
4.327000
4.327000
4.327000
4.327000
4.327000
4.327000
4.327000
4.327000
4.327000
4.327000
4.327000
4.327000
4.327000
4.327000
4.327000
4.327000
4.327000
4.327000
4.495000
4.495000
4.495000
4.495000
4.495000
4.495000
4.495000
4.495000
4.495000
4.663000
4.663000
4.663000
4.663000
4.663000
4.663000
4.663000
4.663000
4.830000
4.830000
4.830000
4.830000
4.830000
4.830000
4.830000
4.998000
4.998000
4.998000
4.998000
4.998000
4.998000
4.998000
4.998000
4.998000
4.998000
4.998000
4.998000
4.998000
5.166000
5.166000
5.166000
5.166000
5.166000
5.166000
5.166000
5.166000
5.166000
5.166000
5.166000
5.166000
5.166000
5.166000
5.166000
5.334000
5.334000
5.334000
5.334000
5.334000
5.334000
5.334000
5.334000
5.334000
5.501000
5.501000
5.501000
5.501000
5.501000
5.669000
5.669000
5.669000
5.669000
5.669000
5.669000
5.669000
5.669000
5.669000
5.669000
5.669000
5.669000
5.669000
5.669000
5.837000
5.837000
5.837000
5.837000
5.837000
5.837000
5.837000
5.837000
5.837000
5.837000
5.837000
5.837000
5.837000
5.837000
6.004000
6.004000
6.004000
6.004000
6.004000
6.004000
6.004000
6.004000
6.172000
6.172000
6.172000
6.172000
6.172000
6.172000
6.172000
6.340000
6.340000
6.340000
6.340000
6.340000
6.340000
6.340000
6.508000
6.508000
6.508000
6.508000
6.508000
6.508000
6.508000
6.508000
6.508000
6.675000
6.675000
6.675000
6.675000
6.675000
6.675000
6.675000
6.675000
6.675000
6.675000
6.675000
6.843000
6.843000
6.843000
6.843000
6.843000
6.843000
6.843000
6.843000
6.843000
6.843000
6.843000
6.843000
6.843000
6.843000
7.011000
7.011000
7.011000
7.011000
7.011000
7.011000
7.011000
7.178000
7.178000
7.346000
7.346000
7.346000
7.346000
7.346000
7.346000
7.346000
7.514000
7.514000
7.514000
7.514000
7.514000
7.514000
7.514000
7.514000
7.514000
7.681000
7.681000
7.681000
7.681000
7.681000
7.681000
7.681000
7.681000
7.849000
7.849000
7.849000
7.849000
7.849000
7.849000
7.849000
7.849000
7.849000
8.017000
8.017000
8.017000
8.017000
8.017000
8.017000
8.017000
8.017000
8.017000
8.017000
8.017000
8.889000
8.889000
8.889000
8.889000
8.889000
8.889000
8.889000
8.889000
8.889000
8.889000
8.889000
8.889000
8.889000
8.889000
8.889000
8.889000
8.889000
9.762000
9.762000
9.762000
9.762000
9.762000
9.762000
9.762000
9.762000
10.630000
10.630000
10.630000
10.630000
10.630000
10.630000
10.630000
10.630000
10.630000
10.630000
10.630000
11.510000
11.510000
11.510000
11.510000
11.510000
11.510000
11.510000
11.510000
11.510000
11.510000
12.380000
12.380000
12.380000
12.380000
12.380000
12.380000
12.380000
13.250000
13.250000
13.250000
13.250000
13.250000
13.250000
13.250000
13.250000
13.250000
14.120000
14.120000
14.120000
14.120000
14.120000
15.000000
15.000000
15.000000
15.000000
15.000000
15.000000
15.000000
15.870000
15.870000
15.870000
15.870000
15.870000
15.870000
16.740000
16.740000
16.740000
16.740000
16.740000
16.740000
16.740000
16.740000
16.740000
16.740000
17.610001
17.610001
17.610001
17.610001
17.610001
17.610001
17.610001
18.490000
18.490000
18.490000
18.490000
18.490000
19.360001
19.360001
19.360001
19.360001
19.360001
19.360001
19.360001
19.360001
20.230000
20.230000
20.230000
20.230000
20.230000
20.230000
20.230000
20.230000
20.230000
20.230000
20.230000
20.230000
20.230000
20.230000
20.230000
20.230000
21.100000
21.100000
21.100000
21.100000
21.100000
21.100000
21.100000
21.100000
21.100000
21.980000
21.980000
21.980000
21.980000
21.980000
21.980000
21.980000
21.980000
21.980000
21.980000
21.980000
21.980000
21.980000
22.850000
22.850000
22.850000
22.850000
22.850000
22.850000
23.719999
23.719999
23.719999
23.719999
24.590000
24.590000
24.590000
24.590000
24.590000
24.590000
25.469999
25.469999
25.469999
25.469999
25.469999
25.469999
25.469999
25.469999
25.469999
25.469999
25.469999
25.469999
26.340000
26.340000
26.340000
26.340000
26.340000
26.340000
26.340000
26.340000
26.340000
26.340000
26.340000
26.340000
26.340000
27.209999
27.209999
27.209999
27.209999
27.209999
27.209999
27.209999
27.209999
27.209999
27.209999
27.209999
27.209999
27.209999
28.080000
28.080000
28.080000
28.080000
28.080000
28.080000
28.080000
28.080000
28.080000
28.080000
28.080000
28.959999
28.959999
28.959999
28.959999
28.959999
28.959999
28.959999
28.959999
28.959999
28.959999
28.959999
28.959999
28.959999
29.830000
29.830000
29.830000
29.830000
29.830000
29.830000
29.830000
29.830000
29.830000
29.830000
29.830000
29.830000
29.830000
29.830000
29.830000
29.830000
30.700001
30.700001
30.700001
30.700001
31.570000
31.570000
31.570000
31.570000
31.570000
31.570000
31.570000
31.570000
31.570000
32.439999
32.439999
32.439999
32.439999
32.439999
32.439999
32.439999
32.439999
33.320000
33.320000
33.320000
33.320000
33.320000
33.320000
33.320000
33.320000
33.320000
33.320000
33.320000
33.320000
34.189999
34.189999
34.189999
34.189999
34.189999
34.189999
34.189999
34.189999
34.189999
34.189999
34.189999
35.060001
35.060001
35.060001
35.060001
35.060001
35.060001
35.060001
35.060001
35.060001
35.060001
35.060001
35.060001
35.060001
35.060001
35.060001
35.930000
35.930000
35.930000
35.930000
35.930000
35.930000
35.930000
35.930000
35.930000
35.930000
36.810001
36.810001
36.810001
36.810001
36.810001
36.810001
36.810001
36.810001
36.810001
37.680000
37.680000
37.680000
37.680000
37.680000
37.680000
37.680000
37.680000
37.680000
37.680000
37.680000
38.549999
38.549999
38.549999
38.549999
38.549999
38.549999
38.549999
38.549999
38.549999
38.549999
38.549999
39.419998
39.419998
39.419998
39.419998
39.419998
39.419998
39.419998
39.419998
39.419998
39.419998
39.419998
39.419998
40.299999
40.299999
40.299999
40.299999
40.299999
40.299999
40.299999
40.299999
40.299999
41.169998
41.169998
41.169998
41.169998
41.169998
41.169998
42.040001
42.040001
42.040001
42.040001
42.040001
42.040001
42.040001
42.040001
42.040001
42.040001
42.910000
42.910000
42.910000
42.910000
42.910000
42.910000
42.910000
42.910000
42.910000
42.910000
42.910000
43.790001
43.790001
43.790001
43.790001
43.790001
43.790001
43.790001
43.790001
44.660000
44.660000
44.660000
44.660000
44.660000
44.660000
44.660000
44.660000
44.660000
45.529999
45.529999
45.529999
45.529999
45.529999
45.529999
45.529999
45.529999
45.529999
45.529999
45.529999
45.529999
45.529999
45.529999
45.529999
45.529999
45.529999
45.529999
45.529999
45.529999
45.529999
45.529999
45.529999
45.529999
45.529999
46.400002
46.400002
46.400002
46.400002
46.400002
46.400002
46.400002
46.400002
46.400002
46.400002
46.400002
46.400002
47.279999
47.279999
47.279999
47.279999
47.279999
47.279999
47.279999
47.279999
52.380001
52.380001
52.380001
52.380001
52.380001
52.380001
52.380001
52.380001
52.380001
57.480000
57.480000
57.480000
57.480000
57.480000
57.480000
57.480000
57.480000
57.480000
57.480000
57.480000
62.580002
62.580002
62.580002
62.580002
62.580002
62.580002
62.580002
67.680000
67.680000
67.680000
67.680000
67.680000
67.680000
67.680000
71.500000
71.500000
71.500000
71.500000
71.500000
71.500000
71.500000
71.500000
