0.000000
0.000000
0.000000
0.000000
0.000000
0.000000
0.000000
0.000000
0.000000
0.000000
0.000000
0.000000
0.000000
0.000000
0.000000
0.000000
0.000000
0.000000
0.000000
0.000000
0.000000
0.000000
0.000000
0.000000
0.000000
0.000000
0.000000
0.000000
0.000000
0.000000
0.000000
0.000000
0.000000
0.000000
0.000000
0.000000
0.000000
0.000000
0.000000
0.000000
0.000000
0.000000
0.000000
0.000000
0.000000
0.000000
0.000000
0.000000
0.000000
0.000000
0.000000
0.000000
0.000000
0.000000
0.000000
0.000000
0.000000
0.000000
0.234800
0.234800
0.234800
0.234800
0.234800
0.234800
0.234800
0.234800
0.234800
0.234800
0.234800
0.234800
0.234800
0.234800
0.234800
0.234800
0.385600
0.385600
0.385600
0.385600
0.385600
0.385600
0.536500
0.536500
0.536500
0.536500
0.536500
0.536500
0.536500
0.536500
0.536500
0.536500
0.536500
0.687400
0.687400
0.687400
0.687400
0.687400
0.687400
0.687400
0.687400
0.687400
0.687400
0.687400
0.838200
0.838200
0.838200
0.838200
0.838200
0.838200
0.989100
0.989100
0.989100
0.989100
0.989100
0.989100
1.140000
1.140000
1.140000
1.140000
1.140000
1.140000
1.140000
1.140000
1.140000
1.140000
1.291000
1.291000
1.291000
1.291000
1.291000
1.291000
1.291000
1.442000
1.442000
1.442000
1.442000
1.442000
1.442000
1.442000
1.442000
1.442000
1.442000
1.593000
1.593000
1.593000
1.593000
1.593000
1.743000
1.743000
1.743000
1.743000
1.743000
1.743000
1.743000
1.743000
1.743000
1.894000
1.894000
1.894000
1.894000
1.894000
1.894000
1.894000
1.894000
1.894000
2.045000
2.045000
2.045000
2.045000
2.196000
2.196000
2.196000
2.196000
2.196000
2.196000
2.196000
2.196000
2.196000
2.196000
2.196000
2.196000
2.196000
2.347000
2.347000
2.347000
2.347000
2.347000
2.347000
2.347000
2.347000
2.347000
2.347000
2.498000
2.498000
2.498000
2.498000
2.498000
2.498000
2.498000
2.498000
2.498000
2.498000
2.498000
2.498000
2.498000
2.498000
2.649000
2.649000
2.649000
2.649000
2.649000
2.649000
2.649000
2.800000
2.800000
2.800000
2.800000
2.800000
2.800000
2.800000
2.800000
2.800000
2.800000
2.800000
2.800000
2.800000
2.950000
2.950000
2.950000
2.950000
2.950000
2.950000
2.950000
2.950000
2.950000
2.950000
2.950000
3.101000
3.101000
3.101000
3.101000
3.101000
3.101000
3.101000
3.252000
3.252000
3.252000
3.252000
3.252000
3.252000
3.252000
3.252000
3.252000
3.252000
3.403000
3.403000
3.403000
3.403000
3.403000
3.403000
3.403000
3.403000
3.403000
3.403000
3.403000
3.403000
3.403000
3.403000
3.554000
3.554000
3.554000
3.554000
3.554000
3.554000
3.705000
3.705000
3.705000
3.705000
3.705000
3.705000
3.705000
3.856000
3.856000
3.856000
3.856000
3.856000
3.856000
3.856000
3.856000
3.856000
3.856000
3.856000
3.856000
3.856000
4.006000
4.006000
4.006000
4.006000
4.006000
4.006000
4.006000
4.006000
4.006000
4.006000
4.006000
4.006000
4.006000
4.006000
4.157000
4.157000
4.157000
4.157000
4.157000
4.157000
4.157000
4.157000
4.157000
4.157000
4.157000
4.308000
4.308000
4.308000
4.308000
4.308000
4.308000
4.308000
4.308000
4.308000
4.459000
4.459000
4.459000
4.459000
4.459000
4.459000
4.459000
4.459000
4.459000
4.459000
4.459000
4.610000
4.610000
4.610000
4.610000
4.610000
4.610000
4.610000
4.761000
4.761000
4.761000
4.761000
4.761000
4.761000
4.761000
4.761000
4.912000
4.912000
4.912000
4.912000
4.912000
4.912000
4.912000
4.912000
4.912000
5.063000
5.063000
5.063000
5.063000
5.063000
5.063000
5.063000
5.063000
5.063000
5.063000
5.063000
5.213000
5.213000
5.213000
5.213000
5.213000
5.213000
5.213000
5.213000
5.213000
5.213000
5.213000
5.364000
5.364000
5.364000
5.364000
5.364000
5.364000
5.364000
5.364000
5.364000
5.364000
5.364000
5.364000
5.364000
5.364000
5.364000
5.364000
5.364000
5.364000
5.515000
5.515000
5.515000
5.515000
5.515000
5.515000
5.515000
5.515000
5.666000
5.666000
5.666000
5.666000
5.817000
5.817000
5.817000
5.817000
5.817000
5.817000
5.817000
5.817000
5.817000
5.968000
5.968000
5.968000
5.968000
5.968000
5.968000
5.968000
5.968000
5.968000
5.968000
5.968000
6.119000
6.119000
6.119000
6.119000
6.119000
6.119000
6.119000
6.119000
6.119000
6.119000
6.119000
6.270000
6.270000
6.270000
6.270000
6.420000
6.420000
6.420000
6.420000
6.420000
6.420000
6.420000
6.571000
6.571000
6.571000
6.571000
6.571000
6.571000
6.571000
6.571000
6.571000
6.722000
6.722000
6.722000
6.722000
6.722000
6.873000
6.873000
6.873000
6.873000
6.873000
6.873000
6.873000
6.873000
7.024000
7.024000
7.024000
7.024000
7.024000
7.024000
7.024000
8.210000
8.210000
8.210000
8.210000
8.210000
8.210000
8.210000
8.210000
9.396000
9.396000
9.396000
9.396000
9.396000
9.396000
9.396000
9.396000
9.396000
9.396000
9.396000
9.396000
10.580000
10.580000
10.580000
10.580000
10.580000
10.580000
10.580000
10.580000
10.580000
11.770000
11.770000
11.770000
11.770000
11.770000
11.770000
11.770000
11.770000
11.770000
11.770000
11.770000
11.770000
12.950000
12.950000
12.950000
12.950000
12.950000
12.950000
12.950000
12.950000
14.140000
14.140000
14.140000
14.140000
14.140000
14.140000
14.140000
14.140000
14.140000
14.140000
15.330000
15.330000
15.330000
15.330000
15.330000
15.330000
15.330000
15.330000
15.330000
15.330000
15.330000
15.330000
15.330000
15.330000
15.330000
15.330000
15.330000
16.510000
16.510000
16.510000
16.510000
16.510000
16.510000
16.510000
16.510000
16.510000
16.510000
16.510000
17.700001
17.700001
17.700001
17.700001
17.700001
17.700001
17.700001
17.700001
17.700001
17.700001
17.700001
17.700001
17.700001
18.879999
18.879999
18.879999
18.879999
18.879999
18.879999
20.070000
20.070000
20.070000
20.070000
20.070000
20.070000
20.070000
20.070000
20.070000
20.070000
20.070000
20.070000
20.070000
20.070000
21.260000
21.260000
21.260000
21.260000
21.260000
21.260000
21.260000
21.260000
21.260000
21.260000
21.260000
21.260000
21.260000
21.260000
22.440001
22.440001
22.440001
22.440001
22.440001
22.440001
23.629999
23.629999
23.629999
23.629999
23.629999
23.629999
23.629999
24.809999
24.809999
24.809999
24.809999
24.809999
24.809999
24.809999
24.809999
24.809999
24.809999
24.809999
26.000000
26.000000
26.000000
26.000000
26.000000
26.000000
26.000000
26.000000
26.000000
26.000000
26.000000
26.000000
26.000000
26.000000
26.000000
27.180000
27.180000
27.180000
27.180000
27.180000
27.180000
27.180000
27.180000
27.180000
27.180000
27.180000
27.180000
28.370001
28.370001
28.370001
28.370001
28.370001
28.370001
28.370001
28.370001
28.370001
28.370001
28.370001
28.370001
29.559999
29.559999
29.559999
29.559999
29.559999
29.559999
29.559999
29.559999
29.559999
29.559999
29.559999
29.559999
30.740000
30.740000
30.740000
30.740000
30.740000
30.740000
30.740000
30.740000
31.930000
31.930000
31.930000
31.930000
31.930000
31.930000
31.930000
31.930000
31.930000
31.930000
31.930000
31.930000
31.930000
33.110001
33.110001
33.110001
33.110001
33.110001
33.110001
33.110001
33.110001
34.299999
34.299999
34.299999
34.299999
34.299999
34.299999
34.299999
34.299999
35.490002
35.490002
35.490002
35.490002
35.490002
35.490002
35.490002
35.490002
35.490002
35.490002
35.490002
35.490002
35.490002
35.490002
36.669998
36.669998
36.669998
36.669998
36.669998
36.669998
36.669998
36.669998
36.669998
37.860001
37.860001
37.860001
37.860001
37.860001
37.860001
37.860001
37.860001
37.860001
37.860001
37.860001
37.860001
39.040001
39.040001
39.040001
39.040001
39.040001
39.040001
40.230000
40.230000
40.230000
40.230000
40.230000
40.230000
40.230000
40.230000
40.230000
40.230000
41.419998
41.419998
41.419998
41.419998
41.419998
41.419998
41.419998
41.419998
41.419998
41.419998
41.419998
42.599998
42.599998
42.599998
42.599998
42.599998
42.599998
42.599998
42.599998
42.599998
42.599998
42.599998
42.599998
43.790001
43.790001
43.790001
43.790001
43.790001
43.790001
43.790001
43.790001
43.790001
43.790001
43.790001
43.790001
43.790001
44.970001
44.970001
44.970001
44.970001
44.970001
44.970001
44.970001
46.160000
46.160000
46.160000
46.160000
46.160000
46.160000
46.160000
46.160000
46.160000
46.160000
46.160000
46.160000
46.160000
46.160000
46.160000
46.160000
46.160000
47.349998
47.349998
47.349998
47.349998
47.349998
47.349998
47.349998
47.349998
48.529999
48.529999
48.529999
48.529999
48.529999
48.529999
48.529999
48.529999
48.529999
49.720001
49.720001
49.720001
49.720001
49.720001
49.720001
49.720001
49.720001
49.720001
49.720001
50.900002
50.900002
50.900002
50.900002
50.900002
52.090000
52.090000
52.090000
52.090000
53.279999
53.279999
53.279999
53.279999
53.279999
53.279999
53.279999
53.279999
53.279999
53.279999
53.279999
54.459999
54.459999
54.459999
54.459999
54.459999
54.459999
54.459999
54.459999
54.459999
54.459999
54.459999
55.650002
55.650002
55.650002
55.650002
55.650002
55.650002
55.650002
55.650002
55.650002
55.650002
55.650002
55.650002
56.830002
56.830002
56.830002
56.830002
56.830002
56.830002
56.830002
56.830002
56.830002
56.830002
56.830002
58.020000
58.020000
58.020000
58.020000
58.020000
58.020000
58.020000
58.020000
58.020000
59.200001
59.200001
59.200001
59.200001
59.200001
59.200001
59.200001
59.200001
60.389999
60.389999
60.389999
60.389999
60.389999
60.389999
60.389999
60.389999
60.389999
60.389999
60.389999
65.769997
65.769997
65.769997
65.769997
65.769997
65.769997
65.769997
65.769997
65.769997
65.769997
71.150002
71.150002
71.150002
71.150002
71.150002
71.150002
71.150002
71.150002
71.150002
71.150002
71.150002
71.150002
71.150002
76.529999
76.529999
76.529999
76.529999
76.529999
76.529999
76.529999
76.529999
76.529999
76.529999
76.529999
81.900002
81.900002
81.900002
81.900002
81.900002
81.900002
81.900002
85.940002
85.940002
85.940002
85.940002
85.940002
85.940002
85.940002
85.940002
