0.000000
0.000000
0.000000
0.000000
0.000000
0.000000
0.000000
0.000000
0.000000
0.000000
0.000000
0.000000
0.000000
0.000000
0.000000
0.000000
0.000000
0.000000
0.000000
0.000000
0.000000
0.000000
0.000000
0.000000
0.000000
0.000000
0.000000
0.000000
0.000000
0.000000
0.000000
0.000000
0.000000
0.000000
0.000000
0.000000
0.000000
0.000000
0.000000
0.000000
0.000000
0.000000
0.000000
0.000000
0.000000
0.000000
0.000000
0.000000
0.000000
0.000000
0.000000
0.000000
0.000000
0.058140
0.058140
0.058140
0.058140
0.058140
0.058140
0.058140
0.058140
0.058140
0.058140
0.058140
0.058140
0.058140
0.058140
0.058140
0.161900
0.161900
0.161900
0.161900
0.161900
0.161900
0.161900
0.161900
0.265700
0.265700
0.265700
0.265700
0.265700
0.265700
0.265700
0.265700
0.265700
0.265700
0.369500
0.369500
0.369500
0.369500
0.369500
0.369500
0.369500
0.369500
0.369500
0.369500
0.369500
0.473400
0.473400
0.473400
0.473400
0.473400
0.473400
0.473400
0.577200
0.577200
0.577200
0.577200
0.577200
0.577200
0.577200
0.577200
0.577200
0.577200
0.577200
0.577200
0.577200
0.577200
0.681000
0.681000
0.681000
0.681000
0.681000
0.681000
0.681000
0.681000
0.681000
0.681000
0.681000
0.784800
0.784800
0.784800
0.784800
0.784800
0.784800
0.784800
0.784800
0.784800
0.888600
0.888600
0.888600
0.888600
0.888600
0.888600
0.888600
0.888600
0.888600
0.888600
0.888600
0.888600
0.888600
0.992400
0.992400
0.992400
0.992400
0.992400
0.992400
0.992400
0.992400
0.992400
0.992400
0.992400
1.096000
1.096000
1.096000
1.096000
1.096000
1.096000
1.200000
1.200000
1.200000
1.200000
1.200000
1.200000
1.200000
1.200000
1.200000
1.200000
1.200000
1.200000
1.200000
1.200000
1.200000
1.200000
1.200000
1.200000
1.200000
1.304000
1.304000
1.304000
1.304000
1.304000
1.304000
1.304000
1.304000
1.304000
1.408000
1.408000
1.408000
1.408000
1.511000
1.511000
1.511000
1.511000
1.511000
1.511000
1.511000
1.511000
1.511000
1.511000
1.615000
1.615000
1.615000
1.615000
1.615000
1.615000
1.615000
1.615000
1.615000
1.615000
1.719000
1.719000
1.719000
1.719000
1.719000
1.719000
1.719000
1.719000
1.823000
1.823000
1.823000
1.823000
1.823000
1.823000
1.823000
1.823000
1.823000
1.823000
1.823000
1.823000
1.927000
1.927000
1.927000
1.927000
1.927000
1.927000
1.927000
1.927000
1.927000
1.927000
1.927000
1.927000
1.927000
1.927000
2.030000
2.030000
2.030000
2.030000
2.030000
2.030000
2.030000
2.134000
2.134000
2.134000
2.134000
2.134000
2.134000
2.134000
2.134000
2.134000
2.134000
2.134000
2.238000
2.238000
2.238000
2.238000
2.238000
2.238000
2.238000
2.238000
2.342000
2.342000
2.342000
2.342000
2.342000
2.342000
2.342000
2.342000
2.342000
2.342000
2.342000
2.446000
2.446000
2.446000
2.446000
2.446000
2.446000
2.446000
2.549000
2.549000
2.549000
2.549000
2.549000
2.549000
2.549000
2.549000
2.549000
2.549000
2.653000
2.653000
2.653000
2.653000
2.653000
2.653000
2.757000
2.757000
2.757000
2.757000
2.757000
2.757000
2.757000
2.757000
2.757000
2.757000
2.861000
2.861000
2.861000
2.965000
2.965000
2.965000
2.965000
2.965000
2.965000
2.965000
2.965000
2.965000
2.965000
2.965000
2.965000
2.965000
2.965000
3.068000
3.068000
3.068000
3.068000
3.068000
3.068000
3.068000
3.068000
3.068000
3.172000
3.172000
3.172000
3.172000
3.172000
3.172000
3.172000
3.172000
3.172000
3.276000
3.276000
3.276000
3.276000
3.276000
3.276000
3.276000
3.276000
3.276000
3.276000
3.276000
3.276000
3.380000
3.380000
3.380000
3.380000
3.380000
3.380000
3.380000
3.380000
3.380000
3.380000
3.484000
3.484000
3.484000
3.484000
3.587000
3.587000
3.587000
3.587000
3.691000
3.691000
3.691000
3.691000
3.691000
3.691000
3.691000
3.691000
3.691000
3.691000
3.795000
3.795000
3.795000
3.795000
3.795000
3.795000
3.795000
3.795000
3.899000
3.899000
3.899000
3.899000
3.899000
3.899000
3.899000
3.899000
4.003000
4.003000
4.003000
4.003000
4.003000
4.003000
4.003000
4.003000
4.106000
4.106000
4.106000
4.106000
4.106000
4.106000
4.106000
4.106000
4.106000
4.106000
4.106000
4.210000
4.210000
4.210000
4.210000
4.210000
4.210000
4.210000
4.210000
4.210000
4.210000
4.314000
4.314000
4.314000
4.314000
4.314000
4.314000
4.314000
4.314000
4.314000
4.314000
4.418000
4.418000
4.418000
4.418000
4.418000
4.418000
4.418000
4.418000
4.418000
4.522000
4.522000
4.522000
4.522000
4.522000
4.522000
4.522000
4.522000
4.522000
4.626000
4.626000
4.626000
4.626000
4.626000
4.626000
4.626000
4.729000
4.729000
4.729000
4.729000
4.729000
4.729000
4.729000
4.729000
4.729000
4.729000
4.729000
4.729000
4.729000
4.729000
4.729000
4.729000
4.729000
5.411000
5.411000
5.411000
5.411000
5.411000
5.411000
5.411000
5.411000
5.411000
5.411000
6.092000
6.092000
6.092000
6.092000
6.092000
6.092000
6.092000
6.773000
6.773000
6.773000
6.773000
6.773000
6.773000
6.773000
6.773000
6.773000
6.773000
6.773000
6.773000
7.455000
7.455000
7.455000
7.455000
7.455000
7.455000
7.455000
7.455000
7.455000
7.455000
7.455000
7.455000
8.136000
8.136000
8.136000
8.136000
8.136000
8.136000
8.817000
8.817000
8.817000
8.817000
8.817000
8.817000
8.817000
8.817000
9.499000
9.499000
9.499000
9.499000
9.499000
9.499000
9.499000
9.499000
9.499000
10.180000
10.180000
10.180000
10.180000
10.180000
10.180000
10.180000
10.180000
10.180000
10.180000
10.180000
10.180000
10.180000
10.180000
10.860000
10.860000
10.860000
10.860000
10.860000
10.860000
10.860000
10.860000
10.860000
10.860000
10.860000
10.860000
10.860000
10.860000
10.860000
11.540000
11.540000
11.540000
11.540000
11.540000
11.540000
11.540000
11.540000
11.540000
11.540000
11.540000
11.540000
11.540000
11.540000
11.540000
12.220000
12.220000
12.220000
12.220000
12.220000
12.220000
12.220000
12.220000
12.220000
12.220000
12.220000
12.220000
12.910000
12.910000
12.910000
12.910000
12.910000
12.910000
12.910000
12.910000
12.910000
12.910000
12.910000
12.910000
12.910000
12.910000
12.910000
12.910000
13.590000
13.590000
13.590000
13.590000
13.590000
13.590000
13.590000
13.590000
13.590000
13.590000
13.590000
13.590000
13.590000
14.270000
14.270000
14.270000
14.270000
14.270000
14.270000
14.270000
14.950000
14.950000
14.950000
14.950000
14.950000
14.950000
14.950000
14.950000
15.630000
15.630000
15.630000
15.630000
15.630000
15.630000
16.309999
16.309999
16.309999
16.309999
16.309999
16.309999
16.309999
16.309999
16.309999
16.990000
16.990000
16.990000
16.990000
16.990000
16.990000
16.990000
16.990000
16.990000
17.670000
17.670000
17.670000
17.670000
17.670000
17.670000
17.670000
17.670000
17.670000
17.670000
17.670000
17.670000
17.670000
18.360001
18.360001
18.360001
18.360001
18.360001
18.360001
18.360001
18.360001
19.040001
19.040001
19.040001
19.040001
19.040001
19.040001
19.040001
19.040001
19.040001
19.719999
19.719999
19.719999
19.719999
19.719999
19.719999
20.400000
20.400000
20.400000
20.400000
20.400000
20.400000
20.400000
20.400000
20.400000
20.400000
21.080000
21.080000
21.080000
21.080000
21.080000
21.080000
21.080000
21.080000
21.080000
21.080000
21.760000
21.760000
21.760000
21.760000
21.760000
21.760000
21.760000
21.760000
21.760000
21.760000
21.760000
21.760000
21.760000
21.760000
22.440001
22.440001
22.440001
22.440001
22.440001
22.440001
23.129999
23.129999
23.129999
23.129999
23.129999
23.129999
23.129999
23.129999
23.129999
23.129999
23.129999
23.129999
23.129999
23.809999
23.809999
23.809999
23.809999
23.809999
23.809999
23.809999
23.809999
24.490000
24.490000
24.490000
24.490000
24.490000
24.490000
24.490000
24.490000
24.490000
24.490000
24.490000
24.490000
24.490000
24.490000
24.490000
25.170000
25.170000
25.170000
25.170000
25.170000
25.170000
25.850000
25.850000
25.850000
25.850000
25.850000
25.850000
25.850000
25.850000
25.850000
25.850000
25.850000
25.850000
25.850000
26.530001
26.530001
26.530001
26.530001
26.530001
26.530001
26.530001
26.530001
26.530001
26.530001
26.530001
26.530001
27.209999
27.209999
27.209999
27.209999
27.209999
27.209999
27.209999
27.209999
27.209999
27.209999
27.209999
27.209999
27.209999
27.900000
27.900000
27.900000
27.900000
27.900000
27.900000
27.900000
27.900000
27.900000
28.580000
28.580000
28.580000
28.580000
28.580000
28.580000
28.580000
28.580000
28.580000
29.260000
29.260000
29.260000
29.260000
29.260000
29.260000
29.260000
29.260000
29.260000
29.940001
29.940001
29.940001
29.940001
29.940001
29.940001
29.940001
29.940001
29.940001
29.940001
29.940001
29.940001
29.940001
29.940001
29.940001
30.620001
30.620001
30.620001
30.620001
30.620001
30.620001
30.620001
31.299999
31.299999
31.299999
31.299999
31.299999
31.299999
31.299999
31.299999
31.299999
31.980000
31.980000
31.980000
31.980000
31.980000
31.980000
31.980000
31.980000
31.980000
31.980000
31.980000
31.980000
32.660000
32.660000
32.660000
32.660000
32.660000
32.660000
32.660000
32.660000
32.660000
32.660000
33.349998
33.349998
33.349998
33.349998
33.349998
33.349998
34.029999
34.029999
34.029999
34.029999
34.029999
34.029999
34.029999
34.029999
34.029999
34.029999
34.029999
34.709999
34.709999
34.709999
34.709999
34.709999
34.709999
34.709999
35.389999
35.389999
35.389999
35.389999
35.389999
35.389999
35.389999
35.389999
35.389999
35.389999
35.389999
35.389999
35.389999
35.389999
43.060001
43.060001
43.060001
43.060001
43.060001
43.060001
43.060001
43.060001
50.730000
50.730000
50.730000
50.730000
50.730000
58.400002
58.400002
58.400002
58.400002
58.400002
58.400002
58.400002
66.070000
66.070000
66.070000
66.070000
66.070000
66.070000
66.070000
66.070000
66.070000
66.070000
66.070000
66.070000
66.070000
71.820000
71.820000
71.820000
71.820000
71.820000
71.820000
71.820000
71.820000
71.820000
