0.000000
0.000000
0.000000
0.000000
0.000000
0.000000
0.000000
0.000000
0.000000
0.000000
0.000000
0.000000
0.000000
0.000000
0.000000
0.000000
0.000000
0.000000
0.000000
0.000000
0.000000
0.000000
0.000000
0.000000
0.000000
0.000000
0.000000
0.000000
0.000000
0.000000
0.000000
0.000000
0.000000
0.000000
0.000000
0.000000
0.000000
0.000000
0.000000
0.000000
0.000000
0.000000
0.000000
0.000000
0.000000
0.000000
0.000000
0.000000
0.000000
0.000000
0.000000
1.188000
1.188000
1.188000
1.188000
1.188000
1.188000
1.188000
1.437000
1.437000
1.437000
1.437000
1.437000
1.437000
1.437000
1.437000
1.437000
1.437000
1.437000
1.437000
1.437000
1.686000
1.686000
1.686000
1.686000
1.686000
1.686000
1.686000
1.686000
1.686000
1.686000
1.686000
1.934000
1.934000
1.934000
1.934000
1.934000
1.934000
1.934000
2.183000
2.183000
2.183000
2.183000
2.183000
2.183000
2.183000
2.183000
2.183000
2.183000
2.431000
2.431000
2.431000
2.431000
2.431000
2.431000
2.431000
2.431000
2.680000
2.680000
2.680000
2.680000
2.680000
2.680000
2.680000
2.928000
2.928000
2.928000
2.928000
2.928000
2.928000
2.928000
2.928000
2.928000
2.928000
2.928000
2.928000
3.177000
3.177000
3.177000
3.177000
3.177000
3.177000
3.177000
3.426000
3.426000
3.426000
3.426000
3.426000
3.426000
3.426000
3.426000
3.426000
3.426000
3.426000
3.426000
3.426000
3.426000
3.426000
3.426000
3.674000
3.674000
3.674000
3.674000
3.674000
3.674000
3.923000
3.923000
3.923000
3.923000
3.923000
3.923000
3.923000
3.923000
3.923000
3.923000
3.923000
3.923000
4.171000
4.171000
4.171000
4.171000
4.171000
4.171000
4.171000
4.171000
4.171000
4.171000
4.171000
4.171000
4.171000
4.420000
4.420000
4.420000
4.420000
4.420000
4.420000
4.420000
4.420000
4.420000
4.420000
4.420000
4.420000
4.668000
4.668000
4.668000
4.668000
4.668000
4.668000
4.668000
4.668000
4.668000
4.668000
4.668000
4.668000
4.668000
4.917000
4.917000
4.917000
4.917000
4.917000
4.917000
4.917000
4.917000
4.917000
4.917000
4.917000
4.917000
4.917000
4.917000
4.917000
4.917000
5.166000
5.166000
5.166000
5.166000
5.166000
5.166000
5.166000
5.414000
5.414000
5.414000
5.414000
5.414000
5.414000
5.414000
5.663000
5.663000
5.663000
5.663000
5.663000
5.663000
5.663000
5.663000
5.663000
5.663000
5.911000
5.911000
5.911000
5.911000
5.911000
5.911000
5.911000
5.911000
5.911000
5.911000
6.160000
6.160000
6.160000
6.160000
6.160000
6.160000
6.160000
6.408000
6.408000
6.408000
6.408000
6.408000
6.408000
6.657000
6.657000
6.657000
6.657000
6.906000
6.906000
6.906000
6.906000
6.906000
6.906000
6.906000
7.154000
7.154000
7.154000
7.154000
7.154000
7.154000
7.154000
7.154000
7.154000
7.154000
7.403000
7.403000
7.403000
7.403000
7.403000
7.403000
7.403000
7.403000
7.403000
7.403000
7.651000
7.651000
7.651000
7.651000
7.651000
7.651000
7.651000
7.651000
7.651000
7.900000
7.900000
7.900000
7.900000
7.900000
7.900000
7.900000
7.900000
7.900000
8.148000
8.148000
8.148000
8.148000
8.148000
8.148000
8.148000
8.148000
8.148000
8.148000
8.148000
8.148000
8.148000
8.148000
8.148000
8.397000
8.397000
8.397000
8.397000
8.397000
8.397000
8.397000
8.397000
8.397000
8.397000
8.646000
8.646000
8.646000
8.646000
8.646000
8.646000
8.646000
8.646000
8.646000
8.894000
8.894000
8.894000
8.894000
8.894000
8.894000
8.894000
8.894000
8.894000
9.143000
9.143000
9.143000
9.143000
9.143000
9.143000
9.143000
9.143000
9.143000
9.391000
9.391000
9.391000
9.391000
9.391000
9.391000
9.391000
9.391000
9.391000
9.391000
9.391000
9.391000
9.640000
9.640000
9.640000
9.640000
9.640000
9.640000
9.640000
9.640000
9.640000
9.640000
9.888000
9.888000
9.888000
9.888000
9.888000
9.888000
9.888000
9.888000
9.888000
9.888000
10.140000
10.140000
10.140000
10.140000
10.140000
10.140000
10.390000
10.390000
10.390000
10.390000
10.390000
10.390000
10.390000
10.390000
10.390000
10.390000
10.630000
10.630000
10.630000
10.630000
10.630000
10.630000
10.630000
10.630000
10.630000
10.880000
10.880000
10.880000
10.880000
10.880000
10.880000
10.880000
10.880000
10.880000
10.880000
10.880000
10.880000
10.880000
10.880000
10.880000
10.880000
10.880000
11.130000
11.130000
11.130000
11.130000
11.130000
11.130000
11.380000
11.380000
11.380000
11.380000
11.380000
11.380000
11.380000
11.380000
11.380000
11.380000
11.380000
11.380000
11.380000
11.380000
11.630000
11.630000
11.630000
11.630000
11.630000
11.630000
11.630000
11.630000
11.630000
11.630000
11.880000
11.880000
11.880000
11.880000
11.880000
11.880000
12.130000
12.130000
12.130000
12.130000
12.130000
12.130000
12.130000
12.130000
12.130000
12.130000
12.130000
12.130000
12.130000
12.130000
12.130000
12.130000
12.130000
12.370000
12.370000
12.370000
12.370000
12.370000
12.370000
12.370000
12.370000
12.370000
12.370000
12.370000
13.020000
13.020000
13.020000
13.020000
13.660000
13.660000
13.660000
13.660000
14.300000
14.300000
14.300000
14.300000
14.300000
14.300000
14.300000
14.300000
14.300000
14.950000
14.950000
14.950000
14.950000
14.950000
14.950000
14.950000
14.950000
14.950000
14.950000
14.950000
15.590000
15.590000
15.590000
15.590000
15.590000
15.590000
15.590000
15.590000
16.230000
16.230000
16.230000
16.230000
16.879999
16.879999
16.879999
16.879999
16.879999
16.879999
16.879999
16.879999
16.879999
16.879999
16.879999
16.879999
16.879999
16.879999
17.520000
17.520000
17.520000
17.520000
17.520000
17.520000
17.520000
17.520000
17.520000
17.520000
17.520000
17.520000
17.520000
18.160000
18.160000
18.160000
18.160000
18.160000
18.809999
18.809999
18.809999
18.809999
18.809999
18.809999
19.450001
19.450001
19.450001
19.450001
19.450001
19.450001
19.450001
19.450001
19.450001
19.450001
19.450001
20.090000
20.090000
20.090000
20.090000
20.090000
20.090000
20.090000
20.090000
20.090000
20.090000
20.090000
20.090000
20.090000
20.090000
20.090000
20.090000
20.090000
20.740000
20.740000
20.740000
20.740000
20.740000
20.740000
20.740000
20.740000
20.740000
20.740000
21.379999
21.379999
21.379999
21.379999
21.379999
22.020000
22.020000
22.660000
22.660000
22.660000
22.660000
22.660000
22.660000
22.660000
22.660000
22.660000
22.660000
22.660000
22.660000
22.660000
22.660000
23.309999
23.309999
23.309999
23.309999
23.309999
23.309999
23.309999
23.950001
23.950001
23.950001
23.950001
23.950001
23.950001
23.950001
23.950001
23.950001
23.950001
23.950001
23.950001
23.950001
24.590000
24.590000
24.590000
24.590000
24.590000
24.590000
24.590000
24.590000
24.590000
24.590000
25.240000
25.240000
25.240000
25.240000
25.240000
25.240000
25.240000
25.240000
25.240000
25.240000
25.879999
25.879999
25.879999
25.879999
25.879999
25.879999
25.879999
25.879999
25.879999
25.879999
25.879999
25.879999
25.879999
25.879999
26.520000
26.520000
26.520000
26.520000
26.520000
26.520000
26.520000
26.520000
26.520000
26.520000
26.520000
26.520000
27.170000
27.170000
27.170000
27.170000
27.170000
27.170000
27.170000
27.170000
27.170000
27.809999
27.809999
27.809999
27.809999
27.809999
27.809999
27.809999
27.809999
27.809999
27.809999
27.809999
27.809999
27.809999
28.450001
28.450001
28.450001
28.450001
28.450001
28.450001
28.450001
28.450001
28.450001
28.450001
28.450001
28.450001
29.100000
29.100000
29.100000
29.100000
29.100000
29.100000
29.100000
29.100000
29.100000
29.100000
29.100000
29.740000
29.740000
29.740000
29.740000
29.740000
29.740000
29.740000
29.740000
29.740000
29.740000
29.740000
30.379999
30.379999
30.379999
30.379999
30.379999
30.379999
30.379999
30.379999
30.379999
30.379999
30.379999
30.379999
30.379999
30.379999
30.379999
31.030001
31.030001
31.030001
31.030001
31.030001
31.030001
31.030001
31.030001
31.030001
31.030001
31.030001
31.030001
31.030001
31.030001
31.030001
31.030001
31.030001
31.030001
31.670000
31.670000
31.670000
31.670000
31.670000
31.670000
31.670000
31.670000
31.670000
31.670000
31.670000
32.310001
32.310001
32.310001
32.310001
32.310001
32.310001
32.310001
32.310001
32.310001
32.310001
32.310001
32.959999
32.959999
32.959999
32.959999
32.959999
32.959999
32.959999
32.959999
32.959999
32.959999
32.959999
32.959999
32.959999
32.959999
32.959999
33.599998
33.599998
33.599998
33.599998
33.599998
33.599998
33.599998
34.240002
34.240002
34.240002
34.240002
34.240002
34.240002
34.240002
34.240002
34.240002
34.240002
34.240002
34.240002
34.240002
34.880001
34.880001
34.880001
34.880001
34.880001
34.880001
34.880001
34.880001
34.880001
34.880001
34.880001
35.529999
35.529999
35.529999
35.529999
35.529999
35.529999
35.529999
35.529999
35.529999
35.529999
35.529999
36.169998
36.169998
36.169998
36.169998
36.169998
36.169998
36.810001
36.810001
36.810001
36.810001
36.810001
36.810001
36.810001
36.810001
36.810001
36.810001
36.810001
36.810001
37.459999
37.459999
37.459999
37.459999
37.459999
37.459999
37.459999
37.459999
37.459999
38.099998
38.099998
38.099998
38.099998
38.099998
38.740002
38.740002
38.740002
38.740002
38.740002
38.740002
38.740002
38.740002
38.740002
38.740002
38.740002
39.389999
39.389999
39.389999
39.389999
39.389999
40.029999
40.029999
40.029999
40.029999
40.029999
40.029999
40.029999
40.029999
40.669998
40.669998
40.669998
40.669998
40.669998
40.669998
40.669998
40.669998
40.669998
40.669998
40.669998
40.669998
41.320000
41.320000
41.320000
41.320000
41.320000
41.320000
46.509998
46.509998
46.509998
46.509998
46.509998
46.509998
46.509998
46.509998
51.709999
51.709999
51.709999
51.709999
51.709999
51.709999
51.709999
51.709999
51.709999
51.709999
51.709999
51.709999
51.709999
51.709999
51.709999
51.709999
51.709999
56.910000
56.910000
56.910000
56.910000
56.910000
56.910000
56.910000
56.910000
56.910000
56.910000
62.099998
62.099998
62.099998
62.099998
62.099998
66.000000
66.000000
66.000000
66.000000
66.000000
66.000000
66.000000
66.000000
