0.000000
0.000000
0.000000
0.000000
0.000000
0.000000
0.000000
0.000000
0.000000
0.000000
0.000000
0.000000
0.000000
0.000000
0.000000
0.000000
0.000000
0.000000
0.000000
0.000000
0.000000
0.000000
0.000000
0.000000
0.000000
0.000000
0.000000
0.000000
0.000000
0.000000
0.000000
0.000000
0.000000
0.000000
0.000000
0.000000
0.000000
0.000000
0.000000
0.000000
0.000000
0.000000
0.000000
0.000000
0.000000
0.000000
0.000000
0.000000
0.000000
0.000000
0.000000
0.000000
0.000000
0.000000
0.000000
0.000000
0.000000
0.000000
0.000000
0.000000
0.000000
0.108300
0.108300
0.108300
0.108300
0.108300
0.108300
0.108300
0.108300
0.188600
0.188600
0.188600
0.188600
0.188600
0.188600
0.188600
0.188600
0.188600
0.268900
0.268900
0.268900
0.268900
0.268900
0.268900
0.268900
0.268900
0.268900
0.268900
0.349100
0.349100
0.349100
0.349100
0.349100
0.349100
0.349100
0.349100
0.429400
0.429400
0.429400
0.429400
0.429400
0.429400
0.429400
0.429400
0.429400
0.429400
0.429400
0.429400
0.429400
0.509700
0.509700
0.509700
0.509700
0.509700
0.509700
0.509700
0.509700
0.509700
0.589900
0.589900
0.589900
0.589900
0.589900
0.589900
0.589900
0.589900
0.670200
0.670200
0.670200
0.670200
0.670200
0.670200
0.670200
0.670200
0.670200
0.750500
0.750500
0.750500
0.750500
0.750500
0.830700
0.830700
0.830700
0.830700
0.830700
0.830700
0.830700
0.830700
0.830700
0.830700
0.830700
0.830700
0.830700
0.911000
0.911000
0.911000
0.911000
0.911000
0.911000
0.911000
0.911000
0.911000
0.911000
0.911000
0.991300
0.991300
0.991300
0.991300
0.991300
0.991300
0.991300
0.991300
0.991300
0.991300
1.072000
1.072000
1.072000
1.072000
1.072000
1.072000
1.072000
1.072000
1.072000
1.072000
1.152000
1.152000
1.152000
1.152000
1.152000
1.152000
1.152000
1.152000
1.152000
1.152000
1.152000
1.152000
1.152000
1.152000
1.232000
1.232000
1.232000
1.232000
1.232000
1.232000
1.232000
1.232000
1.232000
1.312000
1.312000
1.312000
1.312000
1.312000
1.312000
1.312000
1.312000
1.312000
1.312000
1.312000
1.393000
1.393000
1.393000
1.393000
1.393000
1.393000
1.393000
1.473000
1.473000
1.473000
1.473000
1.473000
1.473000
1.473000
1.473000
1.473000
1.473000
1.473000
1.553000
1.553000
1.553000
1.553000
1.553000
1.553000
1.553000
1.553000
1.553000
1.553000
1.553000
1.553000
1.553000
1.553000
1.633000
1.633000
1.633000
1.633000
1.633000
1.633000
1.633000
1.633000
1.633000
1.633000
1.633000
1.714000
1.714000
1.714000
1.714000
1.714000
1.714000
1.714000
1.714000
1.714000
1.714000
1.714000
1.794000
1.794000
1.794000
1.794000
1.794000
1.794000
1.874000
1.874000
1.874000
1.874000
1.874000
1.874000
1.874000
1.874000
1.874000
1.874000
1.954000
1.954000
1.954000
1.954000
1.954000
1.954000
1.954000
1.954000
1.954000
1.954000
1.954000
1.954000
2.035000
2.035000
2.035000
2.035000
2.035000
2.035000
2.035000
2.035000
2.035000
2.035000
2.115000
2.115000
2.115000
2.115000
2.115000
2.115000
2.115000
2.115000
2.115000
2.115000
2.115000
2.115000
2.195000
2.195000
2.195000
2.195000
2.195000
2.195000
2.276000
2.276000
2.276000
2.276000
2.276000
2.276000
2.276000
2.276000
2.276000
2.356000
2.356000
2.356000
2.356000
2.356000
2.356000
2.356000
2.356000
2.356000
2.356000
2.356000
2.356000
2.356000
2.436000
2.436000
2.436000
2.436000
2.436000
2.436000
2.436000
2.436000
2.436000
2.436000
2.436000
2.436000
2.436000
2.436000
2.436000
2.436000
2.436000
2.516000
2.516000
2.516000
2.516000
2.516000
2.516000
2.516000
2.597000
2.597000
2.597000
2.597000
2.597000
2.597000
2.597000
2.677000
2.677000
2.677000
2.677000
2.757000
2.757000
2.757000
2.757000
2.757000
2.757000
2.757000
2.837000
2.837000
2.837000
2.837000
2.837000
2.837000
2.837000
2.837000
2.837000
2.837000
2.837000
2.918000
2.918000
2.918000
2.918000
2.918000
2.918000
2.918000
2.918000
2.918000
2.918000
2.918000
2.918000
2.918000
2.918000
2.918000
2.918000
2.998000
2.998000
2.998000
2.998000
2.998000
2.998000
2.998000
2.998000
2.998000
2.998000
2.998000
3.078000
3.078000
3.078000
3.078000
3.078000
3.078000
3.078000
3.078000
3.078000
3.078000
3.078000
3.078000
3.158000
3.158000
3.158000
3.158000
3.158000
3.158000
3.158000
3.239000
3.239000
3.239000
3.239000
3.239000
3.239000
3.239000
3.239000
3.239000
3.239000
3.239000
3.319000
3.319000
3.319000
3.319000
3.319000
3.319000
3.319000
3.399000
3.399000
3.399000
3.399000
3.399000
3.399000
3.399000
3.399000
3.399000
3.480000
3.480000
3.480000
3.480000
3.480000
3.480000
3.480000
3.560000
3.560000
3.560000
3.560000
3.560000
3.560000
3.560000
3.560000
3.560000
3.560000
3.560000
3.640000
3.640000
3.640000
3.640000
3.640000
3.640000
3.640000
3.640000
3.640000
3.720000
3.720000
3.720000
3.720000
3.720000
3.720000
3.720000
3.720000
3.720000
5.015000
5.015000
5.015000
5.015000
5.015000
5.015000
5.015000
5.015000
5.015000
5.015000
5.015000
5.015000
5.015000
6.310000
6.310000
6.310000
6.310000
6.310000
6.310000
6.310000
7.606000
7.606000
7.606000
7.606000
7.606000
7.606000
7.606000
7.606000
7.606000
7.606000
7.606000
8.901000
8.901000
8.901000
8.901000
8.901000
8.901000
8.901000
8.901000
8.901000
8.901000
8.901000
8.901000
8.901000
8.901000
8.901000
8.901000
8.901000
10.200000
10.200000
10.200000
10.200000
10.200000
10.200000
10.200000
10.200000
10.200000
10.200000
11.490000
11.490000
11.490000
11.490000
11.490000
11.490000
11.490000
11.490000
11.490000
11.490000
11.490000
11.490000
11.490000
11.490000
12.790000
12.790000
12.790000
12.790000
12.790000
12.790000
12.790000
14.080000
14.080000
14.080000
14.080000
14.080000
14.080000
14.080000
14.080000
14.080000
15.380000
15.380000
15.380000
15.380000
15.380000
16.670000
16.670000
16.670000
16.670000
16.670000
16.670000
16.670000
16.670000
16.670000
16.670000
16.670000
16.670000
16.670000
17.969999
17.969999
17.969999
17.969999
17.969999
17.969999
17.969999
19.260000
19.260000
19.260000
19.260000
19.260000
19.260000
19.260000
20.559999
20.559999
20.559999
20.559999
20.559999
20.559999
20.559999
20.559999
20.559999
20.559999
20.559999
21.850000
21.850000
21.850000
21.850000
21.850000
21.850000
21.850000
21.850000
21.850000
21.850000
21.850000
23.150000
23.150000
23.150000
23.150000
23.150000
23.150000
23.150000
23.150000
23.150000
23.150000
23.150000
23.150000
24.440001
24.440001
24.440001
24.440001
24.440001
24.440001
24.440001
25.740000
25.740000
25.740000
25.740000
25.740000
25.740000
25.740000
25.740000
25.740000
25.740000
25.740000
25.740000
25.740000
27.030001
27.030001
27.030001
27.030001
27.030001
27.030001
27.030001
27.030001
28.330000
28.330000
28.330000
28.330000
28.330000
28.330000
28.330000
29.620001
29.620001
29.620001
29.620001
29.620001
29.620001
29.620001
29.620001
29.620001
29.620001
29.620001
29.620001
30.920000
30.920000
30.920000
30.920000
30.920000
30.920000
30.920000
30.920000
30.920000
30.920000
32.209999
32.209999
32.209999
32.209999
32.209999
32.209999
32.209999
33.509998
33.509998
33.509998
33.509998
33.509998
33.509998
33.509998
33.509998
33.509998
33.509998
34.799999
34.799999
34.799999
34.799999
34.799999
34.799999
34.799999
34.799999
34.799999
36.099998
36.099998
36.099998
36.099998
36.099998
36.099998
36.099998
36.099998
36.099998
36.099998
37.389999
37.389999
37.389999
37.389999
37.389999
37.389999
37.389999
37.389999
37.389999
37.389999
37.389999
37.389999
38.689999
38.689999
38.689999
38.689999
38.689999
38.689999
38.689999
38.689999
38.689999
38.689999
38.689999
39.980000
39.980000
39.980000
39.980000
39.980000
39.980000
39.980000
39.980000
39.980000
39.980000
41.279999
41.279999
41.279999
41.279999
41.279999
41.279999
41.279999
41.279999
41.279999
41.279999
41.279999
42.570000
42.570000
42.570000
42.570000
42.570000
42.570000
42.570000
42.570000
42.570000
42.570000
42.570000
42.570000
42.570000
42.570000
42.570000
42.570000
42.570000
43.869999
43.869999
43.869999
43.869999
43.869999
43.869999
43.869999
43.869999
45.160000
45.160000
45.160000
45.160000
45.160000
45.160000
45.160000
45.160000
45.160000
45.160000
45.160000
46.459999
46.459999
46.459999
46.459999
46.459999
46.459999
46.459999
46.459999
46.459999
47.750000
47.750000
47.750000
47.750000
47.750000
47.750000
47.750000
47.750000
47.750000
47.750000
49.049999
49.049999
49.049999
49.049999
49.049999
50.340000
50.340000
50.340000
50.340000
50.340000
50.340000
50.340000
51.639999
51.639999
51.639999
51.639999
51.639999
51.639999
51.639999
51.639999
51.639999
51.639999
51.639999
52.930000
52.930000
52.930000
52.930000
52.930000
52.930000
52.930000
52.930000
52.930000
52.930000
52.930000
54.230000
54.230000
54.230000
54.230000
54.230000
55.520000
55.520000
55.520000
55.520000
55.520000
55.520000
55.520000
55.520000
55.520000
56.820000
56.820000
56.820000
56.820000
56.820000
56.820000
56.820000
56.820000
56.820000
56.820000
56.820000
56.820000
58.110001
58.110001
58.110001
58.110001
58.110001
58.110001
58.110001
58.110001
58.110001
58.110001
58.110001
58.110001
58.110001
58.110001
58.110001
58.110001
58.110001
58.110001
59.410000
59.410000
59.410000
59.410000
59.410000
60.700001
60.700001
60.700001
60.700001
60.700001
60.700001
60.700001
60.700001
62.000000
62.000000
62.000000
62.000000
62.000000
62.000000
68.099998
68.099998
68.099998
68.099998
68.099998
68.099998
74.209999
74.209999
74.209999
74.209999
74.209999
74.209999
74.209999
74.209999
74.209999
80.320000
80.320000
80.320000
80.320000
80.320000
80.320000
80.320000
80.320000
80.320000
80.320000
80.320000
80.320000
80.320000
80.320000
86.419998
86.419998
86.419998
86.419998
86.419998
86.419998
91.000000
91.000000
91.000000
91.000000
91.000000
91.000000
91.000000
91.000000
91.000000
91.000000
