0.000000
0.000000
0.000000
0.000000
0.000000
0.000000
0.000000
0.000000
0.000000
0.000000
0.000000
0.000000
0.000000
0.000000
0.000000
0.000000
0.000000
0.000000
0.000000
0.000000
0.000000
0.000000
0.000000
0.000000
0.000000
0.000000
0.000000
0.000000
0.000000
0.000000
0.000000
0.000000
0.000000
0.000000
0.000000
0.000000
0.000000
0.000000
0.000000
0.000000
0.000000
0.000000
0.104800
0.104800
0.104800
0.104800
0.104800
0.104800
0.198100
0.198100
0.198100
0.198100
0.198100
0.198100
0.198100
0.198100
0.291300
0.291300
0.291300
0.291300
0.291300
0.291300
0.291300
0.291300
0.291300
0.291300
0.384600
0.384600
0.384600
0.384600
0.384600
0.384600
0.384600
0.384600
0.384600
0.384600
0.384600
0.477800
0.477800
0.477800
0.477800
0.477800
0.477800
0.477800
0.477800
0.477800
0.477800
0.571000
0.571000
0.571000
0.571000
0.571000
0.571000
0.571000
0.571000
0.571000
0.664300
0.664300
0.664300
0.664300
0.664300
0.664300
0.664300
0.664300
0.664300
0.664300
0.664300
0.664300
0.664300
0.757500
0.757500
0.757500
0.757500
0.757500
0.757500
0.850700
0.850700
0.850700
0.850700
0.850700
0.850700
0.850700
0.850700
0.850700
0.850700
0.850700
0.850700
0.850700
0.850700
0.944000
0.944000
0.944000
0.944000
0.944000
0.944000
0.944000
0.944000
0.944000
0.944000
0.944000
0.944000
0.944000
1.037000
1.037000
1.037000
1.037000
1.037000
1.037000
1.037000
1.037000
1.037000
1.037000
1.037000
1.037000
1.130000
1.130000
1.130000
1.130000
1.130000
1.130000
1.130000
1.130000
1.130000
1.130000
1.130000
1.224000
1.224000
1.224000
1.224000
1.224000
1.224000
1.224000
1.224000
1.317000
1.317000
1.317000
1.317000
1.317000
1.317000
1.317000
1.317000
1.317000
1.317000
1.317000
1.410000
1.410000
1.410000
1.410000
1.410000
1.410000
1.410000
1.410000
1.410000
1.410000
1.410000
1.410000
1.410000
1.503000
1.503000
1.503000
1.503000
1.503000
1.503000
1.503000
1.503000
1.503000
1.597000
1.597000
1.597000
1.597000
1.597000
1.597000
1.690000
1.690000
1.690000
1.690000
1.690000
1.690000
1.690000
1.690000
1.690000
1.690000
1.690000
1.690000
1.783000
1.783000
1.783000
1.783000
1.783000
1.783000
1.783000
1.783000
1.783000
1.876000
1.876000
1.876000
1.876000
1.876000
1.876000
1.876000
1.876000
1.876000
1.876000
1.876000
1.876000
1.970000
1.970000
1.970000
1.970000
1.970000
1.970000
1.970000
1.970000
1.970000
1.970000
1.970000
1.970000
1.970000
2.063000
2.063000
2.063000
2.063000
2.063000
2.063000
2.063000
2.063000
2.063000
2.063000
2.156000
2.156000
2.156000
2.156000
2.156000
2.156000
2.156000
2.156000
2.156000
2.156000
2.156000
2.156000
2.249000
2.249000
2.249000
2.249000
2.249000
2.249000
2.249000
2.249000
2.249000
2.249000
2.249000
2.249000
2.249000
2.342000
2.342000
2.342000
2.342000
2.342000
2.342000
2.342000
2.342000
2.342000
2.342000
2.342000
2.436000
2.436000
2.436000
2.436000
2.436000
2.436000
2.436000
2.436000
2.529000
2.529000
2.529000
2.529000
2.529000
2.529000
2.529000
2.529000
2.529000
2.622000
2.622000
2.622000
2.622000
2.622000
2.622000
2.622000
2.622000
2.622000
2.622000
2.715000
2.715000
2.715000
2.715000
2.715000
2.715000
2.809000
2.809000
2.809000
2.809000
2.809000
2.809000
2.809000
2.809000
2.809000
2.809000
2.902000
2.902000
2.902000
2.902000
2.902000
2.902000
2.902000
2.902000
2.902000
2.902000
2.902000
2.902000
2.902000
2.902000
2.902000
2.995000
2.995000
2.995000
2.995000
2.995000
2.995000
2.995000
3.088000
3.088000
3.088000
3.088000
3.088000
3.088000
3.088000
3.088000
3.088000
3.088000
3.088000
3.088000
3.088000
3.088000
3.182000
3.182000
3.182000
3.182000
3.182000
3.182000
3.182000
3.182000
3.182000
3.182000
3.275000
3.275000
3.275000
3.275000
3.275000
3.275000
3.275000
3.275000
3.275000
3.275000
3.275000
3.368000
3.368000
3.368000
3.368000
3.368000
3.368000
3.368000
3.368000
3.461000
3.461000
3.461000
3.461000
3.461000
3.461000
3.461000
3.461000
3.461000
3.461000
3.461000
3.461000
3.461000
3.555000
3.555000
3.555000
3.555000
3.555000
3.555000
3.555000
3.555000
3.555000
3.648000
3.648000
3.648000
3.648000
3.648000
3.741000
3.741000
3.741000
3.741000
3.741000
3.741000
3.741000
3.741000
3.741000
3.741000
3.834000
3.834000
3.834000
3.834000
3.834000
3.834000
3.834000
3.834000
3.834000
3.834000
3.834000
3.834000
3.927000
3.927000
3.927000
3.927000
3.927000
3.927000
3.927000
3.927000
4.021000
4.021000
4.021000
4.021000
4.021000
4.021000
4.021000
4.021000
4.021000
4.021000
4.021000
4.021000
4.021000
4.021000
4.114000
4.114000
4.114000
4.114000
4.114000
4.114000
4.114000
4.114000
4.114000
4.114000
4.114000
4.114000
4.114000
4.207000
4.207000
4.207000
4.207000
4.207000
4.207000
4.207000
4.300000
4.300000
4.300000
4.300000
4.300000
4.300000
4.644000
4.644000
4.644000
4.644000
4.644000
4.644000
4.987000
4.987000
4.987000
4.987000
4.987000
4.987000
4.987000
4.987000
4.987000
4.987000
5.330000
5.330000
5.330000
5.330000
5.330000
5.330000
5.330000
5.330000
5.674000
5.674000
5.674000
5.674000
5.674000
5.674000
5.674000
5.674000
6.017000
6.017000
6.017000
6.017000
6.017000
6.017000
6.017000
6.017000
6.017000
6.017000
6.017000
6.017000
6.360000
6.360000
6.360000
6.360000
6.360000
6.360000
6.360000
6.360000
6.360000
6.360000
6.704000
6.704000
6.704000
6.704000
6.704000
6.704000
7.047000
7.047000
7.047000
7.047000
7.047000
7.047000
7.047000
7.047000
7.390000
7.390000
7.390000
7.390000
7.390000
7.390000
7.390000
7.390000
7.390000
7.734000
7.734000
7.734000
7.734000
7.734000
7.734000
7.734000
7.734000
8.077000
8.077000
8.077000
8.077000
8.077000
8.077000
8.077000
8.077000
8.077000
8.077000
8.077000
8.077000
8.420000
8.420000
8.420000
8.420000
8.420000
8.420000
8.420000
8.420000
8.420000
8.420000
8.764000
8.764000
8.764000
8.764000
8.764000
8.764000
8.764000
8.764000
8.764000
9.107000
9.107000
9.107000
9.107000
9.107000
9.107000
9.107000
9.450000
9.450000
9.450000
9.450000
9.450000
9.450000
9.450000
9.450000
9.794000
9.794000
9.794000
9.794000
9.794000
10.140000
10.140000
10.140000
10.140000
10.140000
10.140000
10.140000
10.140000
10.140000
10.140000
10.140000
10.480000
10.480000
10.480000
10.480000
10.480000
10.480000
10.480000
10.480000
10.480000
10.480000
10.480000
10.480000
10.820000
10.820000
10.820000
10.820000
10.820000
10.820000
10.820000
10.820000
10.820000
10.820000
10.820000
10.820000
11.170000
11.170000
11.170000
11.170000
11.170000
11.170000
11.170000
11.170000
11.170000
11.510000
11.510000
11.510000
11.510000
11.510000
11.510000
11.510000
11.510000
11.850000
11.850000
11.850000
11.850000
11.850000
11.850000
11.850000
11.850000
11.850000
11.850000
11.850000
12.200000
12.200000
12.200000
12.200000
12.200000
12.200000
12.200000
12.200000
12.200000
12.200000
12.200000
12.540000
12.540000
12.540000
12.540000
12.540000
12.880000
12.880000
12.880000
12.880000
12.880000
12.880000
12.880000
12.880000
12.880000
12.880000
12.880000
12.880000
12.880000
13.230000
13.230000
13.230000
13.230000
13.230000
13.230000
13.230000
13.230000
13.230000
13.230000
13.230000
13.230000
13.230000
13.570000
13.570000
13.570000
13.570000
13.570000
13.570000
13.570000
13.570000
13.570000
13.570000
13.570000
13.570000
13.570000
13.910000
13.910000
13.910000
13.910000
13.910000
13.910000
13.910000
14.260000
14.260000
14.260000
14.260000
14.260000
14.260000
14.260000
14.260000
14.260000
14.600000
14.600000
14.600000
14.600000
14.600000
14.600000
14.600000
14.600000
14.600000
14.600000
14.600000
14.600000
14.600000
14.600000
14.600000
14.600000
14.600000
14.940000
14.940000
14.940000
14.940000
14.940000
14.940000
14.940000
14.940000
15.290000
15.290000
15.290000
15.290000
15.290000
15.290000
15.290000
15.630000
15.630000
15.630000
15.630000
15.630000
15.630000
15.630000
15.630000
15.630000
15.630000
15.970000
15.970000
15.970000
15.970000
15.970000
15.970000
15.970000
15.970000
15.970000
15.970000
15.970000
15.970000
15.970000
15.970000
15.970000
16.320000
16.320000
16.320000
16.320000
16.320000
16.320000
16.320000
16.320000
16.660000
16.660000
16.660000
16.660000
16.660000
16.660000
16.660000
16.660000
16.660000
16.660000
16.660000
16.660000
16.660000
16.660000
16.660000
17.000000
17.000000
17.000000
17.000000
17.000000
17.000000
17.000000
17.000000
17.000000
17.000000
17.000000
17.350000
17.350000
17.350000
17.350000
17.350000
17.350000
17.350000
17.350000
17.690001
17.690001
17.690001
17.690001
17.690001
17.690001
17.690001
17.690001
17.690001
17.690001
17.690001
17.690001
17.690001
17.690001
17.690001
18.030001
18.030001
18.030001
18.030001
18.030001
18.030001
18.379999
18.379999
18.379999
18.379999
18.379999
18.379999
18.379999
18.719999
18.719999
18.719999
18.719999
18.719999
18.719999
18.719999
18.719999
18.719999
18.719999
18.719999
19.059999
19.059999
19.059999
19.059999
19.059999
19.059999
19.059999
19.059999
19.059999
19.059999
19.410000
19.410000
19.410000
19.750000
19.750000
19.750000
19.750000
19.750000
19.750000
19.750000
19.750000
19.750000
19.750000
19.750000
21.820000
21.820000
21.820000
21.820000
21.820000
21.820000
21.820000
21.820000
21.820000
21.820000
23.879999
23.879999
23.879999
23.879999
23.879999
23.879999
23.879999
23.879999
23.879999
23.879999
23.879999
23.879999
23.879999
23.879999
23.879999
23.879999
25.950001
25.950001
25.950001
25.950001
25.950001
25.950001
25.950001
25.950001
25.950001
25.950001
25.950001
25.950001
25.950001
25.950001
25.950001
28.010000
28.010000
28.010000
28.010000
28.010000
28.010000
28.010000
28.010000
28.010000
28.010000
28.010000
29.559999
29.559999
29.559999
29.559999
29.559999
29.559999
29.559999
