0.000000
0.000000
0.000000
0.000000
0.000000
0.000000
0.000000
0.000000
0.000000
0.000000
0.000000
0.000000
0.000000
0.000000
0.000000
0.000000
0.000000
0.000000
0.000000
0.000000
0.000000
0.000000
0.000000
0.000000
0.000000
0.000000
0.000000
0.000000
0.000000
0.000000
0.000000
0.000000
0.000000
0.000000
0.000000
0.000000
0.000000
0.000000
0.000000
0.000000
0.000000
0.000000
0.000000
0.000000
0.000000
0.000000
0.000000
1.281000
1.281000
1.281000
1.281000
1.281000
1.281000
1.599000
1.599000
1.599000
1.599000
1.599000
1.599000
1.599000
1.599000
1.599000
1.599000
1.917000
1.917000
1.917000
1.917000
1.917000
1.917000
1.917000
1.917000
1.917000
1.917000
2.234000
2.234000
2.234000
2.234000
2.234000
2.234000
2.234000
2.234000
2.234000
2.234000
2.234000
2.234000
2.552000
2.552000
2.552000
2.552000
2.552000
2.552000
2.552000
2.552000
2.552000
2.552000
2.552000
2.552000
2.870000
2.870000
2.870000
2.870000
2.870000
2.870000
2.870000
2.870000
2.870000
2.870000
2.870000
2.870000
2.870000
3.188000
3.188000
3.188000
3.188000
3.188000
3.188000
3.188000
3.505000
3.505000
3.505000
3.505000
3.505000
3.505000
3.505000
3.505000
3.505000
3.505000
3.505000
3.505000
3.823000
3.823000
3.823000
3.823000
3.823000
3.823000
3.823000
3.823000
3.823000
3.823000
3.823000
3.823000
3.823000
4.141000
4.141000
4.141000
4.141000
4.141000
4.141000
4.141000
4.141000
4.141000
4.141000
4.458000
4.458000
4.458000
4.458000
4.458000
4.458000
4.458000
4.458000
4.458000
4.458000
4.458000
4.458000
4.776000
4.776000
4.776000
4.776000
4.776000
4.776000
4.776000
4.776000
4.776000
4.776000
5.094000
5.094000
5.094000
5.094000
5.094000
5.094000
5.094000
5.094000
5.094000
5.094000
5.412000
5.412000
5.412000
5.412000
5.412000
5.412000
5.412000
5.412000
5.412000
5.729000
5.729000
5.729000
5.729000
5.729000
5.729000
5.729000
5.729000
5.729000
5.729000
5.729000
6.047000
6.047000
6.047000
6.047000
6.047000
6.047000
6.047000
6.047000
6.047000
6.047000
6.047000
6.365000
6.365000
6.365000
6.365000
6.365000
6.365000
6.365000
6.365000
6.682000
6.682000
6.682000
6.682000
6.682000
6.682000
6.682000
6.682000
6.682000
6.682000
7.000000
7.000000
7.000000
7.000000
7.000000
7.000000
7.000000
7.000000
7.318000
7.318000
7.318000
7.318000
7.318000
7.318000
7.318000
7.318000
7.636000
7.636000
7.636000
7.636000
7.636000
7.636000
7.636000
7.636000
7.636000
7.636000
7.636000
7.953000
7.953000
7.953000
7.953000
7.953000
7.953000
7.953000
7.953000
7.953000
7.953000
7.953000
7.953000
8.271000
8.271000
8.271000
8.271000
8.271000
8.271000
8.271000
8.271000
8.271000
8.589000
8.589000
8.589000
8.589000
8.589000
8.589000
8.589000
8.589000
8.906000
8.906000
8.906000
8.906000
8.906000
8.906000
8.906000
8.906000
9.224000
9.224000
9.224000
9.224000
9.224000
9.224000
9.224000
9.224000
9.224000
9.224000
9.224000
9.224000
9.224000
9.224000
9.224000
9.542000
9.542000
9.542000
9.542000
9.542000
9.542000
9.542000
9.860000
9.860000
9.860000
9.860000
9.860000
9.860000
9.860000
9.860000
9.860000
9.860000
9.860000
10.180000
10.180000
10.180000
10.180000
10.180000
10.180000
10.180000
10.180000
10.490000
10.490000
10.490000
10.490000
10.490000
10.490000
10.490000
10.490000
10.490000
10.490000
10.490000
10.490000
10.490000
10.490000
10.490000
10.810000
10.810000
10.810000
10.810000
10.810000
10.810000
10.810000
10.810000
10.810000
11.130000
11.130000
11.130000
11.130000
11.130000
11.130000
11.130000
11.130000
11.130000
11.450000
11.450000
11.450000
11.450000
11.450000
11.450000
11.770000
11.770000
11.770000
11.770000
11.770000
11.770000
11.770000
11.770000
12.080000
12.080000
12.080000
12.080000
12.080000
12.080000
12.080000
12.080000
12.080000
12.400000
12.400000
12.400000
12.720000
12.720000
12.720000
12.720000
12.720000
12.720000
12.720000
12.720000
12.720000
12.720000
12.720000
13.040000
13.040000
13.040000
13.040000
13.040000
13.040000
13.040000
13.040000
13.040000
13.040000
13.350000
13.350000
13.350000
13.350000
13.350000
13.350000
13.350000
13.670000
13.670000
13.670000
13.670000
13.670000
13.670000
13.670000
13.670000
13.990000
13.990000
13.990000
13.990000
13.990000
13.990000
13.990000
13.990000
13.990000
14.310000
14.310000
14.310000
14.310000
14.310000
14.310000
14.310000
14.310000
14.630000
14.630000
14.630000
14.630000
14.630000
14.630000
14.630000
14.630000
14.630000
14.940000
14.940000
14.940000
14.940000
14.940000
14.940000
14.940000
14.940000
14.940000
14.940000
15.260000
15.260000
15.260000
15.260000
15.260000
15.260000
15.260000
15.260000
15.260000
15.260000
15.260000
15.260000
15.580000
15.580000
15.580000
15.580000
15.580000
15.580000
15.580000
16.610001
16.610001
16.610001
16.610001
16.610001
16.610001
16.610001
16.610001
16.610001
17.650000
17.650000
17.650000
17.650000
17.650000
17.650000
17.650000
17.650000
17.650000
17.650000
17.650000
18.680000
18.680000
18.680000
18.680000
18.680000
18.680000
18.680000
18.680000
18.680000
18.680000
19.719999
19.719999
19.719999
19.719999
19.719999
19.719999
19.719999
19.719999
19.719999
19.719999
20.750000
20.750000
20.750000
20.750000
20.750000
20.750000
20.750000
20.750000
20.750000
20.750000
21.790001
21.790001
21.790001
21.790001
21.790001
21.790001
22.830000
22.830000
22.830000
22.830000
22.830000
22.830000
22.830000
23.860001
23.860001
23.860001
23.860001
23.860001
23.860001
23.860001
23.860001
23.860001
24.900000
24.900000
24.900000
24.900000
24.900000
24.900000
24.900000
24.900000
24.900000
24.900000
24.900000
24.900000
24.900000
24.900000
24.900000
24.900000
24.900000
25.930000
25.930000
25.930000
25.930000
25.930000
25.930000
25.930000
25.930000
25.930000
25.930000
25.930000
25.930000
25.930000
25.930000
25.930000
26.969999
26.969999
26.969999
26.969999
28.000000
28.000000
28.000000
28.000000
28.000000
28.000000
28.000000
28.000000
29.040001
29.040001
29.040001
29.040001
29.040001
29.040001
29.040001
29.040001
30.070000
30.070000
30.070000
30.070000
30.070000
30.070000
30.070000
30.070000
30.070000
30.070000
30.070000
30.070000
31.110001
31.110001
31.110001
31.110001
31.110001
31.110001
31.110001
31.110001
31.110001
31.110001
31.110001
31.110001
31.110001
31.110001
32.139999
32.139999
32.139999
32.139999
32.139999
32.139999
32.139999
32.139999
32.139999
32.139999
32.139999
32.139999
33.180000
33.180000
33.180000
33.180000
33.180000
33.180000
33.180000
33.180000
33.180000
33.180000
33.180000
33.180000
34.209999
34.209999
34.209999
34.209999
34.209999
34.209999
35.250000
35.250000
35.250000
35.250000
35.250000
35.250000
35.250000
35.250000
35.250000
35.250000
35.250000
35.250000
35.250000
35.250000
35.250000
35.250000
35.250000
36.279999
36.279999
36.279999
36.279999
36.279999
36.279999
36.279999
36.279999
36.279999
36.279999
37.320000
37.320000
37.320000
37.320000
37.320000
37.320000
37.320000
37.320000
37.320000
38.349998
38.349998
38.349998
38.349998
38.349998
38.349998
38.349998
38.349998
38.349998
39.389999
39.389999
39.389999
39.389999
39.389999
39.389999
39.389999
39.389999
39.389999
39.389999
40.419998
40.419998
40.419998
40.419998
40.419998
40.419998
40.419998
40.419998
40.419998
40.419998
40.419998
40.419998
40.419998
41.459999
41.459999
41.459999
41.459999
41.459999
41.459999
41.459999
41.459999
41.459999
41.459999
41.459999
41.459999
41.459999
41.459999
42.500000
42.500000
42.500000
42.500000
42.500000
42.500000
42.500000
43.529999
43.529999
43.529999
43.529999
43.529999
43.529999
44.570000
44.570000
44.570000
44.570000
44.570000
44.570000
44.570000
44.570000
44.570000
44.570000
44.570000
45.599998
45.599998
45.599998
45.599998
45.599998
45.599998
45.599998
45.599998
45.599998
45.599998
45.599998
45.599998
45.599998
45.599998
46.639999
46.639999
46.639999
46.639999
46.639999
46.639999
46.639999
46.639999
46.639999
46.639999
46.639999
46.639999
46.639999
46.639999
46.639999
47.669998
47.669998
47.669998
47.669998
47.669998
47.669998
47.669998
48.709999
48.709999
48.709999
48.709999
48.709999
48.709999
48.709999
48.709999
48.709999
48.709999
49.740002
49.740002
49.740002
49.740002
49.740002
49.740002
49.740002
49.740002
49.740002
49.740002
49.740002
49.740002
49.740002
49.740002
49.740002
50.779999
50.779999
50.779999
50.779999
50.779999
50.779999
50.779999
50.779999
50.779999
51.810001
51.810001
51.810001
51.810001
51.810001
51.810001
51.810001
51.810001
51.810001
51.810001
52.849998
52.849998
52.849998
52.849998
52.849998
52.849998
52.849998
52.849998
52.849998
52.849998
52.849998
52.849998
53.880001
53.880001
53.880001
53.880001
53.880001
53.880001
54.919998
54.919998
54.919998
54.919998
54.919998
55.950001
55.950001
55.950001
55.950001
55.950001
55.950001
55.950001
56.990002
56.990002
56.990002
56.990002
56.990002
56.990002
56.990002
56.990002
56.990002
56.990002
56.990002
56.990002
56.990002
58.020000
58.020000
58.020000
58.020000
58.020000
58.020000
58.020000
58.020000
58.020000
58.020000
58.020000
58.020000
58.020000
58.020000
59.060001
59.060001
59.060001
59.060001
59.060001
59.060001
59.060001
59.060001
59.060001
59.060001
60.090000
60.090000
60.090000
60.090000
60.090000
60.090000
60.090000
60.090000
60.090000
61.130001
61.130001
61.130001
61.130001
61.130001
61.130001
61.130001
61.130001
61.130001
61.130001
62.169998
62.169998
62.169998
62.169998
62.169998
62.169998
62.169998
62.169998
62.169998
62.169998
70.419998
70.419998
70.419998
70.419998
70.419998
70.419998
70.419998
70.419998
70.419998
70.419998
70.419998
70.419998
70.419998
70.419998
78.669998
78.669998
78.669998
78.669998
78.669998
78.669998
78.669998
78.669998
86.919998
86.919998
86.919998
86.919998
86.919998
86.919998
86.919998
86.919998
86.919998
86.919998
86.919998
86.919998
95.169998
95.169998
95.169998
95.169998
95.169998
95.169998
95.169998
95.169998
95.169998
95.169998
101.400002
101.400002
101.400002
101.400002
101.400002
101.400002
