0.000000
0.000000
0.000000
0.000000
0.000000
0.000000
0.000000
0.000000
0.000000
0.000000
0.000000
0.000000
0.000000
0.000000
0.000000
0.000000
0.000000
0.000000
0.000000
0.000000
0.000000
0.000000
0.000000
0.000000
0.000000
0.000000
0.000000
0.000000
0.000000
0.000000
0.000000
0.000000
0.000000
0.000000
0.000000
0.000000
0.000000
0.000000
0.000000
0.000000
0.000000
0.000000
0.000000
0.000000
0.000000
0.000000
0.000000
0.000000
0.000000
1.472000
1.472000
1.472000
1.472000
1.472000
1.472000
1.912000
1.912000
1.912000
1.912000
1.912000
1.912000
1.912000
1.912000
1.912000
2.351000
2.351000
2.351000
2.351000
2.351000
2.351000
2.351000
2.351000
2.351000
2.790000
2.790000
2.790000
2.790000
2.790000
2.790000
2.790000
2.790000
2.790000
2.790000
2.790000
3.229000
3.229000
3.229000
3.229000
3.229000
3.229000
3.668000
3.668000
3.668000
3.668000
3.668000
3.668000
3.668000
3.668000
3.668000
4.107000
4.107000
4.107000
4.107000
4.107000
4.107000
4.107000
4.107000
4.107000
4.107000
4.107000
4.107000
4.546000
4.546000
4.546000
4.546000
4.546000
4.546000
4.546000
4.546000
4.985000
4.985000
4.985000
4.985000
4.985000
4.985000
4.985000
4.985000
4.985000
4.985000
4.985000
4.985000
4.985000
4.985000
4.985000
4.985000
5.424000
5.424000
5.424000
5.424000
5.424000
5.424000
5.424000
5.424000
5.424000
5.424000
5.424000
5.424000
5.424000
5.863000
5.863000
5.863000
5.863000
5.863000
6.302000
6.302000
6.302000
6.302000
6.302000
6.302000
6.302000
6.302000
6.302000
6.741000
6.741000
6.741000
6.741000
6.741000
6.741000
6.741000
6.741000
6.741000
6.741000
6.741000
6.741000
7.181000
7.181000
7.181000
7.181000
7.181000
7.181000
7.181000
7.181000
7.181000
7.181000
7.181000
7.181000
7.620000
7.620000
7.620000
7.620000
7.620000
7.620000
7.620000
7.620000
7.620000
7.620000
8.059000
8.059000
8.059000
8.059000
8.059000
8.059000
8.059000
8.059000
8.059000
8.498000
8.498000
8.498000
8.498000
8.498000
8.498000
8.498000
8.498000
8.498000
8.498000
8.498000
8.937000
8.937000
8.937000
8.937000
8.937000
8.937000
8.937000
8.937000
8.937000
8.937000
9.376000
9.376000
9.376000
9.376000
9.376000
9.376000
9.376000
9.376000
9.376000
9.376000
9.376000
9.376000
9.376000
9.815000
9.815000
9.815000
9.815000
9.815000
9.815000
9.815000
9.815000
9.815000
10.250000
10.250000
10.250000
10.250000
10.250000
10.250000
10.250000
10.250000
10.250000
10.250000
10.690000
10.690000
10.690000
10.690000
10.690000
10.690000
10.690000
10.690000
11.130000
11.130000
11.130000
11.130000
11.130000
11.570000
11.570000
11.570000
11.570000
11.570000
11.570000
12.010000
12.010000
12.010000
12.010000
12.010000
12.010000
12.450000
12.450000
12.450000
12.450000
12.450000
12.450000
12.450000
12.450000
12.450000
12.450000
12.450000
12.450000
12.450000
12.450000
12.890000
12.890000
12.890000
12.890000
12.890000
12.890000
12.890000
12.890000
12.890000
12.890000
12.890000
12.890000
13.330000
13.330000
13.330000
13.330000
13.330000
13.330000
13.330000
13.330000
13.770000
13.770000
13.770000
13.770000
13.770000
13.770000
13.770000
13.770000
14.210000
14.210000
14.210000
14.210000
14.210000
14.210000
14.210000
14.210000
14.210000
14.210000
14.210000
14.650000
14.650000
14.650000
14.650000
14.650000
14.650000
14.650000
14.650000
14.650000
14.650000
14.650000
14.650000
14.650000
14.650000
14.650000
15.080000
15.080000
15.080000
15.080000
15.080000
15.080000
15.080000
15.520000
15.520000
15.520000
15.520000
15.520000
15.520000
15.520000
15.520000
15.520000
15.520000
15.520000
15.520000
15.960000
15.960000
15.960000
15.960000
15.960000
15.960000
16.400000
16.400000
16.400000
16.400000
16.400000
16.400000
16.400000
16.400000
16.400000
16.840000
16.840000
16.840000
16.840000
16.840000
16.840000
17.280001
17.280001
17.280001
17.280001
17.280001
17.280001
17.280001
17.280001
17.280001
17.280001
17.280001
17.280001
17.719999
17.719999
17.719999
17.719999
17.719999
17.719999
17.719999
17.719999
18.160000
18.160000
18.160000
18.160000
18.160000
18.160000
18.160000
18.160000
18.160000
18.600000
18.600000
18.600000
18.600000
18.600000
18.600000
18.600000
18.600000
18.600000
18.600000
19.040001
19.040001
19.040001
19.040001
19.040001
19.040001
19.040001
19.040001
19.040001
19.040001
19.040001
19.040001
19.040001
19.469999
19.469999
19.469999
19.469999
19.469999
19.469999
19.469999
19.469999
19.469999
19.469999
19.910000
19.910000
19.910000
19.910000
19.910000
19.910000
19.910000
19.910000
19.910000
19.910000
19.910000
19.910000
19.910000
19.910000
20.350000
20.350000
20.350000
20.350000
20.350000
20.350000
20.350000
20.350000
20.350000
20.790001
20.790001
20.790001
20.790001
20.790001
20.790001
20.790001
20.790001
20.790001
20.790001
20.790001
20.790001
20.790001
20.790001
20.790001
21.230000
21.230000
21.230000
21.230000
21.230000
21.230000
21.230000
21.230000
21.230000
21.230000
21.230000
21.230000
21.230000
21.230000
21.230000
21.230000
22.400000
22.400000
22.400000
22.400000
22.400000
22.400000
22.400000
22.400000
23.559999
23.559999
23.559999
23.559999
23.559999
23.559999
23.559999
23.559999
23.559999
23.559999
23.559999
23.559999
23.559999
23.559999
24.730000
24.730000
24.730000
24.730000
24.730000
24.730000
25.889999
25.889999
25.889999
25.889999
25.889999
25.889999
25.889999
25.889999
25.889999
25.889999
25.889999
25.889999
25.889999
27.059999
27.059999
27.059999
27.059999
27.059999
27.059999
27.059999
27.059999
27.059999
27.059999
27.059999
27.059999
27.059999
27.059999
28.219999
28.219999
28.219999
28.219999
28.219999
28.219999
28.219999
28.219999
28.219999
28.219999
29.389999
29.389999
29.389999
29.389999
29.389999
29.389999
29.389999
29.389999
29.389999
29.389999
30.549999
30.549999
30.549999
30.549999
30.549999
30.549999
30.549999
30.549999
30.549999
31.719999
31.719999
31.719999
31.719999
31.719999
31.719999
31.719999
31.719999
31.719999
31.719999
31.719999
31.719999
31.719999
32.880001
32.880001
32.880001
32.880001
32.880001
34.049999
34.049999
34.049999
34.049999
34.049999
34.049999
34.049999
34.049999
34.049999
35.209999
35.209999
35.209999
35.209999
35.209999
35.209999
35.209999
36.380001
36.380001
36.380001
36.380001
36.380001
36.380001
36.380001
36.380001
36.380001
36.380001
36.380001
36.380001
36.380001
37.540001
37.540001
37.540001
37.540001
37.540001
37.540001
37.540001
37.540001
37.540001
37.540001
37.540001
37.540001
38.709999
38.709999
38.709999
38.709999
38.709999
38.709999
38.709999
38.709999
39.869999
39.869999
39.869999
39.869999
39.869999
39.869999
39.869999
39.869999
39.869999
39.869999
39.869999
39.869999
39.869999
39.869999
39.869999
39.869999
39.869999
41.040001
41.040001
41.040001
41.040001
41.040001
41.040001
41.040001
41.040001
41.040001
41.040001
42.200001
42.200001
42.200001
42.200001
42.200001
42.200001
42.200001
43.369999
43.369999
43.369999
43.369999
43.369999
43.369999
44.529999
44.529999
44.529999
44.529999
44.529999
44.529999
44.529999
44.529999
45.700001
45.700001
45.700001
45.700001
45.700001
46.860001
46.860001
46.860001
46.860001
46.860001
46.860001
46.860001
46.860001
46.860001
46.860001
46.860001
48.029999
48.029999
48.029999
48.029999
48.029999
48.029999
48.029999
48.029999
48.029999
48.029999
49.189999
49.189999
49.189999
49.189999
49.189999
49.189999
49.189999
50.360001
50.360001
50.360001
50.360001
50.360001
50.360001
50.360001
50.360001
50.360001
50.360001
50.360001
50.360001
50.360001
51.520000
51.520000
51.520000
51.520000
51.520000
51.520000
51.520000
51.520000
51.520000
51.520000
51.520000
51.520000
51.520000
52.689999
52.689999
52.689999
52.689999
52.689999
52.689999
52.689999
53.860001
53.860001
53.860001
53.860001
53.860001
53.860001
53.860001
53.860001
53.860001
53.860001
55.020000
55.020000
55.020000
55.020000
55.020000
55.020000
55.020000
55.020000
55.020000
56.189999
56.189999
56.189999
56.189999
56.189999
56.189999
56.189999
56.189999
56.189999
56.189999
56.189999
57.349998
57.349998
57.349998
57.349998
57.349998
57.349998
57.349998
57.349998
57.349998
57.349998
57.349998
58.520000
58.520000
58.520000
58.520000
58.520000
58.520000
58.520000
58.520000
58.520000
58.520000
58.520000
58.520000
59.680000
59.680000
59.680000
59.680000
59.680000
59.680000
59.680000
59.680000
59.680000
59.680000
60.849998
60.849998
60.849998
60.849998
60.849998
60.849998
60.849998
60.849998
60.849998
60.849998
60.849998
62.009998
62.009998
62.009998
62.009998
62.009998
62.009998
62.009998
62.009998
62.009998
62.009998
63.180000
63.180000
63.180000
63.180000
63.180000
63.180000
63.180000
63.180000
63.180000
63.180000
63.180000
63.180000
64.339996
64.339996
64.339996
64.339996
64.339996
64.339996
64.339996
64.339996
64.339996
65.510002
65.510002
65.510002
65.510002
65.510002
65.510002
65.510002
65.510002
65.510002
66.669998
66.669998
66.669998
66.669998
66.669998
66.669998
66.669998
67.839996
67.839996
67.839996
67.839996
67.839996
67.839996
67.839996
67.839996
69.000000
69.000000
69.000000
69.000000
69.000000
69.000000
70.169998
70.169998
70.169998
70.169998
70.169998
70.169998
70.169998
70.169998
70.169998
70.169998
70.169998
70.169998
71.330002
71.330002
71.330002
71.330002
71.330002
71.330002
71.330002
71.330002
71.330002
71.330002
71.330002
72.500000
72.500000
72.500000
72.500000
72.500000
72.500000
72.500000
72.500000
72.500000
72.500000
72.500000
72.500000
73.660004
73.660004
73.660004
73.660004
73.660004
73.660004
73.660004
73.660004
81.309998
81.309998
81.309998
81.309998
81.309998
81.309998
81.309998
81.309998
81.309998
81.309998
88.959999
88.959999
88.959999
88.959999
88.959999
88.959999
88.959999
88.959999
88.959999
88.959999
88.959999
96.610001
96.610001
96.610001
96.610001
96.610001
96.610001
96.610001
96.610001
96.610001
104.300003
104.300003
104.300003
104.300003
104.300003
104.300003
104.300003
104.300003
104.300003
110.000000
110.000000
110.000000
110.000000
110.000000
110.000000
110.000000
110.000000
110.000000
110.000000
110.000000
