0.000000
0.000000
0.000000
0.000000
0.000000
0.000000
0.000000
0.000000
0.000000
0.000000
0.000000
0.000000
0.000000
0.000000
0.000000
0.000000
0.000000
0.000000
0.000000
0.000000
0.000000
0.000000
0.000000
0.000000
0.000000
0.000000
0.000000
0.000000
0.000000
0.000000
0.000000
0.000000
0.000000
0.000000
0.000000
0.000000
0.000000
0.000000
0.000000
0.000000
0.000000
0.000000
0.000000
0.000000
0.000000
0.000000
0.936800
0.936800
0.936800
0.936800
0.936800
0.936800
0.936800
0.936800
0.936800
0.936800
0.936800
1.264000
1.264000
1.264000
1.264000
1.264000
1.264000
1.264000
1.264000
1.592000
1.592000
1.592000
1.592000
1.592000
1.592000
1.592000
1.592000
1.592000
1.592000
1.919000
1.919000
1.919000
1.919000
1.919000
1.919000
1.919000
1.919000
2.247000
2.247000
2.247000
2.247000
2.247000
2.247000
2.247000
2.247000
2.247000
2.574000
2.574000
2.574000
2.574000
2.574000
2.574000
2.574000
2.574000
2.574000
2.574000
2.574000
2.574000
2.901000
2.901000
2.901000
2.901000
2.901000
2.901000
2.901000
2.901000
3.229000
3.229000
3.229000
3.229000
3.229000
3.229000
3.229000
3.229000
3.556000
3.556000
3.556000
3.556000
3.556000
3.556000
3.556000
3.556000
3.556000
3.556000
3.884000
3.884000
3.884000
3.884000
3.884000
3.884000
3.884000
3.884000
3.884000
3.884000
4.211000
4.211000
4.211000
4.211000
4.211000
4.211000
4.211000
4.211000
4.211000
4.211000
4.539000
4.539000
4.539000
4.539000
4.539000
4.539000
4.539000
4.539000
4.539000
4.539000
4.539000
4.539000
4.539000
4.539000
4.866000
4.866000
4.866000
4.866000
4.866000
4.866000
4.866000
4.866000
4.866000
4.866000
4.866000
4.866000
5.193000
5.193000
5.193000
5.193000
5.193000
5.193000
5.521000
5.521000
5.521000
5.521000
5.521000
5.521000
5.521000
5.521000
5.521000
5.521000
5.521000
5.848000
5.848000
5.848000
5.848000
5.848000
5.848000
5.848000
5.848000
5.848000
5.848000
5.848000
5.848000
5.848000
6.176000
6.176000
6.176000
6.176000
6.176000
6.176000
6.176000
6.176000
6.176000
6.176000
6.176000
6.503000
6.503000
6.503000
6.503000
6.503000
6.503000
6.831000
6.831000
6.831000
6.831000
6.831000
6.831000
6.831000
6.831000
7.158000
7.158000
7.158000
7.158000
7.158000
7.158000
7.158000
7.158000
7.158000
7.485000
7.485000
7.485000
7.485000
7.485000
7.485000
7.485000
7.485000
7.485000
7.813000
7.813000
7.813000
7.813000
8.140000
8.140000
8.140000
8.140000
8.140000
8.140000
8.140000
8.140000
8.140000
8.140000
8.140000
8.140000
8.140000
8.468000
8.468000
8.468000
8.468000
8.468000
8.468000
8.468000
8.468000
8.468000
8.468000
8.468000
8.468000
8.468000
8.468000
8.468000
8.468000
8.795000
8.795000
8.795000
8.795000
8.795000
8.795000
8.795000
8.795000
8.795000
8.795000
8.795000
9.123000
9.123000
9.123000
9.123000
9.123000
9.123000
9.123000
9.123000
9.123000
9.123000
9.450000
9.450000
9.450000
9.450000
9.450000
9.450000
9.450000
9.450000
9.450000
9.450000
9.450000
9.450000
9.450000
9.450000
9.450000
9.777000
9.777000
9.777000
9.777000
9.777000
9.777000
10.100000
10.100000
10.100000
10.100000
10.100000
10.100000
10.100000
10.430000
10.430000
10.430000
10.430000
10.430000
10.430000
10.430000
10.760000
10.760000
10.760000
10.760000
10.760000
10.760000
10.760000
10.760000
10.760000
10.760000
10.760000
10.760000
10.760000
10.760000
10.760000
11.090000
11.090000
11.090000
11.090000
11.090000
11.410000
11.410000
11.410000
11.410000
11.410000
11.410000
11.410000
11.410000
11.410000
11.410000
11.410000
11.740000
11.740000
11.740000
11.740000
11.740000
11.740000
11.740000
11.740000
11.740000
11.740000
11.740000
11.740000
11.740000
11.740000
12.070000
12.070000
12.070000
12.070000
12.070000
12.070000
12.070000
12.070000
12.070000
12.070000
12.070000
12.400000
12.400000
12.400000
12.400000
12.400000
12.400000
12.720000
12.720000
12.720000
12.720000
12.720000
12.720000
12.720000
13.050000
13.050000
13.050000
13.050000
13.050000
13.050000
13.380000
13.380000
13.380000
13.380000
13.380000
13.380000
13.380000
13.710000
13.710000
13.710000
13.710000
13.710000
13.710000
13.710000
13.710000
13.710000
13.710000
13.710000
14.030000
14.030000
14.030000
14.030000
14.030000
14.030000
14.030000
14.030000
14.030000
14.360000
14.360000
14.360000
14.360000
14.360000
14.360000
14.360000
14.360000
14.360000
14.360000
14.360000
14.360000
14.360000
14.360000
14.360000
14.360000
14.690000
14.690000
14.690000
14.690000
14.690000
14.690000
14.690000
14.690000
15.020000
15.020000
15.020000
15.020000
15.020000
15.020000
15.020000
15.340000
15.340000
15.340000
15.340000
15.340000
15.340000
15.340000
15.340000
15.340000
15.340000
15.670000
15.670000
15.670000
15.670000
15.670000
15.670000
16.690001
16.690001
16.690001
16.690001
16.690001
16.690001
16.690001
16.690001
17.700001
17.700001
17.700001
17.700001
17.700001
17.700001
17.700001
18.719999
18.719999
18.719999
18.719999
18.719999
18.719999
18.719999
18.719999
18.719999
18.719999
18.719999
19.740000
19.740000
19.740000
19.740000
19.740000
19.740000
19.740000
19.740000
19.740000
19.740000
19.740000
19.740000
20.750000
20.750000
20.750000
20.750000
20.750000
20.750000
20.750000
20.750000
20.750000
20.750000
21.770000
21.770000
21.770000
21.770000
21.770000
21.770000
21.770000
21.770000
22.790001
22.790001
22.790001
22.790001
22.790001
22.790001
23.799999
23.799999
23.799999
23.799999
23.799999
23.799999
23.799999
23.799999
23.799999
23.799999
24.820000
24.820000
24.820000
24.820000
24.820000
24.820000
24.820000
25.840000
25.840000
25.840000
25.840000
25.840000
25.840000
25.840000
25.840000
26.850000
26.850000
26.850000
26.850000
26.850000
26.850000
26.850000
26.850000
26.850000
27.870001
27.870001
27.870001
27.870001
27.870001
27.870001
27.870001
27.870001
28.889999
28.889999
28.889999
28.889999
28.889999
28.889999
28.889999
28.889999
28.889999
28.889999
28.889999
28.889999
28.889999
28.889999
28.889999
29.900000
29.900000
29.900000
29.900000
29.900000
29.900000
29.900000
29.900000
29.900000
29.900000
29.900000
30.920000
30.920000
30.920000
30.920000
30.920000
30.920000
30.920000
30.920000
31.940001
31.940001
31.940001
31.940001
31.940001
31.940001
31.940001
31.940001
31.940001
31.940001
32.950001
32.950001
32.950001
32.950001
32.950001
32.950001
32.950001
32.950001
32.950001
33.970001
33.970001
33.970001
33.970001
33.970001
33.970001
33.970001
33.970001
33.970001
34.990002
34.990002
34.990002
34.990002
34.990002
34.990002
34.990002
34.990002
34.990002
34.990002
34.990002
34.990002
34.990002
34.990002
34.990002
34.990002
34.990002
34.990002
34.990002
36.009998
36.009998
36.009998
36.009998
36.009998
36.009998
36.009998
36.009998
36.009998
36.009998
36.009998
36.009998
36.009998
36.009998
37.020000
37.020000
37.020000
37.020000
37.020000
38.040001
38.040001
38.040001
38.040001
38.040001
38.040001
38.040001
38.040001
38.040001
38.040001
38.040001
38.040001
39.060001
39.060001
39.060001
39.060001
39.060001
39.060001
39.060001
39.060001
39.060001
39.060001
39.060001
39.060001
40.070000
40.070000
40.070000
40.070000
40.070000
40.070000
40.070000
40.070000
40.070000
40.070000
41.090000
41.090000
41.090000
41.090000
41.090000
41.090000
41.090000
41.090000
42.110001
42.110001
42.110001
42.110001
42.110001
42.110001
42.110001
42.110001
42.110001
43.119999
43.119999
43.119999
43.119999
43.119999
43.119999
43.119999
43.119999
43.119999
43.119999
43.119999
44.139999
44.139999
44.139999
44.139999
44.139999
44.139999
44.139999
44.139999
44.139999
45.160000
45.160000
45.160000
45.160000
45.160000
45.160000
45.160000
46.169998
46.169998
46.169998
46.169998
46.169998
46.169998
46.169998
46.169998
46.169998
46.169998
46.169998
46.169998
46.169998
46.169998
46.169998
46.169998
46.169998
46.169998
46.169998
46.169998
46.169998
46.169998
47.189999
47.189999
47.189999
47.189999
47.189999
47.189999
47.189999
47.189999
47.189999
47.189999
47.189999
47.189999
47.189999
47.189999
47.189999
47.189999
48.209999
48.209999
48.209999
48.209999
48.209999
48.209999
48.209999
48.209999
48.209999
48.209999
48.209999
48.209999
49.220001
49.220001
49.220001
49.220001
49.220001
49.220001
49.220001
49.220001
49.220001
49.220001
49.220001
49.220001
50.240002
50.240002
50.240002
50.240002
50.240002
50.240002
50.240002
50.240002
50.240002
50.240002
50.240002
50.240002
51.259998
51.259998
51.259998
51.259998
51.259998
51.259998
52.270000
52.270000
52.270000
52.270000
52.270000
52.270000
52.270000
52.270000
52.270000
52.270000
53.290001
53.290001
53.290001
53.290001
53.290001
53.290001
53.290001
53.290001
53.290001
54.310001
54.310001
54.310001
54.310001
54.310001
54.310001
54.310001
54.310001
54.310001
54.310001
54.310001
54.310001
54.310001
54.310001
55.320000
55.320000
55.320000
55.320000
55.320000
55.320000
55.320000
55.320000
55.320000
55.320000
55.320000
55.320000
55.320000
55.320000
55.320000
55.320000
55.320000
55.320000
56.340000
56.340000
56.340000
56.340000
56.340000
56.340000
56.340000
56.340000
56.340000
57.360001
57.360001
57.360001
57.360001
58.369999
58.369999
58.369999
58.369999
58.369999
58.369999
58.369999
58.369999
58.369999
58.369999
58.369999
58.369999
58.369999
59.389999
59.389999
59.389999
59.389999
59.389999
59.389999
59.389999
59.389999
59.389999
59.389999
59.389999
59.389999
59.389999
60.410000
60.410000
60.410000
60.410000
60.410000
60.410000
60.410000
60.410000
60.410000
61.419998
61.419998
61.419998
61.419998
61.419998
61.419998
61.419998
66.690002
66.690002
66.690002
66.690002
66.690002
66.690002
71.949997
71.949997
71.949997
71.949997
71.949997
71.949997
71.949997
71.949997
71.949997
77.220001
77.220001
77.220001
77.220001
77.220001
77.220001
77.220001
82.480003
82.480003
82.480003
82.480003
82.480003
82.480003
82.480003
82.480003
82.480003
82.480003
82.480003
82.480003
86.430000
86.430000
86.430000
86.430000
86.430000
86.430000
86.430000
86.430000
86.430000
86.430000
86.430000
