0.000000
0.000000
0.000000
0.000000
0.000000
0.000000
0.000000
0.000000
0.000000
0.000000
0.000000
0.000000
0.000000
0.000000
0.000000
0.000000
0.000000
0.000000
0.000000
0.000000
0.000000
0.000000
0.000000
0.000000
0.000000
0.000000
0.000000
0.000000
0.000000
0.000000
0.000000
0.000000
0.000000
0.000000
0.000000
0.000000
0.000000
0.000000
0.000000
0.000000
0.000000
0.000000
0.000000
0.000000
0.000000
0.003219
0.003219
0.003219
0.003219
0.003219
0.003219
0.003219
0.003219
0.003219
0.021320
0.021320
0.021320
0.021320
0.021320
0.021320
0.021320
0.021320
0.021320
0.021320
0.021320
0.021320
0.021320
0.039420
0.039420
0.039420
0.039420
0.039420
0.057520
0.057520
0.057520
0.057520
0.057520
0.057520
0.057520
0.057520
0.057520
0.057520
0.075620
0.075620
0.075620
0.075620
0.075620
0.075620
0.075620
0.075620
0.075620
0.075620
0.075620
0.075620
0.093720
0.093720
0.093720
0.093720
0.093720
0.093720
0.093720
0.093720
0.111800
0.111800
0.111800
0.111800
0.111800
0.111800
0.111800
0.111800
0.111800
0.111800
0.111800
0.111800
0.111800
0.111800
0.111800
0.111800
0.129900
0.129900
0.129900
0.129900
0.129900
0.129900
0.129900
0.129900
0.129900
0.129900
0.148000
0.148000
0.148000
0.148000
0.148000
0.148000
0.166100
0.166100
0.166100
0.166100
0.166100
0.166100
0.166100
0.184200
0.184200
0.184200
0.184200
0.184200
0.184200
0.184200
0.184200
0.184200
0.184200
0.184200
0.184200
0.184200
0.202300
0.202300
0.202300
0.202300
0.202300
0.202300
0.202300
0.202300
0.202300
0.202300
0.202300
0.220400
0.220400
0.220400
0.220400
0.220400
0.220400
0.220400
0.220400
0.220400
0.220400
0.220400
0.220400
0.220400
0.220400
0.220400
0.220400
0.238500
0.238500
0.238500
0.238500
0.238500
0.238500
0.238500
0.256600
0.256600
0.256600
0.256600
0.256600
0.256600
0.256600
0.256600
0.256600
0.256600
0.256600
0.274700
0.274700
0.274700
0.274700
0.274700
0.274700
0.274700
0.274700
0.292800
0.292800
0.292800
0.292800
0.292800
0.292800
0.292800
0.292800
0.292800
0.310900
0.310900
0.310900
0.310900
0.310900
0.310900
0.310900
0.310900
0.310900
0.310900
0.310900
0.329000
0.329000
0.329000
0.329000
0.329000
0.329000
0.347100
0.347100
0.347100
0.347100
0.347100
0.347100
0.347100
0.347100
0.365200
0.365200
0.365200
0.365200
0.365200
0.365200
0.365200
0.365200
0.365200
0.383300
0.383300
0.383300
0.383300
0.383300
0.383300
0.383300
0.383300
0.383300
0.383300
0.383300
0.383300
0.383300
0.401400
0.401400
0.401400
0.401400
0.401400
0.401400
0.419500
0.419500
0.419500
0.419500
0.419500
0.419500
0.419500
0.419500
0.419500
0.419500
0.419500
0.437600
0.437600
0.437600
0.437600
0.437600
0.437600
0.437600
0.437600
0.437600
0.437600
0.437600
0.455700
0.455700
0.455700
0.455700
0.455700
0.455700
0.455700
0.455700
0.455700
0.455700
0.455700
0.473800
0.473800
0.473800
0.473800
0.473800
0.473800
0.473800
0.473800
0.473800
0.473800
0.473800
0.473800
0.473800
0.473800
0.473800
0.491900
0.491900
0.491900
0.491900
0.510000
0.510000
0.510000
0.510000
0.510000
0.528100
0.528100
0.528100
0.528100
0.528100
0.528100
0.528100
0.528100
0.546200
0.546200
0.546200
0.546200
0.546200
0.546200
0.546200
0.546200
0.546200
0.546200
0.546200
0.546200
0.546200
0.546200
0.564300
0.564300
0.564300
0.564300
0.564300
0.564300
0.564300
0.564300
0.564300
0.564300
0.564300
0.564300
0.582400
0.582400
0.582400
0.582400
0.582400
0.582400
0.600500
0.600500
0.600500
0.600500
0.600500
0.618600
0.618600
0.618600
0.618600
0.618600
0.618600
0.618600
0.618600
0.618600
0.618600
0.636700
0.636700
0.636700
0.636700
0.636700
0.636700
0.636700
0.636700
0.654800
0.654800
0.654800
0.654800
0.654800
0.654800
0.654800
0.654800
0.672900
0.672900
0.672900
0.672900
0.672900
0.672900
0.672900
0.672900
0.672900
0.691000
0.691000
0.691000
0.691000
0.709100
0.709100
0.709100
0.709100
0.709100
0.709100
0.709100
0.727200
0.727200
0.727200
0.727200
0.727200
0.727200
0.727200
0.727200
0.727200
0.727200
0.727200
0.745300
0.745300
0.745300
0.745300
0.745300
0.745300
0.745300
0.745300
0.745300
0.763400
0.763400
0.763400
0.763400
0.763400
0.763400
0.763400
0.763400
0.763400
0.781500
0.781500
0.781500
0.781500
0.781500
0.781500
0.781500
0.781500
0.781500
0.781500
0.781500
0.781500
0.781500
0.781500
0.781500
0.781500
0.781500
0.781500
0.799600
0.799600
0.799600
0.799600
0.799600
0.799600
0.799600
0.799600
0.799600
0.799600
0.799600
0.799600
0.817700
0.817700
0.817700
0.817700
0.817700
0.817700
0.817700
0.817700
0.817700
1.087000
1.087000
1.087000
1.087000
1.087000
1.087000
1.087000
1.087000
1.356000
1.356000
1.356000
1.356000
1.356000
1.356000
1.356000
1.356000
1.356000
1.625000
1.625000
1.625000
1.625000
1.625000
1.625000
1.894000
1.894000
1.894000
1.894000
1.894000
1.894000
1.894000
1.894000
1.894000
1.894000
1.894000
1.894000
1.894000
1.894000
2.163000
2.163000
2.163000
2.163000
2.163000
2.163000
2.163000
2.432000
2.432000
2.432000
2.432000
2.432000
2.432000
2.432000
2.432000
2.432000
2.432000
2.432000
2.432000
2.432000
2.701000
2.701000
2.701000
2.701000
2.701000
2.701000
2.701000
2.701000
2.701000
2.701000
2.701000
2.701000
2.701000
2.701000
2.701000
2.970000
2.970000
2.970000
2.970000
2.970000
2.970000
2.970000
2.970000
2.970000
2.970000
2.970000
2.970000
2.970000
2.970000
3.239000
3.239000
3.239000
3.239000
3.239000
3.239000
3.239000
3.239000
3.239000
3.239000
3.239000
3.239000
3.509000
3.509000
3.509000
3.509000
3.509000
3.509000
3.509000
3.509000
3.509000
3.509000
3.509000
3.778000
3.778000
3.778000
3.778000
3.778000
3.778000
3.778000
3.778000
3.778000
3.778000
3.778000
3.778000
3.778000
3.778000
3.778000
4.047000
4.047000
4.047000
4.047000
4.047000
4.047000
4.047000
4.047000
4.047000
4.047000
4.047000
4.047000
4.316000
4.316000
4.316000
4.316000
4.316000
4.316000
4.316000
4.585000
4.585000
4.585000
4.585000
4.585000
4.585000
4.585000
4.585000
4.854000
4.854000
4.854000
4.854000
4.854000
4.854000
4.854000
4.854000
4.854000
4.854000
4.854000
5.123000
5.123000
5.123000
5.123000
5.123000
5.123000
5.123000
5.123000
5.123000
5.392000
5.392000
5.392000
5.392000
5.392000
5.392000
5.392000
5.392000
5.392000
5.392000
5.392000
5.661000
5.661000
5.661000
5.661000
5.661000
5.661000
5.661000
5.930000
5.930000
5.930000
5.930000
5.930000
5.930000
5.930000
5.930000
5.930000
5.930000
5.930000
5.930000
5.930000
5.930000
5.930000
6.199000
6.199000
6.199000
6.199000
6.199000
6.199000
6.199000
6.199000
6.199000
6.468000
6.468000
6.468000
6.468000
6.468000
6.468000
6.468000
6.468000
6.468000
6.468000
6.468000
6.468000
6.468000
6.737000
6.737000
6.737000
6.737000
6.737000
6.737000
6.737000
6.737000
6.737000
6.737000
6.737000
7.007000
7.007000
7.007000
7.007000
7.007000
7.007000
7.007000
7.007000
7.007000
7.276000
7.276000
7.276000
7.276000
7.276000
7.276000
7.276000
7.545000
7.545000
7.545000
7.545000
7.545000
7.545000
7.545000
7.545000
7.545000
7.814000
7.814000
7.814000
7.814000
7.814000
7.814000
7.814000
7.814000
7.814000
8.083000
8.083000
8.083000
8.083000
8.083000
8.083000
8.083000
8.083000
8.083000
8.083000
8.083000
8.083000
8.083000
8.083000
8.083000
8.083000
8.352000
8.352000
8.352000
8.352000
8.352000
8.352000
8.621000
8.621000
8.621000
8.621000
8.621000
8.621000
8.621000
8.621000
8.890000
8.890000
8.890000
8.890000
8.890000
8.890000
8.890000
8.890000
8.890000
8.890000
8.890000
8.890000
8.890000
8.890000
8.890000
8.890000
8.890000
9.159000
9.159000
9.159000
9.159000
9.159000
9.159000
9.159000
9.159000
9.159000
9.159000
9.159000
9.428000
9.428000
9.428000
9.428000
9.428000
9.428000
9.428000
9.428000
9.428000
9.428000
9.428000
9.428000
9.697000
9.697000
9.697000
9.697000
9.697000
9.697000
9.697000
9.697000
9.697000
9.697000
9.697000
9.697000
9.966000
9.966000
9.966000
9.966000
9.966000
9.966000
10.240000
10.240000
10.240000
10.240000
10.240000
10.240000
10.240000
10.240000
10.240000
10.240000
10.240000
10.240000
10.240000
10.500000
10.500000
10.500000
10.500000
10.500000
10.500000
10.500000
10.500000
10.500000
10.500000
10.770000
10.770000
10.770000
10.770000
10.770000
10.770000
10.770000
10.770000
10.770000
11.040000
11.040000
11.040000
11.040000
11.040000
11.040000
11.040000
11.310000
11.310000
11.310000
11.310000
11.310000
11.310000
11.310000
11.310000
11.310000
11.310000
11.580000
11.580000
11.580000
11.580000
11.580000
11.580000
11.580000
11.850000
11.850000
11.850000
11.850000
11.850000
11.850000
11.850000
11.850000
11.850000
12.120000
12.120000
12.120000
12.120000
12.120000
12.120000
12.120000
12.120000
12.120000
12.390000
12.390000
12.390000
12.390000
12.390000
12.390000
12.390000
12.390000
12.390000
12.390000
12.390000
12.390000
12.660000
12.660000
12.660000
12.660000
12.660000
12.660000
12.660000
12.660000
12.660000
12.660000
12.660000
12.930000
12.930000
12.930000
12.930000
12.930000
12.930000
12.930000
12.930000
12.930000
12.930000
12.930000
16.430000
16.430000
16.430000
16.430000
16.430000
16.430000
16.430000
16.430000
19.930000
19.930000
19.930000
19.930000
19.930000
19.930000
19.930000
19.930000
19.930000
23.430000
23.430000
23.430000
23.430000
23.430000
23.430000
23.430000
23.430000
23.430000
23.430000
26.940001
26.940001
26.940001
26.940001
26.940001
26.940001
26.940001
26.940001
26.940001
26.940001
26.940001
26.940001
29.559999
29.559999
29.559999
29.559999
29.559999
29.559999
29.559999
29.559999
29.559999
