0.000000
0.000000
0.000000
0.000000
0.000000
0.000000
0.000000
0.000000
0.000000
0.000000
0.000000
0.000000
0.000000
0.000000
0.000000
0.000000
0.000000
0.000000
0.000000
0.000000
0.000000
0.000000
0.000000
0.000000
0.000000
0.000000
0.000000
0.000000
0.000000
0.000000
0.000000
0.000000
0.000000
0.000000
0.000000
0.000000
0.000000
0.000000
0.000000
0.000000
0.000000
0.000000
0.000000
0.000000
0.000000
0.000000
0.158600
0.158600
0.158600
0.158600
0.454400
0.454400
0.454400
0.454400
0.454400
0.454400
0.454400
0.454400
0.454400
0.454400
0.454400
0.454400
0.750300
0.750300
0.750300
0.750300
0.750300
0.750300
0.750300
0.750300
0.750300
0.750300
0.750300
1.046000
1.046000
1.046000
1.046000
1.046000
1.046000
1.046000
1.046000
1.046000
1.046000
1.046000
1.046000
1.342000
1.342000
1.342000
1.342000
1.342000
1.342000
1.638000
1.638000
1.638000
1.638000
1.638000
1.638000
1.638000
1.638000
1.638000
1.638000
1.638000
1.638000
1.934000
1.934000
1.934000
1.934000
1.934000
1.934000
1.934000
1.934000
1.934000
1.934000
1.934000
2.229000
2.229000
2.229000
2.229000
2.229000
2.229000
2.229000
2.229000
2.229000
2.229000
2.525000
2.525000
2.525000
2.821000
2.821000
2.821000
2.821000
2.821000
2.821000
2.821000
2.821000
2.821000
2.821000
2.821000
2.821000
2.821000
3.117000
3.117000
3.117000
3.117000
3.117000
3.117000
3.117000
3.117000
3.413000
3.413000
3.413000
3.413000
3.413000
3.413000
3.413000
3.708000
3.708000
3.708000
3.708000
3.708000
3.708000
3.708000
4.004000
4.004000
4.004000
4.004000
4.300000
4.300000
4.300000
4.300000
4.300000
4.300000
4.300000
4.300000
4.300000
4.300000
4.300000
4.300000
4.300000
4.596000
4.596000
4.596000
4.596000
4.596000
4.596000
4.596000
4.596000
4.596000
4.596000
4.596000
4.892000
4.892000
4.892000
4.892000
4.892000
4.892000
4.892000
5.187000
5.187000
5.187000
5.187000
5.187000
5.187000
5.483000
5.483000
5.483000
5.483000
5.483000
5.483000
5.483000
5.779000
5.779000
5.779000
5.779000
5.779000
5.779000
5.779000
5.779000
5.779000
6.075000
6.075000
6.075000
6.075000
6.075000
6.075000
6.075000
6.075000
6.075000
6.075000
6.075000
6.075000
6.075000
6.075000
6.075000
6.075000
6.371000
6.371000
6.371000
6.371000
6.371000
6.371000
6.371000
6.371000
6.371000
6.666000
6.666000
6.666000
6.666000
6.962000
6.962000
6.962000
6.962000
6.962000
6.962000
6.962000
6.962000
6.962000
6.962000
6.962000
6.962000
7.258000
7.258000
7.258000
7.258000
7.258000
7.258000
7.258000
7.258000
7.258000
7.258000
7.258000
7.554000
7.554000
7.554000
7.554000
7.554000
7.554000
7.850000
7.850000
7.850000
7.850000
7.850000
7.850000
7.850000
7.850000
7.850000
7.850000
8.146000
8.146000
8.146000
8.146000
8.146000
8.146000
8.146000
8.146000
8.146000
8.146000
8.441000
8.441000
8.441000
8.441000
8.441000
8.441000
8.441000
8.441000
8.441000
8.441000
8.441000
8.737000
8.737000
8.737000
8.737000
8.737000
8.737000
9.033000
9.033000
9.033000
9.033000
9.033000
9.033000
9.033000
9.033000
9.033000
9.033000
9.033000
9.033000
9.033000
9.329000
9.329000
9.329000
9.329000
9.329000
9.329000
9.329000
9.329000
9.625000
9.625000
9.625000
9.625000
9.625000
9.625000
9.625000
9.625000
9.625000
9.625000
9.625000
9.625000
9.625000
9.625000
9.625000
9.920000
9.920000
9.920000
9.920000
9.920000
9.920000
9.920000
9.920000
9.920000
9.920000
10.220000
10.220000
10.220000
10.220000
10.220000
10.220000
10.510000
10.510000
10.510000
10.510000
10.510000
10.510000
10.510000
10.510000
10.810000
10.810000
10.810000
10.810000
10.810000
10.810000
10.810000
10.810000
10.810000
10.810000
10.810000
10.810000
11.100000
11.100000
11.100000
11.100000
11.100000
11.100000
11.100000
11.100000
11.100000
11.100000
11.100000
11.100000
11.100000
11.100000
11.100000
11.100000
11.100000
11.400000
11.400000
11.400000
11.400000
11.400000
11.400000
11.400000
11.400000
11.400000
11.400000
11.700000
11.700000
11.700000
11.700000
11.700000
11.700000
11.700000
11.700000
11.700000
11.990000
11.990000
11.990000
11.990000
11.990000
11.990000
11.990000
11.990000
11.990000
11.990000
11.990000
12.290000
12.290000
12.290000
12.290000
12.290000
12.290000
12.290000
12.580000
12.580000
12.580000
12.580000
12.580000
12.580000
12.580000
12.880000
12.880000
12.880000
12.880000
12.880000
12.880000
12.880000
12.880000
12.880000
12.880000
12.880000
12.880000
12.880000
12.880000
12.880000
12.880000
13.170000
13.170000
13.170000
13.170000
13.170000
13.170000
13.170000
13.170000
13.170000
13.170000
13.170000
13.470000
13.470000
13.470000
13.470000
13.470000
13.470000
13.470000
13.470000
13.470000
13.470000
13.470000
14.640000
14.640000
14.640000
14.640000
14.640000
14.640000
14.640000
14.640000
14.640000
14.640000
14.640000
15.810000
15.810000
15.810000
15.810000
15.810000
15.810000
15.810000
15.810000
15.810000
15.810000
15.810000
15.810000
16.990000
16.990000
16.990000
16.990000
16.990000
16.990000
16.990000
16.990000
16.990000
16.990000
16.990000
16.990000
16.990000
16.990000
16.990000
16.990000
16.990000
18.160000
18.160000
18.160000
18.160000
18.160000
18.160000
18.160000
18.160000
18.160000
18.160000
18.160000
18.160000
18.160000
19.330000
19.330000
19.330000
19.330000
19.330000
19.330000
19.330000
19.330000
19.330000
20.500000
20.500000
20.500000
20.500000
20.500000
20.500000
20.500000
20.500000
20.500000
20.500000
20.500000
21.670000
21.670000
21.670000
21.670000
21.670000
21.670000
21.670000
21.670000
21.670000
21.670000
21.670000
21.670000
21.670000
21.670000
22.850000
22.850000
22.850000
22.850000
22.850000
22.850000
22.850000
24.020000
24.020000
24.020000
24.020000
24.020000
24.020000
24.020000
25.190001
25.190001
25.190001
25.190001
25.190001
25.190001
25.190001
25.190001
25.190001
25.190001
25.190001
26.360001
26.360001
26.360001
26.360001
26.360001
26.360001
26.360001
27.540001
27.540001
27.540001
27.540001
27.540001
27.540001
27.540001
27.540001
27.540001
28.709999
28.709999
28.709999
28.709999
28.709999
28.709999
28.709999
28.709999
28.709999
29.879999
29.879999
29.879999
29.879999
29.879999
29.879999
29.879999
29.879999
29.879999
29.879999
29.879999
29.879999
29.879999
29.879999
29.879999
29.879999
29.879999
31.049999
31.049999
31.049999
31.049999
31.049999
31.049999
31.049999
31.049999
31.049999
31.049999
31.049999
32.220001
32.220001
32.220001
32.220001
32.220001
32.220001
32.220001
33.400002
33.400002
33.400002
33.400002
33.400002
33.400002
33.400002
33.400002
33.400002
33.400002
33.400002
33.400002
33.400002
33.400002
33.400002
34.570000
34.570000
34.570000
34.570000
34.570000
34.570000
34.570000
34.570000
34.570000
34.570000
35.740002
35.740002
35.740002
35.740002
35.740002
35.740002
35.740002
35.740002
35.740002
35.740002
35.740002
35.740002
36.910000
36.910000
36.910000
36.910000
36.910000
36.910000
36.910000
36.910000
36.910000
36.910000
36.910000
36.910000
38.080002
38.080002
38.080002
38.080002
38.080002
38.080002
38.080002
38.080002
38.080002
38.080002
38.080002
39.259998
39.259998
39.259998
39.259998
39.259998
39.259998
39.259998
39.259998
39.259998
39.259998
39.259998
39.259998
39.259998
39.259998
40.430000
40.430000
40.430000
40.430000
40.430000
40.430000
40.430000
40.430000
40.430000
40.430000
40.430000
40.430000
40.430000
41.599998
41.599998
42.770000
42.770000
42.770000
42.770000
42.770000
42.770000
42.770000
42.770000
42.770000
42.770000
42.770000
42.770000
43.939999
43.939999
43.939999
43.939999
43.939999
43.939999
43.939999
45.119999
45.119999
45.119999
45.119999
45.119999
45.119999
45.119999
45.119999
45.119999
46.290001
46.290001
46.290001
46.290001
46.290001
46.290001
46.290001
46.290001
46.290001
46.290001
46.290001
46.290001
47.459999
47.459999
47.459999
47.459999
47.459999
47.459999
47.459999
47.459999
47.459999
47.459999
48.630001
48.630001
48.630001
48.630001
48.630001
48.630001
48.630001
48.630001
49.799999
49.799999
49.799999
49.799999
49.799999
49.799999
49.799999
49.799999
49.799999
49.799999
49.799999
50.980000
50.980000
50.980000
50.980000
50.980000
50.980000
50.980000
50.980000
52.150002
52.150002
52.150002
52.150002
52.150002
52.150002
52.150002
52.150002
52.150002
52.150002
52.150002
53.320000
53.320000
53.320000
53.320000
53.320000
53.320000
53.320000
53.320000
53.320000
54.490002
54.490002
54.490002
54.490002
54.490002
54.490002
54.490002
54.490002
55.660000
55.660000
55.660000
55.660000
55.660000
55.660000
55.660000
55.660000
55.660000
55.660000
55.660000
55.660000
55.660000
55.660000
56.840000
56.840000
56.840000
56.840000
56.840000
56.840000
56.840000
56.840000
56.840000
56.840000
56.840000
58.009998
58.009998
58.009998
58.009998
58.009998
58.009998
58.009998
58.009998
58.009998
58.009998
58.009998
58.009998
58.009998
58.009998
59.180000
59.180000
59.180000
59.180000
59.180000
59.180000
60.349998
60.349998
60.349998
60.349998
60.349998
60.349998
60.349998
60.349998
60.349998
60.349998
60.349998
61.529999
61.529999
61.529999
61.529999
61.529999
61.529999
61.529999
61.529999
61.529999
62.700001
62.700001
62.700001
62.700001
62.700001
62.700001
62.700001
62.700001
62.700001
63.869999
63.869999
63.869999
63.869999
63.869999
63.869999
63.869999
63.869999
63.869999
63.869999
63.869999
63.869999
63.869999
63.869999
63.869999
63.869999
65.040001
65.040001
65.040001
65.040001
65.040001
65.040001
65.040001
65.040001
65.040001
65.040001
66.209999
66.209999
66.209999
66.209999
66.209999
66.209999
66.209999
66.209999
66.209999
66.209999
66.209999
66.209999
66.209999
70.800003
70.800003
75.389999
75.389999
75.389999
75.389999
75.389999
75.389999
75.389999
75.389999
79.970001
79.970001
79.970001
79.970001
79.970001
79.970001
84.559998
84.559998
84.559998
84.559998
84.559998
84.559998
84.559998
84.559998
84.559998
84.559998
84.559998
88.000000
88.000000
88.000000
88.000000
88.000000
88.000000
88.000000
88.000000
88.000000
