0.000000
0.000000
0.000000
0.000000
0.000000
0.000000
0.000000
0.000000
0.000000
0.000000
0.000000
0.000000
0.000000
0.000000
0.000000
0.000000
0.000000
0.000000
0.000000
0.000000
0.000000
0.000000
0.000000
0.000000
0.000000
0.000000
0.000000
0.000000
0.000000
0.000000
0.000000
0.000000
0.000000
0.000000
0.000000
0.000000
0.000000
0.000000
0.000000
0.000000
0.000000
0.000000
0.000000
0.000000
0.000000
0.000000
0.000000
0.000000
0.000000
0.000000
0.000000
0.000000
0.000000
0.432800
0.432800
0.432800
0.432800
0.432800
0.661500
0.661500
0.661500
0.661500
0.661500
0.661500
0.661500
0.661500
0.661500
0.661500
0.661500
0.661500
0.661500
0.890300
0.890300
0.890300
0.890300
0.890300
0.890300
0.890300
0.890300
0.890300
0.890300
0.890300
1.119000
1.119000
1.119000
1.119000
1.119000
1.119000
1.119000
1.119000
1.119000
1.119000
1.119000
1.119000
1.119000
1.348000
1.348000
1.348000
1.348000
1.348000
1.348000
1.348000
1.348000
1.577000
1.577000
1.577000
1.577000
1.577000
1.577000
1.577000
1.577000
1.577000
1.805000
1.805000
1.805000
1.805000
1.805000
1.805000
1.805000
1.805000
1.805000
1.805000
2.034000
2.034000
2.034000
2.034000
2.034000
2.034000
2.263000
2.263000
2.263000
2.263000
2.263000
2.263000
2.263000
2.263000
2.263000
2.263000
2.263000
2.263000
2.263000
2.263000
2.492000
2.492000
2.492000
2.492000
2.492000
2.492000
2.492000
2.492000
2.492000
2.492000
2.492000
2.492000
2.492000
2.492000
2.492000
2.720000
2.720000
2.720000
2.720000
2.720000
2.720000
2.720000
2.949000
2.949000
2.949000
2.949000
2.949000
2.949000
2.949000
2.949000
2.949000
2.949000
2.949000
2.949000
2.949000
2.949000
3.178000
3.178000
3.178000
3.178000
3.178000
3.178000
3.178000
3.178000
3.407000
3.407000
3.407000
3.407000
3.407000
3.407000
3.635000
3.635000
3.635000
3.635000
3.635000
3.635000
3.864000
3.864000
3.864000
3.864000
3.864000
3.864000
3.864000
3.864000
3.864000
3.864000
3.864000
4.093000
4.093000
4.093000
4.093000
4.093000
4.093000
4.093000
4.093000
4.322000
4.322000
4.322000
4.322000
4.322000
4.322000
4.322000
4.322000
4.322000
4.322000
4.322000
4.322000
4.322000
4.322000
4.322000
4.322000
4.551000
4.551000
4.551000
4.551000
4.779000
4.779000
4.779000
4.779000
4.779000
4.779000
4.779000
4.779000
4.779000
4.779000
4.779000
4.779000
4.779000
5.008000
5.008000
5.008000
5.008000
5.008000
5.008000
5.008000
5.008000
5.237000
5.237000
5.237000
5.237000
5.237000
5.237000
5.466000
5.466000
5.466000
5.466000
5.466000
5.466000
5.466000
5.466000
5.466000
5.694000
5.694000
5.694000
5.694000
5.694000
5.694000
5.694000
5.694000
5.694000
5.694000
5.694000
5.694000
5.923000
5.923000
5.923000
5.923000
5.923000
5.923000
5.923000
5.923000
5.923000
5.923000
6.152000
6.152000
6.152000
6.152000
6.152000
6.152000
6.152000
6.381000
6.381000
6.381000
6.381000
6.381000
6.381000
6.381000
6.381000
6.381000
6.381000
6.381000
6.381000
6.609000
6.609000
6.609000
6.609000
6.609000
6.609000
6.609000
6.838000
6.838000
6.838000
6.838000
6.838000
6.838000
6.838000
6.838000
6.838000
6.838000
6.838000
7.067000
7.067000
7.067000
7.067000
7.067000
7.067000
7.067000
7.067000
7.067000
7.067000
7.067000
7.296000
7.296000
7.296000
7.296000
7.296000
7.296000
7.296000
7.296000
7.296000
7.524000
7.524000
7.524000
7.524000
7.524000
7.524000
7.524000
7.524000
7.753000
7.753000
7.753000
7.753000
7.753000
7.753000
7.753000
7.753000
7.982000
7.982000
7.982000
7.982000
7.982000
7.982000
7.982000
7.982000
7.982000
7.982000
7.982000
8.211000
8.211000
8.211000
8.211000
8.211000
8.211000
8.211000
8.211000
8.211000
8.211000
8.211000
8.211000
8.211000
8.440000
8.440000
8.440000
8.440000
8.440000
8.440000
8.440000
8.440000
8.440000
8.440000
8.668000
8.668000
8.668000
8.668000
8.668000
8.668000
8.668000
8.668000
8.668000
8.668000
8.668000
8.668000
8.668000
8.897000
8.897000
8.897000
8.897000
8.897000
8.897000
8.897000
8.897000
8.897000
8.897000
8.897000
8.897000
9.126000
9.126000
9.126000
9.126000
9.126000
9.126000
9.126000
9.126000
9.126000
9.126000
9.126000
9.355000
9.355000
9.355000
9.355000
9.355000
9.355000
9.355000
9.355000
9.355000
9.583000
9.583000
9.583000
9.583000
9.583000
9.583000
9.583000
9.583000
9.583000
9.583000
9.583000
9.583000
9.812000
9.812000
9.812000
9.812000
9.812000
9.812000
9.812000
10.040000
10.040000
10.040000
10.040000
10.040000
10.040000
10.040000
10.040000
10.040000
10.270000
10.270000
10.270000
10.270000
10.270000
10.270000
10.270000
10.270000
10.270000
10.270000
10.270000
10.500000
10.500000
10.500000
10.500000
10.500000
10.500000
10.500000
10.500000
10.730000
10.730000
10.730000
10.730000
10.730000
10.730000
10.730000
11.910000
11.910000
11.910000
11.910000
11.910000
11.910000
11.910000
11.910000
11.910000
11.910000
11.910000
11.910000
11.910000
13.080000
13.080000
13.080000
13.080000
13.080000
13.080000
13.080000
13.080000
13.080000
13.080000
13.080000
13.080000
14.260000
14.260000
14.260000
14.260000
14.260000
14.260000
14.260000
14.260000
15.440000
15.440000
15.440000
15.440000
15.440000
15.440000
15.440000
15.440000
15.440000
15.440000
15.440000
15.440000
15.440000
15.440000
15.440000
15.440000
16.620001
16.620001
16.620001
16.620001
16.620001
16.620001
16.620001
16.620001
17.799999
17.799999
17.799999
17.799999
17.799999
17.799999
17.799999
17.799999
18.980000
18.980000
18.980000
18.980000
18.980000
18.980000
20.160000
20.160000
20.160000
20.160000
20.160000
20.160000
20.160000
20.160000
20.160000
20.160000
20.160000
21.340000
21.340000
21.340000
21.340000
21.340000
22.510000
22.510000
22.510000
22.510000
22.510000
22.510000
23.690001
23.690001
23.690001
23.690001
23.690001
23.690001
23.690001
23.690001
23.690001
23.690001
23.690001
24.870001
24.870001
24.870001
24.870001
24.870001
24.870001
24.870001
24.870001
26.049999
26.049999
26.049999
26.049999
26.049999
26.049999
26.049999
27.230000
27.230000
27.230000
27.230000
27.230000
27.230000
27.230000
28.410000
28.410000
28.410000
28.410000
28.410000
28.410000
28.410000
28.410000
28.410000
28.410000
28.410000
28.410000
28.410000
29.590000
29.590000
29.590000
29.590000
29.590000
29.590000
29.590000
29.590000
29.590000
29.590000
29.590000
30.770000
30.770000
30.770000
30.770000
30.770000
30.770000
30.770000
30.770000
30.770000
30.770000
30.770000
30.770000
30.770000
30.770000
30.770000
30.770000
30.770000
31.940001
31.940001
31.940001
31.940001
31.940001
31.940001
31.940001
31.940001
31.940001
31.940001
31.940001
31.940001
31.940001
31.940001
31.940001
31.940001
33.119999
33.119999
33.119999
33.119999
33.119999
33.119999
33.119999
33.119999
33.119999
34.299999
34.299999
34.299999
34.299999
34.299999
34.299999
35.480000
35.480000
35.480000
35.480000
35.480000
35.480000
35.480000
35.480000
35.480000
35.480000
35.480000
35.480000
35.480000
35.480000
35.480000
35.480000
35.480000
35.480000
36.660000
36.660000
36.660000
36.660000
36.660000
36.660000
36.660000
36.660000
36.660000
36.660000
36.660000
36.660000
36.660000
36.660000
36.660000
36.660000
36.660000
37.840000
37.840000
37.840000
37.840000
37.840000
37.840000
37.840000
37.840000
37.840000
39.020000
39.020000
39.020000
39.020000
39.020000
39.020000
39.020000
40.200001
40.200001
40.200001
40.200001
40.200001
40.200001
40.200001
40.200001
40.200001
40.200001
40.200001
40.200001
41.369999
41.369999
41.369999
41.369999
41.369999
41.369999
41.369999
41.369999
41.369999
42.549999
42.549999
42.549999
42.549999
42.549999
42.549999
42.549999
42.549999
43.730000
43.730000
43.730000
43.730000
43.730000
43.730000
43.730000
43.730000
43.730000
44.910000
44.910000
44.910000
44.910000
44.910000
44.910000
44.910000
44.910000
44.910000
46.090000
46.090000
46.090000
46.090000
46.090000
46.090000
46.090000
46.090000
46.090000
46.090000
46.090000
47.270000
47.270000
47.270000
47.270000
47.270000
47.270000
47.270000
47.270000
47.270000
47.270000
47.270000
48.450001
48.450001
48.450001
48.450001
48.450001
48.450001
48.450001
48.450001
48.450001
48.450001
48.450001
49.630001
49.630001
49.630001
49.630001
49.630001
49.630001
49.630001
49.630001
49.630001
49.630001
50.799999
50.799999
50.799999
50.799999
50.799999
50.799999
50.799999
50.799999
51.980000
51.980000
51.980000
51.980000
51.980000
51.980000
53.160000
53.160000
53.160000
53.160000
53.160000
53.160000
53.160000
53.160000
53.160000
53.160000
53.160000
54.340000
54.340000
54.340000
54.340000
54.340000
54.340000
54.340000
54.340000
55.520000
55.520000
55.520000
55.520000
55.520000
55.520000
55.520000
55.520000
55.520000
55.520000
56.700001
56.700001
56.700001
56.700001
56.700001
56.700001
56.700001
57.880001
57.880001
57.880001
57.880001
57.880001
57.880001
57.880001
57.880001
59.060001
59.060001
59.060001
59.060001
59.060001
59.060001
59.060001
59.060001
60.230000
60.230000
60.230000
60.230000
60.230000
60.230000
60.230000
60.230000
60.230000
60.230000
61.410000
61.410000
61.410000
61.410000
61.410000
61.410000
61.410000
61.410000
61.410000
62.590000
62.590000
62.590000
62.590000
62.590000
62.590000
62.590000
62.590000
62.590000
62.590000
62.590000
62.590000
62.590000
62.590000
63.770000
63.770000
63.770000
63.770000
63.770000
63.770000
63.770000
63.770000
63.770000
63.770000
70.029999
70.029999
70.029999
70.029999
70.029999
70.029999
70.029999
70.029999
70.029999
70.029999
70.029999
76.290001
76.290001
76.290001
76.290001
76.290001
76.290001
76.290001
76.290001
76.290001
76.290001
76.290001
82.550003
82.550003
82.550003
82.550003
82.550003
82.550003
82.550003
88.809998
88.809998
88.809998
88.809998
88.809998
88.809998
88.809998
88.809998
88.809998
88.809998
93.500000
93.500000
93.500000
93.500000
93.500000
93.500000
93.500000
93.500000
93.500000
93.500000
93.500000
93.500000
