0.000000
0.000000
0.000000
0.000000
0.000000
0.000000
0.000000
0.000000
0.000000
0.000000
0.000000
0.000000
0.000000
0.000000
0.000000
0.000000
0.000000
0.000000
0.000000
0.000000
0.000000
0.000000
0.000000
0.000000
0.000000
0.000000
0.000000
0.000000
0.000000
0.000000
0.000000
0.000000
0.000000
0.000000
0.000000
0.000000
0.000000
0.000000
0.000000
0.000000
0.000000
0.000000
0.000000
0.000000
0.000000
0.000000
0.000000
0.000000
0.000000
0.524400
0.524400
0.524400
0.524400
0.524400
0.524400
0.524400
0.524400
0.524400
0.524400
0.524400
0.524400
0.694000
0.694000
0.694000
0.694000
0.694000
0.694000
0.694000
0.694000
0.863600
0.863600
0.863600
0.863600
0.863600
0.863600
0.863600
0.863600
0.863600
0.863600
0.863600
0.863600
0.863600
1.033000
1.033000
1.033000
1.033000
1.033000
1.033000
1.033000
1.033000
1.033000
1.033000
1.033000
1.033000
1.033000
1.033000
1.203000
1.203000
1.203000
1.203000
1.203000
1.203000
1.203000
1.372000
1.372000
1.372000
1.372000
1.372000
1.372000
1.372000
1.372000
1.372000
1.372000
1.372000
1.542000
1.542000
1.542000
1.542000
1.542000
1.542000
1.542000
1.542000
1.542000
1.542000
1.542000
1.542000
1.542000
1.542000
1.711000
1.711000
1.711000
1.711000
1.711000
1.711000
1.711000
1.881000
1.881000
1.881000
1.881000
1.881000
1.881000
1.881000
1.881000
1.881000
2.051000
2.051000
2.051000
2.051000
2.051000
2.051000
2.051000
2.051000
2.051000
2.220000
2.220000
2.220000
2.220000
2.390000
2.390000
2.390000
2.390000
2.390000
2.390000
2.390000
2.390000
2.390000
2.390000
2.390000
2.390000
2.390000
2.390000
2.559000
2.559000
2.559000
2.559000
2.559000
2.559000
2.559000
2.559000
2.559000
2.559000
2.559000
2.729000
2.729000
2.729000
2.729000
2.729000
2.729000
2.729000
2.899000
2.899000
2.899000
2.899000
2.899000
2.899000
2.899000
2.899000
2.899000
2.899000
2.899000
2.899000
2.899000
2.899000
2.899000
3.068000
3.068000
3.068000
3.068000
3.068000
3.068000
3.068000
3.238000
3.238000
3.238000
3.238000
3.238000
3.238000
3.238000
3.238000
3.238000
3.238000
3.238000
3.238000
3.238000
3.407000
3.407000
3.407000
3.407000
3.407000
3.407000
3.407000
3.407000
3.407000
3.407000
3.407000
3.407000
3.577000
3.577000
3.577000
3.577000
3.577000
3.577000
3.577000
3.577000
3.577000
3.577000
3.747000
3.747000
3.747000
3.747000
3.747000
3.747000
3.747000
3.747000
3.747000
3.747000
3.747000
3.747000
3.747000
3.747000
3.747000
3.916000
3.916000
3.916000
3.916000
3.916000
3.916000
3.916000
4.086000
4.086000
4.086000
4.086000
4.255000
4.255000
4.255000
4.255000
4.255000
4.255000
4.255000
4.255000
4.255000
4.425000
4.425000
4.425000
4.425000
4.425000
4.425000
4.425000
4.425000
4.425000
4.594000
4.594000
4.594000
4.594000
4.594000
4.594000
4.594000
4.594000
4.594000
4.594000
4.594000
4.594000
4.594000
4.764000
4.764000
4.764000
4.764000
4.764000
4.764000
4.764000
4.764000
4.764000
4.764000
4.934000
4.934000
4.934000
4.934000
4.934000
4.934000
5.103000
5.103000
5.103000
5.103000
5.103000
5.103000
5.273000
5.273000
5.273000
5.273000
5.273000
5.273000
5.273000
5.273000
5.273000
5.442000
5.442000
5.442000
5.442000
5.442000
5.442000
5.442000
5.442000
5.442000
5.442000
5.612000
5.612000
5.612000
5.612000
5.612000
5.612000
5.612000
5.612000
5.612000
5.612000
5.612000
5.612000
5.612000
5.782000
5.782000
5.782000
5.782000
5.782000
5.782000
5.951000
5.951000
5.951000
5.951000
5.951000
5.951000
5.951000
5.951000
5.951000
5.951000
6.121000
6.121000
6.121000
6.121000
6.121000
6.121000
6.121000
6.121000
6.121000
6.121000
6.121000
6.121000
6.290000
6.290000
6.290000
6.290000
6.290000
6.290000
6.290000
6.290000
6.290000
6.290000
6.460000
6.460000
6.460000
6.460000
6.460000
6.460000
6.460000
6.460000
6.630000
6.630000
6.630000
6.630000
6.630000
6.799000
6.799000
6.799000
6.799000
6.799000
6.799000
6.799000
6.799000
6.799000
6.799000
6.799000
6.969000
6.969000
6.969000
6.969000
6.969000
6.969000
6.969000
6.969000
7.138000
7.138000
7.138000
7.138000
7.138000
7.138000
7.138000
7.138000
7.138000
7.308000
7.308000
7.308000
7.308000
7.308000
7.308000
7.308000
7.308000
7.308000
7.477000
7.477000
7.477000
7.477000
7.477000
7.477000
7.477000
7.477000
7.477000
7.477000
7.477000
7.477000
7.647000
7.647000
7.647000
7.647000
7.647000
7.647000
7.647000
7.647000
7.647000
7.647000
7.647000
7.647000
7.817000
7.817000
7.817000
7.817000
7.817000
7.817000
7.817000
7.817000
7.986000
7.986000
7.986000
7.986000
7.986000
7.986000
7.986000
7.986000
7.986000
7.986000
8.156000
8.156000
8.156000
8.156000
8.156000
8.156000
8.156000
8.156000
8.156000
8.156000
8.156000
8.156000
8.156000
8.156000
8.156000
9.165000
9.165000
9.165000
9.165000
9.165000
9.165000
9.165000
9.165000
9.165000
9.165000
10.170000
10.170000
10.170000
10.170000
10.170000
10.170000
10.170000
10.170000
10.170000
10.170000
10.170000
10.170000
10.170000
10.170000
10.170000
10.170000
11.180000
11.180000
11.180000
11.180000
11.180000
11.180000
11.180000
11.180000
11.180000
11.180000
11.180000
11.180000
11.180000
11.180000
12.190000
12.190000
12.190000
12.190000
12.190000
12.190000
12.190000
12.190000
12.190000
12.190000
13.200000
13.200000
13.200000
13.200000
13.200000
13.200000
13.200000
13.200000
13.200000
13.200000
13.200000
13.200000
13.200000
13.200000
13.200000
13.200000
13.200000
14.210000
14.210000
14.210000
14.210000
14.210000
14.210000
14.210000
14.210000
14.210000
14.210000
14.210000
14.210000
14.210000
14.210000
14.210000
14.210000
15.220000
15.220000
15.220000
15.220000
15.220000
15.220000
15.220000
15.220000
15.220000
15.220000
15.220000
15.220000
15.220000
15.220000
16.230000
16.230000
16.230000
16.230000
16.230000
16.230000
16.230000
16.230000
16.230000
16.230000
16.230000
17.230000
17.230000
17.230000
17.230000
17.230000
17.230000
17.230000
17.230000
17.230000
17.230000
17.230000
17.230000
17.230000
17.230000
17.230000
17.230000
17.230000
18.240000
18.240000
18.240000
18.240000
19.250000
19.250000
19.250000
19.250000
19.250000
19.250000
19.250000
19.250000
19.250000
19.250000
19.250000
19.250000
19.250000
20.260000
20.260000
20.260000
20.260000
20.260000
20.260000
20.260000
20.260000
21.270000
21.270000
21.270000
22.280001
22.280001
22.280001
22.280001
22.280001
23.290001
23.290001
23.290001
23.290001
23.290001
23.290001
23.290001
23.290001
24.299999
24.299999
24.299999
24.299999
24.299999
24.299999
24.299999
24.299999
25.299999
25.299999
25.299999
25.299999
25.299999
25.299999
26.309999
26.309999
26.309999
26.309999
26.309999
26.309999
26.309999
26.309999
27.320000
27.320000
27.320000
27.320000
27.320000
27.320000
27.320000
27.320000
27.320000
27.320000
28.330000
28.330000
28.330000
28.330000
28.330000
28.330000
28.330000
28.330000
28.330000
28.330000
28.330000
28.330000
28.330000
28.330000
29.340000
29.340000
29.340000
29.340000
29.340000
29.340000
29.340000
29.340000
29.340000
30.350000
30.350000
30.350000
30.350000
30.350000
30.350000
30.350000
30.350000
30.350000
30.350000
30.350000
30.350000
31.360001
31.360001
31.360001
31.360001
31.360001
31.360001
31.360001
31.360001
32.369999
32.369999
32.369999
32.369999
32.369999
32.369999
32.369999
32.369999
32.369999
32.369999
32.369999
33.369999
33.369999
33.369999
33.369999
33.369999
33.369999
33.369999
33.369999
33.369999
33.369999
33.369999
33.369999
33.369999
33.369999
34.380001
34.380001
34.380001
34.380001
34.380001
34.380001
34.380001
35.389999
35.389999
35.389999
35.389999
35.389999
35.389999
35.389999
35.389999
36.400002
36.400002
36.400002
36.400002
36.400002
36.400002
36.400002
36.400002
37.410000
37.410000
37.410000
37.410000
37.410000
37.410000
37.410000
37.410000
37.410000
37.410000
37.410000
37.410000
37.410000
37.410000
37.410000
38.419998
38.419998
38.419998
38.419998
38.419998
38.419998
38.419998
39.430000
39.430000
39.430000
39.430000
39.430000
39.430000
39.430000
39.430000
40.439999
40.439999
40.439999
40.439999
40.439999
40.439999
40.439999
40.439999
40.439999
40.439999
40.439999
40.439999
40.439999
41.450001
41.450001
41.450001
41.450001
41.450001
41.450001
41.450001
41.450001
41.450001
42.450001
42.450001
42.450001
42.450001
42.450001
43.459999
43.459999
43.459999
43.459999
43.459999
43.459999
43.459999
43.459999
44.470001
44.470001
44.470001
44.470001
44.470001
44.470001
44.470001
44.470001
45.480000
45.480000
45.480000
45.480000
45.480000
45.480000
45.480000
45.480000
45.480000
45.480000
45.480000
45.480000
45.480000
45.480000
45.480000
46.490002
46.490002
46.490002
46.490002
46.490002
46.490002
47.500000
47.500000
47.500000
47.500000
47.500000
47.500000
47.500000
47.500000
47.500000
48.509998
48.509998
48.509998
48.509998
48.509998
48.509998
48.509998
48.509998
48.509998
48.509998
48.509998
48.509998
49.520000
49.520000
49.520000
49.520000
49.520000
49.520000
49.520000
49.520000
49.520000
50.520000
50.520000
50.520000
51.529999
51.529999
51.529999
51.529999
51.529999
51.529999
51.529999
51.529999
51.529999
51.529999
52.540001
52.540001
52.540001
52.540001
52.540001
52.540001
52.540001
52.540001
52.540001
52.540001
52.540001
52.540001
52.540001
53.549999
53.549999
53.549999
53.549999
53.549999
53.549999
53.549999
53.549999
53.549999
53.549999
53.549999
53.549999
63.330002
63.330002
63.330002
63.330002
63.330002
63.330002
63.330002
63.330002
63.330002
63.330002
63.330002
63.330002
63.330002
63.330002
73.110001
73.110001
73.110001
73.110001
73.110001
73.110001
73.110001
82.889999
82.889999
82.889999
82.889999
82.889999
82.889999
82.889999
82.889999
82.889999
82.889999
82.889999
92.669998
92.669998
92.669998
92.669998
92.669998
92.669998
92.669998
92.669998
92.669998
100.000000
100.000000
100.000000
100.000000
100.000000
100.000000
