0.000000
0.000000
0.000000
0.000000
0.000000
0.000000
0.000000
0.000000
0.000000
0.000000
0.000000
0.000000
0.000000
0.000000
0.000000
0.000000
0.000000
0.000000
0.000000
0.000000
0.000000
0.000000
0.000000
0.000000
0.000000
0.000000
0.000000
0.000000
0.000000
0.000000
0.000000
0.000000
0.000000
0.000000
0.000000
0.000000
0.000000
0.000000
0.000000
0.000000
0.000000
0.000000
0.000000
0.000000
0.000000
0.000000
0.000000
0.000000
0.000000
0.000000
0.000000
0.000000
0.000000
0.000000
0.033130
0.033130
0.087160
0.087160
0.087160
0.087160
0.087160
0.087160
0.087160
0.087160
0.087160
0.087160
0.087160
0.087160
0.087160
0.087160
0.141200
0.141200
0.141200
0.141200
0.141200
0.141200
0.141200
0.195200
0.195200
0.195200
0.195200
0.195200
0.195200
0.195200
0.195200
0.195200
0.195200
0.195200
0.195200
0.195200
0.195200
0.249200
0.249200
0.249200
0.249200
0.249200
0.249200
0.249200
0.249200
0.303300
0.303300
0.303300
0.303300
0.303300
0.303300
0.303300
0.303300
0.303300
0.303300
0.357300
0.357300
0.357300
0.357300
0.357300
0.357300
0.357300
0.357300
0.357300
0.411300
0.411300
0.411300
0.411300
0.411300
0.411300
0.411300
0.411300
0.411300
0.411300
0.411300
0.465400
0.465400
0.465400
0.465400
0.465400
0.465400
0.465400
0.465400
0.519400
0.519400
0.519400
0.519400
0.519400
0.519400
0.519400
0.573400
0.573400
0.573400
0.573400
0.573400
0.573400
0.573400
0.627500
0.627500
0.627500
0.627500
0.627500
0.627500
0.627500
0.627500
0.627500
0.681500
0.681500
0.681500
0.681500
0.681500
0.681500
0.681500
0.681500
0.735500
0.735500
0.735500
0.735500
0.735500
0.735500
0.735500
0.735500
0.735500
0.789500
0.789500
0.789500
0.789500
0.789500
0.789500
0.789500
0.789500
0.789500
0.789500
0.789500
0.843600
0.843600
0.843600
0.843600
0.843600
0.843600
0.843600
0.843600
0.843600
0.843600
0.843600
0.843600
0.897600
0.897600
0.897600
0.897600
0.897600
0.897600
0.897600
0.897600
0.897600
0.951600
0.951600
0.951600
0.951600
0.951600
0.951600
0.951600
1.006000
1.006000
1.006000
1.006000
1.006000
1.006000
1.006000
1.006000
1.006000
1.006000
1.060000
1.060000
1.060000
1.060000
1.060000
1.060000
1.060000
1.060000
1.060000
1.060000
1.060000
1.114000
1.114000
1.114000
1.114000
1.114000
1.114000
1.114000
1.114000
1.114000
1.114000
1.114000
1.114000
1.114000
1.114000
1.114000
1.114000
1.114000
1.168000
1.168000
1.168000
1.168000
1.168000
1.168000
1.168000
1.168000
1.168000
1.168000
1.168000
1.168000
1.168000
1.168000
1.222000
1.222000
1.222000
1.222000
1.222000
1.222000
1.222000
1.222000
1.222000
1.222000
1.222000
1.276000
1.276000
1.276000
1.276000
1.276000
1.276000
1.276000
1.276000
1.276000
1.276000
1.276000
1.330000
1.330000
1.330000
1.330000
1.330000
1.330000
1.330000
1.330000
1.330000
1.330000
1.330000
1.330000
1.330000
1.384000
1.384000
1.384000
1.384000
1.384000
1.384000
1.384000
1.438000
1.438000
1.438000
1.438000
1.438000
1.438000
1.438000
1.438000
1.438000
1.438000
1.438000
1.438000
1.438000
1.492000
1.492000
1.492000
1.492000
1.492000
1.492000
1.492000
1.546000
1.546000
1.546000
1.546000
1.546000
1.546000
1.546000
1.546000
1.546000
1.546000
1.546000
1.546000
1.600000
1.600000
1.600000
1.600000
1.600000
1.600000
1.600000
1.600000
1.600000
1.600000
1.654000
1.654000
1.654000
1.654000
1.654000
1.654000
1.654000
1.654000
1.654000
1.654000
1.654000
1.654000
1.654000
1.708000
1.708000
1.708000
1.708000
1.708000
1.708000
1.708000
1.708000
1.708000
1.708000
1.708000
1.708000
1.708000
1.708000
1.762000
1.762000
1.762000
1.762000
1.816000
1.816000
1.816000
1.816000
1.816000
1.816000
1.816000
1.816000
1.816000
1.816000
1.870000
1.870000
1.870000
1.870000
1.870000
1.870000
1.870000
1.870000
1.870000
1.870000
1.870000
1.870000
1.870000
1.924000
1.924000
1.924000
1.924000
1.924000
1.924000
1.924000
1.924000
1.924000
1.978000
1.978000
1.978000
1.978000
1.978000
1.978000
1.978000
1.978000
1.978000
1.978000
1.978000
1.978000
1.978000
1.978000
2.032000
2.032000
2.032000
2.032000
2.032000
2.032000
2.032000
2.032000
2.086000
2.086000
2.086000
2.086000
2.086000
2.086000
2.086000
2.086000
2.086000
2.086000
2.140000
2.140000
2.140000
2.140000
2.140000
2.140000
2.140000
2.140000
2.140000
2.140000
2.140000
2.194000
2.194000
2.194000
2.194000
2.194000
2.194000
2.194000
2.194000
2.194000
2.194000
2.194000
2.194000
2.194000
2.194000
2.194000
2.194000
2.248000
2.248000
2.248000
2.248000
2.248000
2.248000
2.248000
2.302000
2.302000
2.302000
2.302000
2.302000
2.302000
2.302000
2.302000
2.302000
2.302000
2.356000
2.356000
2.356000
2.356000
2.356000
2.356000
2.356000
2.356000
2.356000
2.356000
2.356000
2.356000
2.410000
2.410000
2.410000
2.410000
2.410000
2.410000
2.410000
2.410000
2.410000
2.410000
2.410000
2.410000
2.410000
2.464000
2.464000
2.464000
2.464000
2.464000
2.464000
2.464000
2.464000
2.990000
2.990000
2.990000
2.990000
2.990000
2.990000
2.990000
2.990000
3.515000
3.515000
3.515000
3.515000
3.515000
3.515000
3.515000
3.515000
3.515000
4.040000
4.040000
4.040000
4.040000
4.040000
4.040000
4.040000
4.040000
4.040000
4.565000
4.565000
4.565000
4.565000
4.565000
4.565000
5.090000
5.090000
5.090000
5.090000
5.090000
5.090000
5.090000
5.090000
5.090000
5.615000
5.615000
5.615000
5.615000
5.615000
5.615000
5.615000
5.615000
5.615000
5.615000
5.615000
5.615000
5.615000
6.140000
6.140000
6.140000
6.140000
6.140000
6.140000
6.140000
6.140000
6.140000
6.140000
6.140000
6.140000
6.140000
6.140000
6.666000
6.666000
6.666000
6.666000
6.666000
6.666000
6.666000
6.666000
6.666000
6.666000
6.666000
6.666000
7.191000
7.191000
7.191000
7.191000
7.191000
7.191000
7.191000
7.191000
7.191000
7.191000
7.716000
7.716000
7.716000
7.716000
7.716000
7.716000
7.716000
7.716000
7.716000
7.716000
7.716000
7.716000
8.241000
8.241000
8.241000
8.241000
8.241000
8.241000
8.241000
8.241000
8.241000
8.241000
8.241000
8.766000
8.766000
8.766000
8.766000
8.766000
8.766000
8.766000
8.766000
8.766000
8.766000
9.291000
9.291000
9.291000
9.291000
9.291000
9.291000
9.291000
9.291000
9.291000
9.291000
9.817000
9.817000
9.817000
9.817000
9.817000
10.340000
10.340000
10.340000
10.340000
10.340000
10.340000
10.870000
10.870000
10.870000
10.870000
10.870000
10.870000
10.870000
10.870000
10.870000
10.870000
10.870000
10.870000
11.390000
11.390000
11.390000
11.390000
11.390000
11.390000
11.390000
11.390000
11.390000
11.390000
11.390000
11.390000
11.390000
11.390000
11.390000
11.390000
11.390000
11.920000
11.920000
11.920000
11.920000
11.920000
11.920000
11.920000
11.920000
11.920000
11.920000
11.920000
11.920000
12.440000
12.440000
12.440000
12.440000
12.970000
12.970000
12.970000
12.970000
12.970000
12.970000
12.970000
12.970000
12.970000
12.970000
12.970000
12.970000
12.970000
13.490000
13.490000
13.490000
13.490000
13.490000
13.490000
13.490000
13.490000
13.490000
14.020000
14.020000
14.020000
14.020000
14.020000
14.020000
14.020000
14.020000
14.020000
14.020000
14.540000
14.540000
14.540000
14.540000
14.540000
15.070000
15.070000
15.070000
15.070000
15.070000
15.070000
15.070000
15.070000
15.590000
15.590000
15.590000
15.590000
15.590000
15.590000
15.590000
15.590000
16.120001
16.120001
16.120001
16.120001
16.120001
16.120001
16.120001
16.120001
16.120001
16.639999
16.639999
16.639999
16.639999
16.639999
16.639999
16.639999
16.639999
16.639999
16.639999
16.639999
16.639999
17.170000
17.170000
17.170000
17.170000
17.170000
17.170000
17.170000
17.170000
17.170000
17.170000
17.690001
17.690001
17.690001
17.690001
17.690001
17.690001
17.690001
17.690001
17.690001
18.219999
18.219999
18.219999
18.219999
18.219999
18.219999
18.219999
18.219999
18.219999
18.219999
18.740000
18.740000
18.740000
18.740000
18.740000
18.740000
18.740000
18.740000
18.740000
19.270000
19.270000
19.270000
19.270000
19.270000
19.270000
19.270000
19.270000
19.270000
19.270000
19.270000
19.270000
19.790001
19.790001
19.790001
19.790001
19.790001
20.320000
20.320000
20.320000
20.320000
20.320000
20.320000
20.320000
20.320000
20.320000
20.320000
20.320000
20.320000
20.320000
20.320000
20.840000
20.840000
20.840000
20.840000
20.840000
20.840000
20.840000
20.840000
20.840000
20.840000
21.370001
21.370001
21.370001
21.370001
21.370001
21.370001
21.370001
21.370001
21.370001
21.370001
21.889999
21.889999
21.889999
21.889999
21.889999
21.889999
21.889999
22.420000
22.420000
22.420000
22.420000
22.420000
22.420000
22.420000
22.420000
22.420000
22.420000
22.420000
22.420000
22.950001
22.950001
22.950001
22.950001
23.469999
23.469999
23.469999
23.469999
23.469999
23.469999
23.469999
23.469999
23.469999
23.469999
24.000000
24.000000
24.000000
24.000000
24.000000
24.000000
24.000000
24.000000
24.000000
24.520000
24.520000
24.520000
24.520000
24.520000
24.520000
24.520000
24.520000
24.520000
24.520000
25.049999
25.049999
25.049999
25.049999
25.049999
25.049999
25.049999
25.049999
25.570000
25.570000
25.570000
25.570000
25.570000
25.570000
25.570000
25.570000
25.570000
25.570000
25.570000
25.570000
26.100000
26.100000
26.100000
26.100000
26.100000
26.100000
26.100000
26.100000
30.299999
30.299999
30.299999
30.299999
34.500000
34.500000
34.500000
34.500000
34.500000
34.500000
34.500000
38.709999
38.709999
38.709999
38.709999
38.709999
38.709999
38.709999
38.709999
38.709999
38.709999
38.709999
38.709999
38.709999
38.709999
42.910000
42.910000
42.910000
42.910000
42.910000
42.910000
42.910000
42.910000
42.910000
42.910000
42.910000
42.910000
46.060001
46.060001
46.060001
46.060001
46.060001
46.060001
46.060001
