0.000000
0.000000
0.000000
0.000000
0.000000
0.000000
0.000000
0.000000
0.000000
0.000000
0.000000
0.000000
0.000000
0.000000
0.000000
0.000000
0.000000
0.000000
0.000000
0.000000
0.000000
0.000000
0.000000
0.000000
0.000000
0.000000
0.000000
0.000000
0.000000
0.000000
0.000000
0.000000
0.000000
0.000000
0.000000
0.000000
0.000000
0.000000
0.000000
0.000000
0.000000
0.000000
0.000000
0.000000
0.000000
0.000000
0.000000
0.000000
0.023570
0.023570
0.023570
0.023570
0.023570
0.023570
0.023570
0.023570
0.023570
0.023570
0.023570
0.023570
0.053370
0.053370
0.053370
0.053370
0.083160
0.083160
0.083160
0.083160
0.083160
0.083160
0.083160
0.083160
0.083160
0.083160
0.113000
0.113000
0.113000
0.113000
0.113000
0.113000
0.113000
0.113000
0.113000
0.113000
0.113000
0.113000
0.113000
0.142800
0.142800
0.142800
0.142800
0.142800
0.142800
0.142800
0.142800
0.172600
0.172600
0.172600
0.172600
0.172600
0.172600
0.172600
0.172600
0.172600
0.172600
0.172600
0.172600
0.172600
0.202300
0.202300
0.202300
0.202300
0.202300
0.202300
0.202300
0.202300
0.202300
0.232100
0.232100
0.232100
0.232100
0.232100
0.232100
0.232100
0.232100
0.232100
0.232100
0.232100
0.261900
0.261900
0.261900
0.261900
0.261900
0.261900
0.261900
0.261900
0.261900
0.291700
0.291700
0.291700
0.291700
0.291700
0.291700
0.291700
0.291700
0.291700
0.321500
0.321500
0.321500
0.321500
0.321500
0.321500
0.321500
0.321500
0.351300
0.351300
0.351300
0.351300
0.351300
0.351300
0.351300
0.351300
0.381100
0.381100
0.381100
0.381100
0.381100
0.410900
0.410900
0.410900
0.410900
0.410900
0.410900
0.410900
0.410900
0.410900
0.410900
0.440700
0.440700
0.440700
0.440700
0.440700
0.440700
0.440700
0.440700
0.440700
0.440700
0.440700
0.470500
0.470500
0.470500
0.470500
0.470500
0.470500
0.470500
0.470500
0.470500
0.470500
0.500300
0.500300
0.500300
0.500300
0.500300
0.500300
0.530100
0.530100
0.530100
0.530100
0.530100
0.530100
0.530100
0.559900
0.559900
0.559900
0.559900
0.559900
0.559900
0.559900
0.559900
0.559900
0.559900
0.589700
0.589700
0.589700
0.589700
0.589700
0.589700
0.589700
0.589700
0.589700
0.589700
0.619500
0.619500
0.619500
0.619500
0.619500
0.619500
0.619500
0.619500
0.619500
0.649300
0.649300
0.649300
0.649300
0.679100
0.679100
0.679100
0.679100
0.679100
0.679100
0.679100
0.679100
0.679100
0.679100
0.679100
0.679100
0.679100
0.708900
0.708900
0.708900
0.708900
0.708900
0.708900
0.708900
0.708900
0.708900
0.708900
0.708900
0.708900
0.738700
0.738700
0.738700
0.738700
0.738700
0.738700
0.738700
0.738700
0.738700
0.738700
0.738700
0.738700
0.768500
0.768500
0.768500
0.768500
0.768500
0.768500
0.768500
0.768500
0.768500
0.768500
0.768500
0.798300
0.798300
0.798300
0.798300
0.798300
0.798300
0.798300
0.798300
0.798300
0.798300
0.798300
0.828100
0.828100
0.828100
0.828100
0.828100
0.828100
0.828100
0.828100
0.828100
0.857900
0.857900
0.857900
0.857900
0.857900
0.857900
0.857900
0.857900
0.887700
0.887700
0.887700
0.887700
0.887700
0.887700
0.887700
0.887700
0.887700
0.917400
0.917400
0.917400
0.917400
0.917400
0.917400
0.917400
0.917400
0.917400
0.947200
0.947200
0.947200
0.947200
0.947200
0.947200
0.947200
0.947200
0.947200
0.947200
0.947200
0.947200
0.977000
0.977000
0.977000
0.977000
0.977000
0.977000
0.977000
0.977000
0.977000
0.977000
0.977000
1.007000
1.007000
1.007000
1.007000
1.007000
1.007000
1.007000
1.007000
1.007000
1.007000
1.007000
1.037000
1.037000
1.037000
1.037000
1.037000
1.037000
1.037000
1.037000
1.037000
1.037000
1.037000
1.037000
1.037000
1.037000
1.037000
1.037000
1.066000
1.066000
1.066000
1.066000
1.066000
1.066000
1.066000
1.066000
1.066000
1.066000
1.066000
1.066000
1.096000
1.096000
1.096000
1.096000
1.096000
1.096000
1.096000
1.096000
1.096000
1.126000
1.126000
1.126000
1.126000
1.126000
1.126000
1.126000
1.126000
1.126000
1.126000
1.126000
1.156000
1.156000
1.156000
1.156000
1.156000
1.156000
1.156000
1.156000
1.156000
1.186000
1.186000
1.186000
1.186000
1.186000
1.186000
1.186000
1.186000
1.215000
1.215000
1.215000
1.215000
1.215000
1.215000
1.215000
1.215000
1.215000
1.215000
1.215000
1.215000
1.245000
1.245000
1.245000
1.245000
1.245000
1.245000
1.245000
1.245000
1.245000
1.245000
1.245000
1.245000
1.245000
1.275000
1.275000
1.275000
1.275000
1.275000
1.275000
1.305000
1.305000
1.305000
1.305000
1.305000
1.305000
1.305000
1.305000
1.335000
1.335000
1.335000
1.335000
1.335000
1.335000
1.335000
1.335000
1.335000
1.335000
1.335000
1.335000
1.335000
1.335000
1.335000
1.364000
1.364000
1.364000
1.364000
1.364000
1.364000
1.364000
1.364000
1.364000
1.364000
1.545000
1.545000
1.545000
1.545000
1.545000
1.545000
1.726000
1.726000
1.726000
1.726000
1.726000
1.726000
1.726000
1.726000
1.726000
1.726000
1.726000
1.907000
1.907000
1.907000
1.907000
1.907000
1.907000
1.907000
1.907000
1.907000
1.907000
2.088000
2.088000
2.088000
2.088000
2.088000
2.088000
2.088000
2.088000
2.088000
2.088000
2.088000
2.088000
2.088000
2.269000
2.269000
2.269000
2.269000
2.269000
2.269000
2.269000
2.269000
2.269000
2.450000
2.450000
2.450000
2.450000
2.450000
2.450000
2.450000
2.631000
2.631000
2.631000
2.631000
2.631000
2.631000
2.631000
2.631000
2.631000
2.631000
2.631000
2.631000
2.631000
2.812000
2.812000
2.812000
2.812000
2.812000
2.812000
2.812000
2.993000
2.993000
2.993000
2.993000
2.993000
2.993000
3.174000
3.174000
3.174000
3.174000
3.174000
3.174000
3.174000
3.174000
3.174000
3.174000
3.355000
3.355000
3.355000
3.355000
3.355000
3.355000
3.355000
3.355000
3.536000
3.536000
3.536000
3.536000
3.536000
3.536000
3.536000
3.536000
3.536000
3.536000
3.717000
3.717000
3.717000
3.717000
3.898000
3.898000
3.898000
3.898000
3.898000
3.898000
3.898000
3.898000
4.079000
4.079000
4.079000
4.079000
4.079000
4.079000
4.079000
4.260000
4.260000
4.260000
4.260000
4.260000
4.260000
4.260000
4.260000
4.260000
4.260000
4.260000
4.441000
4.441000
4.441000
4.441000
4.441000
4.441000
4.441000
4.441000
4.441000
4.441000
4.441000
4.441000
4.622000
4.622000
4.622000
4.622000
4.622000
4.622000
4.622000
4.622000
4.622000
4.622000
4.622000
4.622000
4.622000
4.622000
4.803000
4.803000
4.803000
4.803000
4.803000
4.803000
4.984000
4.984000
4.984000
4.984000
4.984000
4.984000
4.984000
4.984000
4.984000
4.984000
4.984000
4.984000
4.984000
4.984000
4.984000
4.984000
4.984000
5.165000
5.165000
5.165000
5.165000
5.165000
5.165000
5.165000
5.165000
5.165000
5.346000
5.346000
5.346000
5.346000
5.346000
5.346000
5.346000
5.346000
5.346000
5.527000
5.527000
5.527000
5.527000
5.527000
5.527000
5.527000
5.527000
5.708000
5.708000
5.708000
5.708000
5.708000
5.708000
5.708000
5.708000
5.708000
5.708000
5.889000
5.889000
5.889000
5.889000
5.889000
5.889000
5.889000
5.889000
5.889000
5.889000
6.070000
6.070000
6.070000
6.070000
6.070000
6.070000
6.070000
6.070000
6.070000
6.070000
6.070000
6.251000
6.251000
6.251000
6.251000
6.251000
6.251000
6.432000
6.432000
6.432000
6.432000
6.432000
6.432000
6.432000
6.432000
6.432000
6.432000
6.432000
6.432000
6.432000
6.432000
6.432000
6.432000
6.432000
6.432000
6.613000
6.613000
6.613000
6.613000
6.613000
6.613000
6.613000
6.613000
6.613000
6.613000
6.613000
6.613000
6.613000
6.613000
6.613000
6.613000
6.794000
6.794000
6.794000
6.794000
6.794000
6.794000
6.794000
6.794000
6.794000
6.794000
6.794000
6.794000
6.794000
6.794000
6.975000
6.975000
6.975000
6.975000
6.975000
7.156000
7.156000
7.156000
7.156000
7.156000
7.156000
7.156000
7.156000
7.156000
7.156000
7.337000
7.337000
7.337000
7.337000
7.337000
7.337000
7.337000
7.337000
7.337000
7.337000
7.337000
7.337000
7.337000
7.337000
7.518000
7.518000
7.518000
7.518000
7.518000
7.518000
7.518000
7.518000
7.518000
7.518000
7.518000
7.518000
7.518000
7.518000
7.518000
7.518000
7.699000
7.699000
7.699000
7.699000
7.699000
7.699000
7.699000
7.699000
7.699000
7.699000
7.699000
7.699000
7.699000
7.880000
7.880000
7.880000
7.880000
7.880000
7.880000
7.880000
7.880000
7.880000
7.880000
7.880000
7.880000
8.061000
8.061000
8.061000
8.061000
8.061000
8.061000
8.061000
8.061000
8.061000
8.061000
8.061000
8.061000
8.061000
8.242000
8.242000
8.242000
8.242000
8.242000
8.242000
8.242000
8.242000
8.242000
8.242000
8.242000
8.423000
8.423000
8.423000
8.423000
8.423000
8.423000
8.423000
8.423000
8.603000
8.603000
8.603000
8.603000
8.603000
8.603000
8.603000
8.603000
8.603000
8.784000
8.784000
8.784000
8.784000
8.784000
8.784000
8.784000
8.965000
8.965000
8.965000
8.965000
8.965000
9.146000
9.146000
9.146000
9.146000
9.146000
9.146000
9.146000
9.327000
9.327000
9.327000
9.327000
9.327000
9.327000
9.327000
9.327000
9.327000
9.327000
9.327000
9.327000
9.508000
9.508000
9.508000
9.508000
9.508000
9.508000
9.508000
9.508000
9.508000
10.750000
10.750000
10.750000
10.750000
10.750000
10.750000
10.750000
10.750000
10.750000
10.750000
10.750000
10.750000
11.990000
11.990000
11.990000
11.990000
11.990000
11.990000
11.990000
11.990000
11.990000
13.230000
13.230000
13.230000
13.230000
13.230000
13.230000
13.230000
13.230000
13.230000
14.470000
14.470000
14.470000
14.470000
14.470000
14.470000
14.470000
14.470000
14.470000
14.470000
14.470000
15.400000
15.400000
15.400000
15.400000
15.400000
15.400000
15.400000
