0.000000
0.000000
0.000000
0.000000
0.000000
0.000000
0.000000
0.000000
0.000000
0.000000
0.000000
0.000000
0.000000
0.000000
0.000000
0.000000
0.000000
0.000000
0.000000
0.000000
0.000000
0.000000
0.000000
0.000000
0.000000
0.000000
0.000000
0.000000
0.000000
0.000000
0.000000
0.000000
0.000000
0.000000
0.000000
0.000000
0.000000
0.000000
0.000000
0.000000
0.000000
0.000000
0.000000
0.000000
0.000000
0.000000
0.000000
0.000000
0.000000
0.000000
0.000000
0.000000
0.000000
0.997300
0.997300
0.997300
0.997300
0.997300
0.997300
0.997300
0.997300
0.997300
0.997300
0.997300
0.997300
0.997300
0.997300
0.997300
0.997300
1.439000
1.439000
1.439000
1.439000
1.439000
1.439000
1.439000
1.439000
1.439000
1.439000
1.439000
1.439000
1.439000
1.439000
1.881000
1.881000
1.881000
1.881000
1.881000
1.881000
1.881000
1.881000
1.881000
2.324000
2.324000
2.324000
2.324000
2.324000
2.324000
2.766000
2.766000
2.766000
2.766000
2.766000
2.766000
2.766000
2.766000
2.766000
2.766000
2.766000
3.208000
3.208000
3.208000
3.208000
3.208000
3.208000
3.208000
3.208000
3.208000
3.208000
3.208000
3.208000
3.208000
3.650000
3.650000
3.650000
3.650000
3.650000
3.650000
3.650000
3.650000
3.650000
3.650000
3.650000
3.650000
4.092000
4.092000
4.092000
4.092000
4.092000
4.092000
4.092000
4.092000
4.534000
4.534000
4.534000
4.534000
4.534000
4.534000
4.534000
4.534000
4.534000
4.976000
4.976000
4.976000
4.976000
4.976000
4.976000
4.976000
4.976000
4.976000
4.976000
4.976000
4.976000
4.976000
4.976000
4.976000
4.976000
4.976000
4.976000
4.976000
5.418000
5.418000
5.418000
5.418000
5.418000
5.418000
5.418000
5.418000
5.418000
5.418000
5.860000
5.860000
5.860000
5.860000
5.860000
5.860000
5.860000
5.860000
5.860000
5.860000
5.860000
5.860000
5.860000
5.860000
5.860000
6.302000
6.302000
6.302000
6.302000
6.302000
6.302000
6.302000
6.302000
6.302000
6.302000
6.302000
6.302000
6.302000
6.744000
6.744000
6.744000
6.744000
6.744000
6.744000
6.744000
7.186000
7.186000
7.186000
7.186000
7.186000
7.186000
7.186000
7.186000
7.186000
7.186000
7.186000
7.628000
7.628000
7.628000
7.628000
7.628000
7.628000
7.628000
8.070000
8.070000
8.070000
8.070000
8.070000
8.070000
8.070000
8.070000
8.513000
8.513000
8.513000
8.513000
8.513000
8.513000
8.513000
8.513000
8.955000
8.955000
8.955000
8.955000
8.955000
8.955000
8.955000
8.955000
8.955000
9.397000
9.397000
9.397000
9.397000
9.397000
9.397000
9.397000
9.397000
9.397000
9.397000
9.839000
9.839000
9.839000
9.839000
9.839000
9.839000
10.280000
10.280000
10.280000
10.280000
10.280000
10.280000
10.280000
10.280000
10.280000
10.280000
10.280000
10.720000
10.720000
10.720000
10.720000
10.720000
10.720000
10.720000
10.720000
11.170000
11.170000
11.170000
11.170000
11.170000
11.170000
11.170000
11.170000
11.170000
11.170000
11.170000
11.170000
11.610000
11.610000
11.610000
11.610000
11.610000
11.610000
11.610000
11.610000
11.610000
11.610000
11.610000
11.610000
11.610000
11.610000
11.610000
11.610000
11.610000
11.610000
11.610000
12.050000
12.050000
12.050000
12.050000
12.050000
12.050000
12.050000
12.050000
12.050000
12.490000
12.490000
12.490000
12.490000
12.490000
12.490000
12.490000
12.490000
12.490000
12.490000
12.490000
12.930000
12.930000
12.930000
12.930000
12.930000
12.930000
12.930000
12.930000
13.380000
13.380000
13.380000
13.380000
13.380000
13.380000
13.380000
13.380000
13.820000
13.820000
13.820000
13.820000
13.820000
13.820000
13.820000
13.820000
13.820000
14.260000
14.260000
14.260000
14.260000
14.260000
14.260000
14.700000
14.700000
14.700000
14.700000
14.700000
14.700000
14.700000
14.700000
14.700000
15.140000
15.140000
15.140000
15.140000
15.140000
15.140000
15.140000
15.140000
15.140000
15.590000
15.590000
15.590000
15.590000
15.590000
15.590000
15.590000
15.590000
15.590000
15.590000
16.030001
16.030001
16.030001
16.030001
16.030001
16.030001
16.030001
16.030001
16.030001
16.030001
16.469999
16.469999
16.469999
16.469999
16.469999
16.469999
16.469999
16.469999
16.469999
16.910000
16.910000
16.910000
16.910000
16.910000
16.910000
16.910000
16.910000
16.910000
16.910000
17.350000
17.350000
17.350000
17.350000
17.350000
17.350000
17.350000
17.350000
17.350000
17.350000
17.799999
17.799999
17.799999
17.799999
17.799999
17.799999
17.799999
18.240000
18.240000
18.240000
18.240000
18.240000
18.680000
18.680000
18.680000
18.680000
18.680000
18.680000
18.680000
18.680000
18.680000
18.680000
18.680000
18.680000
19.120001
19.120001
19.120001
19.120001
19.120001
19.120001
19.120001
19.120001
19.120001
19.120001
19.120001
19.120001
19.120001
19.559999
19.559999
19.559999
19.559999
19.559999
19.559999
19.559999
20.010000
20.010000
20.010000
20.010000
20.010000
20.010000
20.010000
20.450001
20.450001
20.450001
20.450001
20.450001
20.450001
20.450001
20.450001
20.450001
20.450001
20.889999
20.889999
20.889999
20.889999
20.889999
22.080000
22.080000
22.080000
22.080000
22.080000
22.080000
22.080000
22.080000
23.260000
23.260000
23.260000
23.260000
23.260000
24.450001
24.450001
24.450001
24.450001
24.450001
24.450001
24.450001
24.450001
25.629999
25.629999
25.629999
25.629999
25.629999
25.629999
25.629999
25.629999
25.629999
25.629999
25.629999
25.629999
26.820000
26.820000
26.820000
26.820000
26.820000
26.820000
28.000000
28.000000
28.000000
28.000000
28.000000
28.000000
28.000000
28.000000
28.000000
28.000000
28.000000
28.000000
29.190001
29.190001
29.190001
29.190001
29.190001
29.190001
29.190001
29.190001
29.190001
29.190001
29.190001
29.190001
29.190001
30.370001
30.370001
30.370001
31.559999
31.559999
31.559999
31.559999
31.559999
31.559999
31.559999
32.740002
32.740002
32.740002
32.740002
32.740002
32.740002
32.740002
32.740002
32.740002
32.740002
32.740002
32.740002
33.930000
33.930000
33.930000
33.930000
33.930000
33.930000
33.930000
33.930000
35.110001
35.110001
35.110001
35.110001
35.110001
35.110001
35.110001
35.110001
35.110001
35.110001
35.110001
35.110001
35.110001
35.110001
36.299999
36.299999
36.299999
36.299999
36.299999
36.299999
36.299999
36.299999
36.299999
36.299999
37.480000
37.480000
37.480000
37.480000
37.480000
37.480000
37.480000
37.480000
37.480000
37.480000
37.480000
37.480000
37.480000
37.480000
38.669998
38.669998
38.669998
38.669998
38.669998
38.669998
38.669998
38.669998
38.669998
38.669998
38.669998
38.669998
39.849998
39.849998
39.849998
39.849998
39.849998
39.849998
39.849998
39.849998
39.849998
39.849998
39.849998
39.849998
41.040001
41.040001
41.040001
41.040001
41.040001
41.040001
41.040001
41.040001
41.040001
41.040001
41.040001
41.040001
41.040001
42.220001
42.220001
42.220001
42.220001
42.220001
42.220001
42.220001
42.220001
43.410000
43.410000
43.410000
43.410000
43.410000
43.410000
43.410000
44.590000
44.590000
44.590000
44.590000
44.590000
44.590000
44.590000
44.590000
45.779999
45.779999
45.779999
45.779999
45.779999
45.779999
45.779999
45.779999
46.959999
46.959999
46.959999
46.959999
46.959999
46.959999
46.959999
46.959999
46.959999
46.959999
48.150002
48.150002
48.150002
48.150002
48.150002
48.150002
48.150002
48.150002
48.150002
48.150002
48.150002
49.330002
49.330002
49.330002
49.330002
49.330002
49.330002
49.330002
49.330002
49.330002
50.520000
50.520000
50.520000
50.520000
50.520000
50.520000
50.520000
50.520000
51.700001
51.700001
51.700001
51.700001
51.700001
51.700001
51.700001
52.889999
52.889999
52.889999
52.889999
52.889999
52.889999
52.889999
52.889999
52.889999
52.889999
52.889999
52.889999
52.889999
54.070000
54.070000
54.070000
54.070000
54.070000
54.070000
54.070000
54.070000
54.070000
55.259998
55.259998
55.259998
55.259998
55.259998
55.259998
55.259998
55.259998
55.259998
55.259998
55.259998
56.439999
56.439999
56.439999
56.439999
56.439999
56.439999
56.439999
56.439999
56.439999
57.630001
57.630001
57.630001
57.630001
57.630001
57.630001
57.630001
57.630001
57.630001
57.630001
57.630001
58.810001
58.810001
58.810001
58.810001
58.810001
58.810001
58.810001
58.810001
58.810001
60.000000
60.000000
60.000000
60.000000
60.000000
60.000000
61.180000
61.180000
61.180000
61.180000
61.180000
61.180000
61.180000
61.180000
61.180000
61.180000
61.180000
61.180000
61.180000
61.180000
62.369999
62.369999
62.369999
62.369999
62.369999
62.369999
62.369999
62.369999
62.369999
63.549999
63.549999
63.549999
63.549999
63.549999
63.549999
63.549999
63.549999
64.739998
64.739998
64.739998
64.739998
64.739998
64.739998
64.739998
64.739998
64.739998
64.739998
65.919998
65.919998
65.919998
65.919998
65.919998
65.919998
65.919998
65.919998
65.919998
67.110001
67.110001
67.110001
67.110001
67.110001
67.110001
68.290001
68.290001
68.290001
68.290001
68.290001
69.480003
69.480003
69.480003
69.480003
69.480003
69.480003
69.480003
69.480003
69.480003
69.480003
69.480003
69.480003
69.480003
69.480003
70.660004
70.660004
70.660004
70.660004
70.660004
70.660004
70.660004
70.660004
70.660004
70.660004
70.660004
70.660004
70.660004
71.849998
71.849998
71.849998
71.849998
71.849998
71.849998
71.849998
71.849998
71.849998
71.849998
71.849998
73.029999
73.029999
73.029999
73.029999
73.029999
73.029999
73.029999
73.029999
73.029999
73.029999
73.029999
73.029999
73.029999
74.220001
74.220001
74.220001
74.220001
74.220001
74.220001
74.220001
74.220001
74.220001
74.220001
81.750000
81.750000
81.750000
81.750000
81.750000
81.750000
81.750000
81.750000
81.750000
81.750000
81.750000
81.750000
81.750000
81.750000
89.279999
89.279999
89.279999
89.279999
89.279999
89.279999
89.279999
89.279999
89.279999
89.279999
89.279999
89.279999
96.820000
96.820000
96.820000
96.820000
96.820000
96.820000
96.820000
96.820000
96.820000
96.820000
96.820000
96.820000
96.820000
96.820000
104.400002
104.400002
104.400002
104.400002
110.000000
110.000000
110.000000
110.000000
110.000000
110.000000
110.000000
110.000000
110.000000
110.000000
110.000000
110.000000
110.000000
