0.000000
0.000000
0.000000
0.000000
0.000000
0.000000
0.000000
0.000000
0.000000
0.000000
0.000000
0.000000
0.000000
0.000000
0.000000
0.000000
0.000000
0.000000
0.000000
0.000000
0.000000
0.000000
0.000000
0.000000
0.000000
0.000000
0.000000
0.000000
0.000000
0.000000
0.000000
0.000000
0.000000
0.000000
0.000000
0.000000
0.000000
0.000000
0.000000
0.000000
0.000000
0.000000
0.000000
0.000000
0.000000
0.000000
0.031080
0.031080
0.031080
0.031080
0.031080
0.066690
0.066690
0.066690
0.066690
0.066690
0.066690
0.066690
0.066690
0.066690
0.066690
0.102300
0.102300
0.102300
0.102300
0.102300
0.102300
0.102300
0.137900
0.137900
0.137900
0.137900
0.137900
0.137900
0.137900
0.137900
0.137900
0.137900
0.173500
0.173500
0.173500
0.173500
0.173500
0.173500
0.173500
0.173500
0.173500
0.173500
0.209200
0.209200
0.209200
0.209200
0.209200
0.209200
0.244800
0.244800
0.244800
0.244800
0.244800
0.244800
0.280400
0.280400
0.280400
0.280400
0.280400
0.280400
0.280400
0.280400
0.280400
0.280400
0.280400
0.316000
0.316000
0.316000
0.316000
0.316000
0.316000
0.316000
0.316000
0.316000
0.316000
0.316000
0.316000
0.316000
0.351600
0.351600
0.351600
0.351600
0.351600
0.351600
0.351600
0.351600
0.351600
0.351600
0.387200
0.387200
0.387200
0.387200
0.387200
0.387200
0.387200
0.387200
0.422800
0.422800
0.422800
0.422800
0.422800
0.422800
0.422800
0.422800
0.422800
0.422800
0.422800
0.458500
0.458500
0.458500
0.458500
0.458500
0.458500
0.458500
0.458500
0.458500
0.458500
0.458500
0.458500
0.494100
0.494100
0.494100
0.494100
0.494100
0.494100
0.494100
0.494100
0.494100
0.494100
0.529700
0.529700
0.529700
0.529700
0.529700
0.529700
0.529700
0.529700
0.529700
0.529700
0.565300
0.565300
0.565300
0.565300
0.565300
0.565300
0.565300
0.565300
0.565300
0.565300
0.565300
0.565300
0.565300
0.565300
0.565300
0.565300
0.565300
0.600900
0.600900
0.600900
0.600900
0.600900
0.600900
0.600900
0.600900
0.600900
0.600900
0.600900
0.636500
0.636500
0.636500
0.636500
0.636500
0.636500
0.636500
0.636500
0.672200
0.672200
0.672200
0.672200
0.672200
0.672200
0.672200
0.672200
0.672200
0.672200
0.672200
0.672200
0.707800
0.707800
0.707800
0.707800
0.707800
0.707800
0.707800
0.743400
0.743400
0.743400
0.743400
0.743400
0.779000
0.779000
0.779000
0.779000
0.779000
0.779000
0.779000
0.779000
0.779000
0.779000
0.779000
0.779000
0.779000
0.779000
0.779000
0.779000
0.779000
0.814600
0.814600
0.814600
0.814600
0.814600
0.814600
0.814600
0.814600
0.814600
0.814600
0.850200
0.850200
0.850200
0.850200
0.850200
0.850200
0.850200
0.885800
0.885800
0.885800
0.885800
0.885800
0.885800
0.885800
0.885800
0.921500
0.921500
0.921500
0.921500
0.921500
0.921500
0.921500
0.921500
0.921500
0.921500
0.921500
0.921500
0.921500
0.957100
0.957100
0.957100
0.957100
0.957100
0.957100
0.992700
0.992700
0.992700
0.992700
0.992700
0.992700
0.992700
1.028000
1.028000
1.028000
1.028000
1.028000
1.028000
1.028000
1.028000
1.028000
1.028000
1.028000
1.028000
1.064000
1.064000
1.064000
1.064000
1.064000
1.064000
1.064000
1.064000
1.064000
1.100000
1.100000
1.100000
1.100000
1.100000
1.100000
1.100000
1.100000
1.100000
1.135000
1.135000
1.135000
1.135000
1.135000
1.135000
1.135000
1.135000
1.171000
1.171000
1.171000
1.171000
1.171000
1.171000
1.171000
1.171000
1.171000
1.171000
1.171000
1.206000
1.206000
1.206000
1.206000
1.206000
1.206000
1.206000
1.206000
1.206000
1.206000
1.206000
1.206000
1.206000
1.206000
1.206000
1.206000
1.242000
1.242000
1.242000
1.242000
1.242000
1.242000
1.242000
1.242000
1.242000
1.242000
1.242000
1.242000
1.242000
1.242000
1.242000
1.242000
1.242000
1.278000
1.278000
1.278000
1.278000
1.278000
1.278000
1.278000
1.278000
1.278000
1.313000
1.313000
1.313000
1.313000
1.313000
1.313000
1.313000
1.313000
1.349000
1.349000
1.349000
1.349000
1.349000
1.349000
1.349000
1.349000
1.349000
1.349000
1.349000
1.349000
1.349000
1.349000
1.349000
1.384000
1.384000
1.384000
1.384000
1.384000
1.384000
1.384000
1.384000
1.384000
1.384000
1.420000
1.420000
1.420000
1.420000
1.420000
1.420000
1.420000
1.420000
1.420000
1.420000
1.420000
1.456000
1.456000
1.456000
1.456000
1.456000
1.456000
1.456000
1.456000
1.456000
1.456000
1.491000
1.491000
1.491000
1.491000
1.491000
1.491000
1.491000
1.491000
1.491000
1.491000
1.491000
1.491000
1.527000
1.527000
1.527000
1.527000
1.527000
1.527000
1.527000
1.527000
1.563000
1.563000
1.563000
1.563000
1.563000
1.563000
1.563000
1.563000
1.563000
1.563000
1.563000
1.563000
1.563000
1.598000
1.598000
1.598000
1.598000
1.598000
1.598000
1.598000
1.634000
1.634000
1.634000
1.853000
1.853000
1.853000
1.853000
1.853000
1.853000
1.853000
1.853000
1.853000
1.853000
1.853000
1.853000
1.853000
1.853000
2.073000
2.073000
2.073000
2.073000
2.073000
2.073000
2.073000
2.073000
2.073000
2.292000
2.292000
2.292000
2.292000
2.292000
2.292000
2.292000
2.292000
2.292000
2.292000
2.292000
2.292000
2.292000
2.292000
2.292000
2.292000
2.512000
2.512000
2.512000
2.512000
2.512000
2.512000
2.512000
2.512000
2.512000
2.512000
2.512000
2.512000
2.512000
2.732000
2.732000
2.732000
2.732000
2.951000
2.951000
2.951000
2.951000
2.951000
2.951000
2.951000
3.171000
3.171000
3.171000
3.171000
3.171000
3.171000
3.171000
3.171000
3.171000
3.171000
3.171000
3.171000
3.171000
3.171000
3.171000
3.171000
3.390000
3.390000
3.390000
3.390000
3.390000
3.390000
3.390000
3.390000
3.390000
3.390000
3.390000
3.390000
3.610000
3.610000
3.610000
3.610000
3.610000
3.610000
3.610000
3.829000
3.829000
3.829000
3.829000
3.829000
3.829000
3.829000
3.829000
3.829000
3.829000
3.829000
3.829000
3.829000
4.049000
4.049000
4.049000
4.049000
4.049000
4.049000
4.049000
4.049000
4.049000
4.049000
4.268000
4.268000
4.268000
4.268000
4.268000
4.268000
4.268000
4.268000
4.268000
4.268000
4.268000
4.268000
4.268000
4.268000
4.488000
4.488000
4.488000
4.488000
4.488000
4.488000
4.488000
4.488000
4.488000
4.708000
4.708000
4.708000
4.708000
4.708000
4.708000
4.708000
4.708000
4.708000
4.708000
4.708000
4.708000
4.708000
4.708000
4.708000
4.708000
4.708000
4.927000
4.927000
4.927000
4.927000
4.927000
4.927000
5.147000
5.147000
5.147000
5.147000
5.147000
5.147000
5.147000
5.147000
5.147000
5.147000
5.147000
5.147000
5.366000
5.366000
5.366000
5.366000
5.366000
5.366000
5.366000
5.366000
5.366000
5.366000
5.366000
5.586000
5.586000
5.586000
5.586000
5.586000
5.586000
5.586000
5.586000
5.586000
5.586000
5.586000
5.586000
5.586000
5.805000
5.805000
5.805000
5.805000
5.805000
5.805000
5.805000
5.805000
5.805000
5.805000
5.805000
6.025000
6.025000
6.025000
6.025000
6.025000
6.025000
6.025000
6.025000
6.025000
6.025000
6.025000
6.025000
6.025000
6.025000
6.025000
6.025000
6.025000
6.025000
6.025000
6.244000
6.244000
6.244000
6.244000
6.244000
6.244000
6.244000
6.244000
6.244000
6.244000
6.244000
6.464000
6.464000
6.464000
6.464000
6.464000
6.464000
6.464000
6.464000
6.464000
6.464000
6.464000
6.464000
6.684000
6.684000
6.684000
6.684000
6.684000
6.684000
6.684000
6.684000
6.684000
6.684000
6.903000
6.903000
6.903000
6.903000
6.903000
6.903000
6.903000
6.903000
6.903000
6.903000
6.903000
7.123000
7.123000
7.123000
7.123000
7.123000
7.123000
7.123000
7.123000
7.123000
7.123000
7.123000
7.123000
7.123000
7.123000
7.123000
7.342000
7.342000
7.342000
7.342000
7.342000
7.562000
7.562000
7.562000
7.562000
7.562000
7.562000
7.781000
7.781000
7.781000
7.781000
7.781000
7.781000
7.781000
7.781000
7.781000
7.781000
7.781000
7.781000
8.001000
8.001000
8.001000
8.001000
8.001000
8.001000
8.001000
8.001000
8.220000
8.220000
8.220000
8.220000
8.220000
8.220000
8.220000
8.220000
8.220000
8.440000
8.440000
8.440000
8.440000
8.440000
8.440000
8.440000
8.660000
8.660000
8.660000
8.660000
8.660000
8.660000
8.660000
8.660000
8.879000
8.879000
8.879000
8.879000
9.099000
9.099000
9.099000
9.099000
9.318000
9.318000
9.318000
9.318000
9.318000
9.318000
9.318000
9.318000
9.318000
9.538000
9.538000
9.538000
9.538000
9.538000
9.538000
9.538000
9.538000
9.538000
9.538000
9.538000
9.538000
9.538000
9.757000
9.757000
9.757000
9.757000
9.757000
9.757000
9.757000
9.757000
9.757000
9.757000
9.757000
9.757000
9.757000
9.757000
9.977000
9.977000
9.977000
9.977000
9.977000
9.977000
9.977000
10.200000
10.200000
10.200000
10.200000
10.200000
10.200000
10.200000
10.200000
10.200000
10.200000
10.200000
10.200000
10.420000
10.420000
10.420000
10.420000
10.420000
10.640000
10.640000
10.640000
10.640000
10.640000
10.640000
10.640000
10.860000
10.860000
10.860000
10.860000
10.860000
10.860000
10.860000
11.070000
11.070000
11.070000
11.070000
11.070000
11.070000
11.070000
11.070000
11.070000
11.070000
11.070000
11.070000
11.290000
11.290000
11.290000
11.290000
11.290000
11.290000
11.290000
11.290000
11.290000
11.510000
11.510000
11.510000
11.510000
11.510000
11.510000
11.510000
11.510000
11.510000
13.090000
13.090000
13.090000
13.090000
13.090000
14.670000
14.670000
14.670000
14.670000
14.670000
14.670000
14.670000
14.670000
14.670000
14.670000
14.670000
14.670000
16.250000
16.250000
16.250000
16.250000
16.250000
16.250000
16.250000
16.250000
16.250000
17.830000
17.830000
17.830000
17.830000
17.830000
17.830000
17.830000
19.010000
19.010000
19.010000
19.010000
19.010000
19.010000
19.010000
