0.000000
0.000000
0.000000
0.000000
0.000000
0.000000
0.000000
0.000000
0.000000
0.000000
0.000000
0.000000
0.000000
0.000000
0.000000
0.000000
0.000000
0.000000
0.000000
0.000000
0.000000
0.000000
0.000000
0.000000
0.000000
0.000000
0.000000
0.000000
0.000000
0.000000
0.000000
0.000000
0.000000
0.000000
0.000000
0.000000
0.000000
0.000000
0.000000
0.000000
0.000000
0.000000
0.000000
0.000000
0.000000
0.000000
0.000000
0.000000
0.000000
0.000000
0.000000
0.000000
0.000000
0.000000
0.000000
0.000000
0.000000
0.000000
0.000000
0.031190
0.031190
0.031190
0.031190
0.031190
0.031190
0.031190
0.031190
0.031190
0.031190
0.031190
0.109700
0.109700
0.109700
0.109700
0.109700
0.109700
0.109700
0.109700
0.109700
0.109700
0.188300
0.188300
0.188300
0.188300
0.188300
0.188300
0.188300
0.188300
0.188300
0.188300
0.188300
0.188300
0.188300
0.188300
0.188300
0.266900
0.266900
0.266900
0.266900
0.266900
0.266900
0.266900
0.266900
0.345400
0.345400
0.345400
0.345400
0.345400
0.345400
0.345400
0.345400
0.424000
0.424000
0.424000
0.424000
0.424000
0.424000
0.424000
0.424000
0.424000
0.424000
0.424000
0.502500
0.502500
0.502500
0.502500
0.502500
0.502500
0.502500
0.581100
0.581100
0.581100
0.581100
0.581100
0.581100
0.581100
0.581100
0.581100
0.659600
0.659600
0.659600
0.659600
0.659600
0.659600
0.659600
0.659600
0.659600
0.659600
0.659600
0.738200
0.738200
0.738200
0.738200
0.738200
0.738200
0.738200
0.738200
0.738200
0.738200
0.738200
0.738200
0.738200
0.738200
0.738200
0.816700
0.816700
0.816700
0.816700
0.816700
0.816700
0.816700
0.816700
0.895300
0.895300
0.895300
0.895300
0.895300
0.895300
0.895300
0.895300
0.895300
0.895300
0.973900
0.973900
0.973900
0.973900
0.973900
0.973900
0.973900
0.973900
0.973900
0.973900
0.973900
0.973900
1.052000
1.052000
1.052000
1.052000
1.052000
1.052000
1.131000
1.131000
1.131000
1.131000
1.131000
1.131000
1.131000
1.131000
1.131000
1.131000
1.131000
1.210000
1.210000
1.210000
1.210000
1.210000
1.210000
1.210000
1.210000
1.210000
1.210000
1.210000
1.210000
1.288000
1.288000
1.288000
1.288000
1.288000
1.288000
1.288000
1.288000
1.288000
1.288000
1.288000
1.367000
1.367000
1.367000
1.367000
1.367000
1.367000
1.367000
1.367000
1.367000
1.367000
1.367000
1.367000
1.367000
1.367000
1.445000
1.445000
1.445000
1.445000
1.445000
1.445000
1.445000
1.445000
1.445000
1.445000
1.524000
1.524000
1.524000
1.524000
1.524000
1.524000
1.524000
1.524000
1.524000
1.524000
1.602000
1.602000
1.602000
1.602000
1.602000
1.602000
1.602000
1.602000
1.602000
1.602000
1.602000
1.602000
1.602000
1.681000
1.681000
1.681000
1.681000
1.681000
1.681000
1.681000
1.681000
1.681000
1.759000
1.759000
1.759000
1.759000
1.759000
1.759000
1.759000
1.838000
1.838000
1.838000
1.838000
1.838000
1.838000
1.838000
1.917000
1.917000
1.917000
1.917000
1.917000
1.917000
1.917000
1.995000
1.995000
2.074000
2.074000
2.074000
2.074000
2.074000
2.074000
2.074000
2.074000
2.074000
2.074000
2.074000
2.074000
2.074000
2.152000
2.152000
2.152000
2.152000
2.152000
2.152000
2.152000
2.152000
2.231000
2.231000
2.231000
2.231000
2.231000
2.231000
2.231000
2.231000
2.231000
2.231000
2.231000
2.231000
2.231000
2.231000
2.231000
2.231000
2.231000
2.231000
2.309000
2.309000
2.309000
2.309000
2.309000
2.309000
2.309000
2.309000
2.309000
2.309000
2.309000
2.388000
2.388000
2.388000
2.388000
2.388000
2.388000
2.388000
2.388000
2.388000
2.388000
2.388000
2.466000
2.466000
2.466000
2.466000
2.466000
2.466000
2.466000
2.466000
2.466000
2.466000
2.545000
2.545000
2.545000
2.545000
2.545000
2.545000
2.545000
2.624000
2.624000
2.624000
2.624000
2.624000
2.624000
2.624000
2.624000
2.624000
2.624000
2.624000
2.624000
2.624000
2.624000
2.624000
2.624000
2.624000
2.624000
2.624000
2.702000
2.702000
2.702000
2.702000
2.702000
2.702000
2.702000
2.702000
2.702000
2.702000
2.781000
2.781000
2.781000
2.781000
2.781000
2.781000
2.781000
2.781000
2.781000
2.781000
2.859000
2.859000
2.859000
2.859000
2.859000
2.859000
2.859000
2.859000
2.938000
2.938000
2.938000
2.938000
2.938000
2.938000
2.938000
3.016000
3.016000
3.016000
3.016000
3.016000
3.016000
3.016000
3.016000
3.016000
3.095000
3.095000
3.095000
3.095000
3.095000
3.095000
3.095000
3.095000
3.095000
3.095000
3.095000
3.095000
3.095000
3.095000
3.095000
3.095000
3.095000
3.095000
3.173000
3.173000
3.173000
3.173000
3.173000
3.173000
3.173000
3.173000
3.173000
3.173000
3.173000
3.173000
3.252000
3.252000
3.252000
3.252000
3.252000
3.252000
3.252000
3.252000
3.252000
3.252000
3.331000
3.331000
3.331000
3.331000
3.331000
3.331000
3.331000
3.331000
3.331000
3.331000
3.409000
3.409000
3.409000
3.409000
3.409000
3.409000
3.409000
3.488000
3.488000
3.488000
3.488000
3.488000
3.488000
3.488000
3.488000
3.488000
3.488000
3.488000
3.488000
3.488000
3.488000
3.566000
3.566000
3.566000
3.566000
3.566000
3.566000
3.566000
3.566000
3.566000
3.937000
3.937000
3.937000
3.937000
3.937000
3.937000
3.937000
4.308000
4.308000
4.308000
4.308000
4.679000
4.679000
4.679000
4.679000
4.679000
5.050000
5.050000
5.050000
5.050000
5.050000
5.050000
5.050000
5.050000
5.050000
5.050000
5.050000
5.421000
5.421000
5.421000
5.421000
5.791000
5.791000
5.791000
5.791000
5.791000
5.791000
6.162000
6.162000
6.162000
6.162000
6.162000
6.162000
6.162000
6.162000
6.533000
6.533000
6.533000
6.533000
6.904000
6.904000
6.904000
6.904000
6.904000
6.904000
7.275000
7.275000
7.275000
7.275000
7.275000
7.275000
7.275000
7.275000
7.646000
7.646000
7.646000
7.646000
7.646000
7.646000
7.646000
7.646000
7.646000
7.646000
7.646000
7.646000
7.646000
7.646000
7.646000
8.017000
8.017000
8.017000
8.017000
8.017000
8.017000
8.017000
8.017000
8.387000
8.387000
8.387000
8.387000
8.387000
8.387000
8.387000
8.387000
8.387000
8.387000
8.387000
8.387000
8.758000
8.758000
8.758000
8.758000
8.758000
8.758000
8.758000
8.758000
8.758000
8.758000
8.758000
8.758000
8.758000
9.129000
9.129000
9.129000
9.129000
9.129000
9.129000
9.129000
9.129000
9.500000
9.500000
9.500000
9.500000
9.500000
9.500000
9.500000
9.500000
9.500000
9.500000
9.500000
9.500000
9.500000
9.500000
9.500000
9.500000
9.500000
9.871000
9.871000
9.871000
9.871000
9.871000
9.871000
9.871000
9.871000
9.871000
9.871000
9.871000
9.871000
9.871000
10.240000
10.240000
10.240000
10.240000
10.240000
10.240000
10.240000
10.240000
10.610000
10.610000
10.610000
10.610000
10.610000
10.610000
10.610000
10.610000
10.610000
10.610000
10.980000
10.980000
10.980000
10.980000
10.980000
10.980000
10.980000
10.980000
10.980000
10.980000
11.350000
11.350000
11.350000
11.730000
11.730000
11.730000
11.730000
11.730000
11.730000
11.730000
11.730000
11.730000
11.730000
11.730000
11.730000
11.730000
12.100000
12.100000
12.100000
12.100000
12.100000
12.100000
12.100000
12.100000
12.100000
12.100000
12.100000
12.100000
12.470000
12.470000
12.470000
12.470000
12.470000
12.470000
12.470000
12.470000
12.470000
12.840000
12.840000
12.840000
12.840000
12.840000
12.840000
12.840000
13.210000
13.210000
13.210000
13.210000
13.210000
13.210000
13.210000
13.210000
13.210000
13.210000
13.210000
13.210000
13.210000
13.210000
13.210000
13.580000
13.580000
13.580000
13.580000
13.580000
13.580000
13.580000
13.950000
13.950000
13.950000
13.950000
13.950000
13.950000
13.950000
13.950000
13.950000
13.950000
14.320000
14.320000
14.320000
14.320000
14.320000
14.320000
14.320000
14.320000
14.320000
14.320000
14.320000
14.320000
14.690000
14.690000
14.690000
14.690000
14.690000
14.690000
14.690000
14.690000
14.690000
14.690000
14.690000
15.060000
15.060000
15.060000
15.060000
15.060000
15.060000
15.060000
15.060000
15.430000
15.430000
15.430000
15.430000
15.430000
15.430000
15.430000
15.430000
15.430000
15.800000
15.800000
15.800000
15.800000
15.800000
15.800000
15.800000
15.800000
16.180000
16.180000
16.180000
16.180000
16.180000
16.180000
16.180000
16.180000
16.549999
16.549999
16.549999
16.549999
16.549999
16.549999
16.549999
16.549999
16.920000
16.920000
16.920000
16.920000
16.920000
16.920000
17.290001
17.290001
17.290001
17.290001
17.290001
17.290001
17.290001
17.290001
17.290001
17.290001
17.290001
17.290001
17.290001
17.290001
17.290001
17.290001
17.290001
17.660000
17.660000
17.660000
17.660000
17.660000
17.660000
17.660000
17.660000
17.660000
17.660000
17.660000
17.660000
17.660000
17.660000
17.660000
17.660000
17.660000
17.660000
17.660000
18.030001
18.030001
18.030001
18.030001
18.030001
18.030001
18.030001
18.400000
18.400000
18.400000
18.400000
18.400000
18.400000
18.400000
18.400000
18.400000
18.770000
18.770000
18.770000
18.770000
18.770000
18.770000
18.770000
18.770000
18.770000
18.770000
19.139999
19.139999
19.139999
19.139999
19.139999
19.510000
19.510000
19.510000
19.510000
19.510000
19.879999
19.879999
19.879999
19.879999
19.879999
19.879999
19.879999
19.879999
20.260000
20.260000
20.260000
20.260000
20.260000
20.260000
20.260000
20.260000
20.260000
20.260000
20.260000
20.260000
20.260000
20.260000
20.260000
20.260000
22.360001
22.360001
22.360001
22.360001
22.360001
22.360001
22.360001
22.360001
22.360001
22.360001
22.360001
22.360001
22.360001
22.360001
24.459999
24.459999
24.459999
24.459999
24.459999
24.459999
24.459999
24.459999
24.459999
26.570000
26.570000
26.570000
26.570000
26.570000
26.570000
28.670000
28.670000
28.670000
28.670000
28.670000
28.670000
28.670000
28.670000
28.670000
28.670000
28.670000
28.670000
28.670000
30.250000
30.250000
30.250000
30.250000
30.250000
