0.000000
0.000000
0.000000
0.000000
0.000000
0.000000
0.000000
0.000000
0.000000
0.000000
0.000000
0.000000
0.000000
0.000000
0.000000
0.000000
0.000000
0.000000
0.000000
0.000000
0.000000
0.000000
0.000000
0.000000
0.000000
0.000000
0.000000
0.000000
0.000000
0.000000
0.000000
0.000000
0.000000
0.000000
0.000000
0.000000
0.000000
0.000000
0.000000
0.000000
0.000000
0.000000
0.000000
0.000000
0.000000
0.000000
0.621900
0.621900
0.621900
0.621900
0.621900
0.621900
0.621900
0.621900
0.621900
0.621900
0.621900
0.621900
0.621900
1.007000
1.007000
1.391000
1.391000
1.391000
1.391000
1.391000
1.391000
1.776000
1.776000
1.776000
1.776000
1.776000
1.776000
1.776000
1.776000
1.776000
1.776000
1.776000
2.161000
2.161000
2.161000
2.161000
2.161000
2.161000
2.161000
2.161000
2.161000
2.161000
2.545000
2.545000
2.545000
2.545000
2.545000
2.545000
2.930000
2.930000
2.930000
2.930000
2.930000
2.930000
2.930000
3.314000
3.314000
3.314000
3.314000
3.699000
3.699000
3.699000
3.699000
3.699000
3.699000
3.699000
3.699000
3.699000
3.699000
3.699000
3.699000
3.699000
4.084000
4.084000
4.084000
4.084000
4.084000
4.084000
4.084000
4.084000
4.084000
4.084000
4.084000
4.084000
4.084000
4.084000
4.468000
4.468000
4.468000
4.468000
4.468000
4.468000
4.853000
4.853000
4.853000
4.853000
4.853000
4.853000
4.853000
4.853000
4.853000
4.853000
4.853000
4.853000
4.853000
4.853000
4.853000
4.853000
5.238000
5.238000
5.238000
5.238000
5.238000
5.238000
5.238000
5.238000
5.238000
5.622000
5.622000
5.622000
5.622000
5.622000
5.622000
5.622000
5.622000
5.622000
5.622000
5.622000
5.622000
6.007000
6.007000
6.007000
6.007000
6.007000
6.007000
6.007000
6.007000
6.007000
6.007000
6.007000
6.007000
6.392000
6.392000
6.392000
6.392000
6.392000
6.392000
6.392000
6.392000
6.392000
6.392000
6.776000
6.776000
6.776000
6.776000
6.776000
6.776000
6.776000
7.161000
7.161000
7.161000
7.161000
7.161000
7.161000
7.161000
7.546000
7.546000
7.546000
7.546000
7.546000
7.546000
7.546000
7.546000
7.930000
7.930000
7.930000
7.930000
7.930000
7.930000
7.930000
7.930000
7.930000
8.315000
8.315000
8.315000
8.315000
8.315000
8.699000
8.699000
8.699000
8.699000
8.699000
8.699000
8.699000
8.699000
8.699000
9.084000
9.084000
9.084000
9.084000
9.084000
9.084000
9.084000
9.084000
9.084000
9.084000
9.084000
9.084000
9.084000
9.084000
9.469000
9.469000
9.469000
9.469000
9.469000
9.469000
9.469000
9.469000
9.469000
9.469000
9.469000
9.469000
9.469000
9.469000
9.469000
9.853000
9.853000
9.853000
9.853000
9.853000
9.853000
9.853000
9.853000
9.853000
9.853000
10.240000
10.240000
10.240000
10.240000
10.240000
10.240000
10.240000
10.240000
10.240000
10.240000
10.240000
10.240000
10.240000
10.240000
10.240000
10.620000
10.620000
10.620000
10.620000
10.620000
10.620000
10.620000
10.620000
10.620000
10.620000
10.620000
10.620000
11.010000
11.010000
11.010000
11.010000
11.010000
11.010000
11.010000
11.010000
11.010000
11.010000
11.010000
11.010000
11.010000
11.390000
11.390000
11.390000
11.390000
11.390000
11.390000
11.390000
11.390000
11.390000
11.390000
11.390000
11.390000
11.390000
11.390000
11.390000
11.390000
11.780000
11.780000
11.780000
11.780000
11.780000
11.780000
11.780000
11.780000
11.780000
11.780000
11.780000
12.160000
12.160000
12.160000
12.160000
12.160000
12.160000
12.160000
12.160000
12.550000
12.550000
12.550000
12.550000
12.550000
12.550000
12.550000
12.550000
12.550000
12.550000
12.550000
12.930000
12.930000
12.930000
12.930000
12.930000
12.930000
12.930000
12.930000
12.930000
13.320000
13.320000
13.320000
13.320000
13.320000
13.320000
13.320000
13.320000
13.320000
13.320000
13.320000
13.320000
13.700000
13.700000
13.700000
13.700000
13.700000
13.700000
13.700000
13.700000
13.700000
13.700000
13.700000
13.700000
13.700000
13.700000
13.700000
13.700000
14.080000
14.080000
14.080000
14.080000
14.080000
14.080000
14.080000
14.080000
14.080000
14.080000
14.080000
14.080000
14.080000
14.080000
14.470000
14.470000
14.470000
14.470000
14.850000
14.850000
14.850000
14.850000
14.850000
14.850000
14.850000
14.850000
15.240000
15.240000
15.240000
15.240000
15.240000
15.240000
15.240000
15.240000
15.240000
15.240000
15.240000
15.620000
15.620000
15.620000
15.620000
15.620000
15.620000
15.620000
15.620000
15.620000
15.620000
15.620000
15.620000
15.620000
15.620000
15.620000
16.010000
16.010000
16.010000
16.010000
16.010000
16.010000
16.010000
16.010000
16.010000
16.010000
16.010000
16.010000
16.010000
16.010000
16.389999
16.389999
16.389999
16.389999
16.389999
16.389999
16.389999
16.389999
16.780001
16.780001
16.780001
16.780001
16.780001
16.780001
16.780001
16.780001
16.780001
16.780001
16.780001
16.780001
16.780001
16.780001
17.160000
17.160000
17.160000
17.160000
17.160000
17.160000
17.160000
17.160000
17.160000
17.160000
17.160000
17.160000
17.160000
17.160000
17.160000
17.160000
17.160000
17.549999
17.549999
17.549999
17.549999
17.549999
17.549999
17.549999
17.549999
17.549999
17.549999
17.549999
17.930000
17.930000
17.930000
17.930000
17.930000
17.930000
17.930000
17.930000
17.930000
17.930000
17.930000
19.020000
19.020000
19.020000
19.020000
19.020000
19.020000
19.020000
19.020000
19.020000
19.020000
19.020000
19.020000
20.110001
20.110001
20.110001
20.110001
20.110001
20.110001
20.110001
20.110001
20.110001
20.110001
20.110001
20.110001
21.200001
21.200001
21.200001
21.200001
21.200001
21.200001
21.200001
21.200001
22.290001
22.290001
22.290001
22.290001
22.290001
22.290001
22.290001
22.290001
22.290001
22.290001
22.290001
22.290001
22.290001
23.379999
23.379999
23.379999
23.379999
23.379999
23.379999
23.379999
23.379999
23.379999
23.379999
24.469999
24.469999
24.469999
24.469999
24.469999
24.469999
24.469999
24.469999
24.469999
24.469999
24.469999
25.559999
25.559999
25.559999
25.559999
25.559999
25.559999
25.559999
25.559999
25.559999
25.559999
25.559999
25.559999
25.559999
25.559999
25.559999
26.650000
26.650000
26.650000
26.650000
26.650000
26.650000
26.650000
26.650000
26.650000
26.650000
26.650000
26.650000
26.650000
26.650000
26.650000
26.650000
27.740000
27.740000
27.740000
27.740000
27.740000
27.740000
27.740000
27.740000
28.830000
28.830000
28.830000
28.830000
29.920000
29.920000
29.920000
29.920000
29.920000
29.920000
31.010000
31.010000
31.010000
31.010000
31.010000
31.010000
31.010000
31.010000
31.010000
31.010000
31.010000
31.010000
31.010000
32.099998
32.099998
32.099998
32.099998
32.099998
32.099998
33.189999
33.189999
33.189999
33.189999
33.189999
33.189999
33.189999
33.189999
33.189999
34.279999
34.279999
34.279999
34.279999
34.279999
34.279999
34.279999
34.279999
34.279999
34.279999
34.279999
34.279999
34.279999
34.279999
35.369999
35.369999
35.369999
35.369999
35.369999
35.369999
35.369999
35.369999
35.369999
35.369999
35.369999
35.369999
36.459999
36.459999
36.459999
36.459999
36.459999
36.459999
36.459999
36.459999
36.459999
36.459999
37.549999
37.549999
37.549999
37.549999
37.549999
37.549999
38.639999
38.639999
38.639999
38.639999
39.730000
39.730000
39.730000
39.730000
39.730000
40.820000
40.820000
40.820000
40.820000
40.820000
41.910000
41.910000
41.910000
41.910000
41.910000
41.910000
41.910000
41.910000
43.000000
43.000000
43.000000
43.000000
43.000000
43.000000
43.000000
43.000000
43.000000
44.090000
44.090000
44.090000
44.090000
44.090000
44.090000
44.090000
45.180000
45.180000
45.180000
45.180000
45.180000
45.180000
45.180000
45.180000
46.270000
46.270000
46.270000
46.270000
46.270000
46.270000
46.270000
46.270000
46.270000
47.360001
47.360001
47.360001
47.360001
47.360001
48.450001
48.450001
48.450001
48.450001
48.450001
48.450001
48.450001
48.450001
48.450001
48.450001
48.450001
49.540001
49.540001
49.540001
49.540001
49.540001
49.540001
49.540001
50.630001
50.630001
50.630001
50.630001
50.630001
50.630001
50.630001
51.720001
51.720001
51.720001
51.720001
51.720001
51.720001
51.720001
52.810001
52.810001
52.810001
52.810001
52.810001
52.810001
52.810001
53.900002
53.900002
53.900002
53.900002
53.900002
53.900002
53.900002
53.900002
53.900002
53.900002
53.900002
53.900002
53.900002
53.900002
54.990002
54.990002
54.990002
54.990002
54.990002
54.990002
54.990002
54.990002
56.080002
56.080002
56.080002
56.080002
56.080002
56.080002
56.080002
56.080002
56.080002
56.080002
56.080002
56.080002
56.080002
56.080002
56.080002
57.169998
57.169998
57.169998
58.259998
58.259998
58.259998
58.259998
58.259998
58.259998
58.259998
58.259998
58.259998
58.259998
58.259998
58.259998
58.259998
58.259998
59.349998
59.349998
59.349998
59.349998
59.349998
59.349998
59.349998
59.349998
59.349998
59.349998
59.349998
59.349998
60.439999
60.439999
60.439999
60.439999
60.439999
60.439999
60.439999
60.439999
60.439999
60.439999
60.439999
60.439999
61.529999
61.529999
61.529999
61.529999
61.529999
61.529999
61.529999
61.529999
61.529999
61.529999
62.619999
62.619999
62.619999
62.619999
62.619999
62.619999
62.619999
63.709999
63.709999
63.709999
63.709999
63.709999
63.709999
63.709999
63.709999
63.709999
63.709999
63.709999
63.709999
64.800003
64.800003
64.800003
64.800003
64.800003
64.800003
65.889999
65.889999
65.889999
65.889999
65.889999
65.889999
65.889999
65.889999
65.889999
66.980003
66.980003
66.980003
66.980003
66.980003
66.980003
66.980003
72.070000
72.070000
72.070000
72.070000
72.070000
72.070000
72.070000
72.070000
72.070000
72.070000
72.070000
72.070000
77.150002
77.150002
77.150002
77.150002
77.150002
77.150002
77.150002
77.150002
77.150002
77.150002
77.150002
77.150002
77.150002
82.239998
82.239998
82.239998
82.239998
82.239998
82.239998
82.239998
82.239998
82.239998
82.239998
82.239998
82.239998
82.239998
87.330002
87.330002
87.330002
87.330002
87.330002
87.330002
87.330002
87.330002
87.330002
87.330002
91.139999
91.139999
91.139999
91.139999
91.139999
91.139999
91.139999
91.139999
