0.000000
0.000000
0.000000
0.000000
0.000000
0.000000
0.000000
0.000000
0.000000
0.000000
0.000000
0.000000
0.000000
0.000000
0.000000
0.000000
0.000000
0.000000
0.000000
0.000000
0.000000
0.000000
0.000000
0.000000
0.000000
0.000000
0.000000
0.000000
0.000000
0.000000
0.000000
0.000000
0.000000
0.000000
0.000000
0.000000
0.000000
0.000000
0.000000
0.000000
0.000000
0.000000
0.000000
0.000000
0.000000
0.000000
0.000000
0.000000
0.000000
0.000000
0.000000
0.000000
0.000000
0.000000
0.000000
0.000000
0.000000
0.000000
0.000000
0.000000
0.000000
0.000000
0.000000
0.000000
0.000000
0.000000
0.000000
0.000000
0.019600
0.019600
0.019600
0.019600
0.019600
0.019600
0.019600
0.019600
0.019600
0.019600
0.082070
0.082070
0.082070
0.082070
0.082070
0.082070
0.144500
0.144500
0.144500
0.144500
0.144500
0.144500
0.144500
0.144500
0.207000
0.207000
0.207000
0.207000
0.207000
0.207000
0.207000
0.269500
0.269500
0.269500
0.269500
0.269500
0.269500
0.269500
0.269500
0.269500
0.269500
0.331900
0.331900
0.331900
0.331900
0.331900
0.331900
0.331900
0.331900
0.331900
0.331900
0.394400
0.394400
0.394400
0.394400
0.394400
0.394400
0.394400
0.394400
0.394400
0.394400
0.394400
0.394400
0.394400
0.394400
0.394400
0.394400
0.456900
0.456900
0.456900
0.456900
0.456900
0.456900
0.456900
0.456900
0.456900
0.519300
0.519300
0.519300
0.519300
0.519300
0.519300
0.519300
0.519300
0.519300
0.519300
0.519300
0.581800
0.581800
0.581800
0.581800
0.581800
0.581800
0.581800
0.581800
0.581800
0.581800
0.581800
0.644200
0.644200
0.644200
0.644200
0.644200
0.644200
0.644200
0.706700
0.706700
0.706700
0.706700
0.706700
0.706700
0.706700
0.706700
0.706700
0.706700
0.706700
0.706700
0.706700
0.706700
0.706700
0.706700
0.769200
0.769200
0.769200
0.769200
0.769200
0.769200
0.769200
0.769200
0.769200
0.769200
0.831600
0.831600
0.831600
0.831600
0.831600
0.831600
0.831600
0.831600
0.894100
0.894100
0.894100
0.894100
0.894100
0.894100
0.894100
0.894100
0.894100
0.894100
0.956600
0.956600
0.956600
0.956600
0.956600
0.956600
0.956600
0.956600
0.956600
0.956600
0.956600
0.956600
1.019000
1.019000
1.019000
1.019000
1.019000
1.019000
1.019000
1.019000
1.019000
1.081000
1.081000
1.081000
1.081000
1.081000
1.081000
1.081000
1.081000
1.081000
1.081000
1.081000
1.081000
1.081000
1.144000
1.144000
1.144000
1.144000
1.144000
1.144000
1.144000
1.144000
1.144000
1.144000
1.206000
1.206000
1.206000
1.206000
1.206000
1.269000
1.269000
1.269000
1.269000
1.269000
1.269000
1.269000
1.269000
1.269000
1.331000
1.331000
1.331000
1.331000
1.331000
1.331000
1.331000
1.331000
1.331000
1.394000
1.394000
1.394000
1.394000
1.394000
1.394000
1.394000
1.394000
1.394000
1.394000
1.394000
1.456000
1.456000
1.456000
1.456000
1.456000
1.456000
1.456000
1.456000
1.456000
1.456000
1.456000
1.456000
1.456000
1.456000
1.519000
1.519000
1.519000
1.519000
1.519000
1.519000
1.581000
1.581000
1.581000
1.644000
1.644000
1.644000
1.644000
1.644000
1.644000
1.644000
1.644000
1.706000
1.706000
1.706000
1.706000
1.706000
1.706000
1.706000
1.706000
1.706000
1.706000
1.769000
1.769000
1.769000
1.769000
1.769000
1.769000
1.769000
1.769000
1.769000
1.769000
1.831000
1.831000
1.831000
1.831000
1.831000
1.831000
1.831000
1.831000
1.894000
1.894000
1.894000
1.894000
1.894000
1.894000
1.894000
1.894000
1.894000
1.894000
1.894000
1.956000
1.956000
1.956000
1.956000
1.956000
1.956000
1.956000
1.956000
1.956000
1.956000
1.956000
1.956000
1.956000
2.018000
2.018000
2.018000
2.018000
2.081000
2.081000
2.081000
2.081000
2.081000
2.081000
2.081000
2.081000
2.081000
2.081000
2.081000
2.143000
2.143000
2.143000
2.206000
2.206000
2.206000
2.206000
2.206000
2.206000
2.206000
2.206000
2.268000
2.268000
2.268000
2.268000
2.268000
2.268000
2.268000
2.268000
2.331000
2.331000
2.331000
2.331000
2.331000
2.331000
2.331000
2.393000
2.393000
2.393000
2.393000
2.393000
2.393000
2.393000
2.393000
2.393000
2.456000
2.456000
2.456000
2.456000
2.456000
2.456000
2.456000
2.456000
2.456000
2.456000
2.518000
2.518000
2.518000
2.518000
2.518000
2.518000
2.518000
2.581000
2.581000
2.581000
2.581000
2.581000
2.581000
2.581000
2.581000
2.581000
2.581000
2.643000
2.643000
2.643000
2.706000
2.706000
2.706000
2.706000
2.706000
2.706000
2.706000
2.706000
2.706000
2.706000
2.706000
2.706000
2.768000
2.768000
2.768000
2.768000
2.768000
2.768000
2.768000
2.768000
2.768000
2.768000
2.768000
2.768000
2.768000
2.768000
2.768000
2.768000
2.830000
2.830000
2.830000
2.830000
2.830000
2.830000
2.830000
2.830000
3.090000
3.090000
3.090000
3.090000
3.090000
3.090000
3.090000
3.090000
3.090000
3.090000
3.090000
3.090000
3.090000
3.090000
3.090000
3.090000
3.090000
3.090000
3.349000
3.349000
3.349000
3.349000
3.349000
3.349000
3.349000
3.349000
3.608000
3.608000
3.608000
3.608000
3.608000
3.608000
3.867000
3.867000
3.867000
3.867000
3.867000
3.867000
3.867000
3.867000
3.867000
4.126000
4.126000
4.126000
4.126000
4.126000
4.126000
4.126000
4.126000
4.126000
4.126000
4.126000
4.126000
4.385000
4.385000
4.385000
4.385000
4.385000
4.385000
4.385000
4.385000
4.385000
4.385000
4.385000
4.385000
4.385000
4.385000
4.385000
4.385000
4.644000
4.644000
4.644000
4.644000
4.644000
4.644000
4.644000
4.644000
4.644000
4.644000
4.644000
4.903000
4.903000
4.903000
4.903000
4.903000
4.903000
4.903000
4.903000
4.903000
4.903000
4.903000
4.903000
4.903000
4.903000
4.903000
5.162000
5.162000
5.162000
5.162000
5.162000
5.162000
5.162000
5.162000
5.162000
5.162000
5.162000
5.162000
5.162000
5.162000
5.162000
5.162000
5.162000
5.421000
5.421000
5.421000
5.421000
5.421000
5.421000
5.421000
5.421000
5.421000
5.680000
5.680000
5.680000
5.680000
5.680000
5.680000
5.680000
5.680000
5.680000
5.939000
5.939000
5.939000
5.939000
5.939000
5.939000
5.939000
5.939000
5.939000
5.939000
5.939000
5.939000
5.939000
5.939000
5.939000
6.198000
6.198000
6.198000
6.198000
6.198000
6.457000
6.457000
6.457000
6.457000
6.457000
6.457000
6.457000
6.716000
6.716000
6.716000
6.716000
6.716000
6.716000
6.716000
6.716000
6.716000
6.716000
6.975000
6.975000
6.975000
6.975000
6.975000
7.234000
7.234000
7.234000
7.234000
7.234000
7.234000
7.234000
7.234000
7.234000
7.234000
7.493000
7.493000
7.493000
7.493000
7.493000
7.493000
7.752000
7.752000
7.752000
7.752000
7.752000
7.752000
7.752000
7.752000
7.752000
7.752000
7.752000
7.752000
7.752000
7.752000
8.011000
8.011000
8.011000
8.011000
8.011000
8.011000
8.011000
8.011000
8.011000
8.011000
8.011000
8.270000
8.270000
8.270000
8.270000
8.270000
8.270000
8.270000
8.529000
8.529000
8.529000
8.529000
8.529000
8.529000
8.529000
8.529000
8.529000
8.529000
8.788000
8.788000
8.788000
8.788000
8.788000
8.788000
8.788000
9.047000
9.047000
9.047000
9.047000
9.047000
9.047000
9.047000
9.047000
9.047000
9.047000
9.047000
9.047000
9.047000
9.306000
9.306000
9.306000
9.306000
9.306000
9.306000
9.306000
9.306000
9.306000
9.306000
9.306000
9.565000
9.565000
9.565000
9.565000
9.565000
9.565000
9.565000
9.565000
9.565000
9.565000
9.565000
9.565000
9.824000
9.824000
9.824000
9.824000
9.824000
9.824000
9.824000
9.824000
9.824000
9.824000
9.824000
9.824000
9.824000
9.824000
9.824000
10.080000
10.080000
10.080000
10.080000
10.080000
10.080000
10.080000
10.080000
10.080000
10.080000
10.080000
10.340000
10.340000
10.340000
10.340000
10.340000
10.340000
10.340000
10.340000
10.340000
10.340000
10.600000
10.600000
10.600000
10.600000
10.600000
10.600000
10.600000
10.600000
10.600000
10.600000
10.860000
10.860000
10.860000
11.120000
11.120000
11.120000
11.120000
11.120000
11.120000
11.120000
11.120000
11.120000
11.120000
11.120000
11.120000
11.120000
11.380000
11.380000
11.380000
11.380000
11.380000
11.380000
11.380000
11.380000
11.380000
11.380000
11.380000
11.640000
11.640000
11.640000
11.640000
11.640000
11.640000
11.640000
11.900000
11.900000
11.900000
11.900000
11.900000
11.900000
11.900000
11.900000
11.900000
11.900000
11.900000
11.900000
11.900000
11.900000
11.900000
12.160000
12.160000
12.160000
12.160000
12.160000
12.410000
12.410000
12.410000
12.410000
12.410000
12.410000
12.410000
12.410000
12.410000
12.410000
12.410000
12.670000
12.670000
12.670000
12.670000
12.670000
12.670000
12.670000
12.930000
12.930000
12.930000
12.930000
12.930000
12.930000
12.930000
12.930000
13.190000
13.190000
13.190000
13.190000
13.190000
13.190000
13.190000
13.190000
13.450000
13.450000
13.450000
13.450000
13.450000
13.450000
13.450000
13.450000
13.450000
13.450000
13.450000
13.450000
13.710000
13.710000
13.710000
13.710000
13.710000
13.710000
13.710000
13.710000
13.970000
13.970000
13.970000
13.970000
13.970000
13.970000
13.970000
13.970000
13.970000
14.230000
14.230000
14.230000
14.230000
14.230000
14.230000
14.230000
14.230000
14.230000
14.230000
14.230000
14.490000
14.490000
14.490000
14.490000
14.490000
14.490000
17.660000
17.660000
17.660000
17.660000
17.660000
17.660000
17.660000
17.660000
17.660000
17.660000
17.660000
17.660000
20.830000
20.830000
20.830000
20.830000
20.830000
20.830000
20.830000
20.830000
20.830000
20.830000
20.830000
24.010000
24.010000
24.010000
24.010000
24.010000
24.010000
24.010000
24.010000
24.010000
27.180000
27.180000
27.180000
27.180000
27.180000
27.180000
27.180000
27.180000
27.180000
29.559999
29.559999
29.559999
29.559999
29.559999
29.559999
29.559999
29.559999
29.559999
29.559999
29.559999
29.559999
