0.000000
0.000000
0.000000
0.000000
0.000000
0.000000
0.000000
0.000000
0.000000
0.000000
0.000000
0.000000
0.000000
0.000000
0.000000
0.000000
0.000000
0.000000
0.000000
0.000000
0.000000
0.000000
0.000000
0.000000
0.000000
0.000000
0.000000
0.000000
0.000000
0.000000
0.000000
0.000000
0.000000
0.000000
0.000000
0.000000
0.000000
0.000000
0.000000
0.000000
0.013900
0.013900
0.013900
0.013900
0.013900
0.013900
0.013900
0.013900
0.013900
0.013900
0.013900
0.013900
0.013900
0.013900
0.013900
0.070770
0.070770
0.070770
0.070770
0.070770
0.070770
0.070770
0.070770
0.070770
0.127600
0.127600
0.127600
0.127600
0.127600
0.127600
0.127600
0.127600
0.127600
0.127600
0.127600
0.127600
0.127600
0.127600
0.184500
0.184500
0.184500
0.184500
0.184500
0.184500
0.184500
0.184500
0.184500
0.184500
0.184500
0.184500
0.184500
0.184500
0.241400
0.241400
0.241400
0.241400
0.241400
0.241400
0.241400
0.298300
0.298300
0.298300
0.298300
0.298300
0.298300
0.298300
0.298300
0.298300
0.355100
0.355100
0.355100
0.355100
0.355100
0.355100
0.355100
0.355100
0.355100
0.355100
0.355100
0.355100
0.355100
0.412000
0.412000
0.412000
0.412000
0.412000
0.412000
0.412000
0.412000
0.412000
0.412000
0.412000
0.468900
0.468900
0.468900
0.468900
0.468900
0.468900
0.468900
0.468900
0.468900
0.525700
0.525700
0.525700
0.525700
0.525700
0.525700
0.525700
0.525700
0.525700
0.582600
0.582600
0.582600
0.582600
0.582600
0.582600
0.582600
0.582600
0.582600
0.582600
0.582600
0.582600
0.582600
0.582600
0.582600
0.582600
0.582600
0.582600
0.582600
0.582600
0.639500
0.639500
0.639500
0.639500
0.639500
0.639500
0.639500
0.639500
0.696400
0.696400
0.696400
0.696400
0.696400
0.696400
0.696400
0.696400
0.696400
0.696400
0.696400
0.753200
0.753200
0.753200
0.753200
0.753200
0.753200
0.753200
0.753200
0.753200
0.753200
0.753200
0.753200
0.753200
0.753200
0.753200
0.810100
0.810100
0.810100
0.810100
0.810100
0.810100
0.810100
0.810100
0.810100
0.867000
0.867000
0.867000
0.867000
0.867000
0.867000
0.867000
0.867000
0.867000
0.867000
0.923800
0.923800
0.923800
0.923800
0.923800
0.923800
0.980700
0.980700
0.980700
0.980700
0.980700
1.038000
1.038000
1.038000
1.038000
1.038000
1.038000
1.038000
1.038000
1.038000
1.038000
1.038000
1.038000
1.094000
1.094000
1.094000
1.094000
1.094000
1.094000
1.094000
1.094000
1.094000
1.094000
1.094000
1.151000
1.151000
1.151000
1.151000
1.151000
1.151000
1.208000
1.208000
1.208000
1.208000
1.208000
1.208000
1.208000
1.208000
1.208000
1.208000
1.208000
1.208000
1.208000
1.265000
1.265000
1.265000
1.265000
1.265000
1.265000
1.265000
1.265000
1.265000
1.322000
1.322000
1.322000
1.322000
1.322000
1.322000
1.322000
1.322000
1.322000
1.322000
1.322000
1.322000
1.322000
1.322000
1.322000
1.379000
1.379000
1.379000
1.379000
1.379000
1.379000
1.379000
1.379000
1.379000
1.379000
1.379000
1.436000
1.436000
1.436000
1.436000
1.436000
1.436000
1.436000
1.436000
1.436000
1.436000
1.436000
1.436000
1.436000
1.436000
1.493000
1.493000
1.493000
1.493000
1.493000
1.493000
1.493000
1.493000
1.493000
1.493000
1.493000
1.493000
1.493000
1.549000
1.549000
1.549000
1.549000
1.549000
1.549000
1.549000
1.549000
1.549000
1.606000
1.606000
1.606000
1.606000
1.606000
1.606000
1.606000
1.663000
1.663000
1.663000
1.663000
1.663000
1.663000
1.663000
1.663000
1.663000
1.663000
1.663000
1.663000
1.663000
1.720000
1.720000
1.720000
1.720000
1.720000
1.720000
1.777000
1.777000
1.777000
1.777000
1.777000
1.777000
1.777000
1.834000
1.834000
1.834000
1.834000
1.834000
1.834000
1.834000
1.834000
1.834000
1.834000
1.834000
1.891000
1.891000
1.891000
1.891000
1.891000
1.891000
1.891000
1.891000
1.891000
1.891000
1.891000
1.948000
1.948000
1.948000
1.948000
1.948000
1.948000
1.948000
1.948000
1.948000
2.004000
2.004000
2.004000
2.004000
2.004000
2.004000
2.061000
2.061000
2.061000
2.061000
2.061000
2.061000
2.061000
2.061000
2.061000
2.061000
2.061000
2.061000
2.061000
2.061000
2.061000
2.061000
2.118000
2.118000
2.118000
2.118000
2.118000
2.175000
2.175000
2.175000
2.175000
2.175000
2.175000
2.175000
2.175000
2.175000
2.175000
2.232000
2.232000
2.232000
2.232000
2.232000
2.232000
2.232000
2.232000
2.232000
2.232000
2.232000
2.232000
2.232000
2.232000
2.232000
2.289000
2.289000
2.289000
2.289000
2.289000
2.289000
2.289000
2.289000
2.289000
2.289000
2.289000
2.289000
2.289000
2.346000
2.346000
2.346000
2.346000
2.346000
2.403000
2.403000
2.403000
2.403000
2.403000
2.403000
2.403000
2.403000
2.459000
2.459000
2.459000
2.459000
2.459000
2.459000
2.459000
2.516000
2.516000
2.516000
2.516000
2.516000
2.516000
2.516000
2.573000
2.573000
2.573000
2.573000
2.573000
2.573000
2.573000
2.573000
2.573000
2.573000
2.573000
2.573000
2.573000
2.947000
2.947000
2.947000
2.947000
2.947000
2.947000
2.947000
2.947000
2.947000
2.947000
2.947000
3.321000
3.321000
3.321000
3.321000
3.321000
3.321000
3.695000
3.695000
3.695000
3.695000
3.695000
3.695000
3.695000
3.695000
3.695000
3.695000
3.695000
3.695000
3.695000
4.069000
4.069000
4.069000
4.069000
4.069000
4.069000
4.069000
4.069000
4.443000
4.443000
4.443000
4.443000
4.443000
4.443000
4.443000
4.443000
4.443000
4.443000
4.817000
4.817000
4.817000
4.817000
4.817000
4.817000
4.817000
4.817000
4.817000
5.191000
5.191000
5.191000
5.191000
5.191000
5.191000
5.191000
5.191000
5.191000
5.191000
5.191000
5.564000
5.564000
5.564000
5.564000
5.564000
5.564000
5.564000
5.938000
5.938000
5.938000
5.938000
5.938000
6.312000
6.312000
6.312000
6.312000
6.312000
6.312000
6.312000
6.312000
6.312000
6.312000
6.686000
6.686000
6.686000
6.686000
6.686000
6.686000
6.686000
6.686000
6.686000
6.686000
6.686000
6.686000
6.686000
7.060000
7.060000
7.060000
7.060000
7.060000
7.434000
7.434000
7.434000
7.434000
7.434000
7.434000
7.434000
7.434000
7.434000
7.434000
7.434000
7.808000
7.808000
7.808000
7.808000
7.808000
7.808000
7.808000
7.808000
7.808000
7.808000
7.808000
7.808000
8.182000
8.182000
8.182000
8.182000
8.182000
8.182000
8.182000
8.182000
8.556000
8.556000
8.556000
8.556000
8.556000
8.556000
8.556000
8.556000
8.556000
8.556000
8.930000
8.930000
8.930000
8.930000
8.930000
8.930000
8.930000
8.930000
9.304000
9.304000
9.304000
9.304000
9.304000
9.304000
9.304000
9.304000
9.304000
9.304000
9.304000
9.304000
9.304000
9.678000
9.678000
9.678000
9.678000
9.678000
9.678000
9.678000
10.050000
10.050000
10.050000
10.050000
10.050000
10.050000
10.050000
10.050000
10.050000
10.050000
10.050000
10.050000
10.050000
10.050000
10.050000
10.050000
10.050000
10.050000
10.430000
10.430000
10.430000
10.430000
10.430000
10.430000
10.430000
10.800000
10.800000
10.800000
10.800000
10.800000
10.800000
10.800000
10.800000
10.800000
10.800000
10.800000
10.800000
10.800000
10.800000
10.800000
11.170000
11.170000
11.170000
11.170000
11.170000
11.170000
11.170000
11.170000
11.170000
11.170000
11.170000
11.170000
11.550000
11.550000
11.550000
11.550000
11.550000
11.550000
11.550000
11.550000
11.550000
11.920000
11.920000
11.920000
11.920000
11.920000
11.920000
11.920000
11.920000
11.920000
12.290000
12.290000
12.290000
12.290000
12.290000
12.290000
12.290000
12.290000
12.670000
12.670000
12.670000
12.670000
12.670000
12.670000
13.040000
13.040000
13.040000
13.040000
13.040000
13.040000
13.040000
13.040000
13.040000
13.040000
13.420000
13.420000
13.420000
13.420000
13.420000
13.420000
13.420000
13.420000
13.420000
13.420000
13.420000
13.790000
13.790000
13.790000
13.790000
13.790000
13.790000
13.790000
13.790000
14.160000
14.160000
14.160000
14.160000
14.160000
14.160000
14.160000
14.160000
14.540000
14.540000
14.540000
14.540000
14.540000
14.540000
14.540000
14.540000
14.540000
14.540000
14.540000
14.540000
14.910000
14.910000
14.910000
14.910000
14.910000
14.910000
14.910000
14.910000
14.910000
14.910000
14.910000
15.290000
15.290000
15.290000
15.290000
15.290000
15.290000
15.290000
15.290000
15.290000
15.290000
15.290000
15.660000
15.660000
15.660000
15.660000
15.660000
15.660000
15.660000
15.660000
15.660000
15.660000
15.660000
16.030001
16.030001
16.030001
16.030001
16.030001
16.030001
16.030001
16.030001
16.030001
16.030001
16.030001
16.030001
16.030001
16.410000
16.410000
16.410000
16.410000
16.410000
16.410000
16.410000
16.410000
16.410000
16.410000
16.410000
16.410000
16.780001
16.780001
16.780001
16.780001
16.780001
16.780001
16.780001
17.160000
17.160000
17.160000
17.160000
17.160000
17.160000
17.160000
17.160000
17.160000
17.160000
17.160000
17.160000
17.530001
17.530001
17.530001
17.530001
17.530001
17.530001
17.530001
17.900000
17.900000
17.900000
17.900000
17.900000
17.900000
17.900000
17.900000
18.280001
18.280001
18.280001
18.280001
18.280001
18.280001
18.280001
18.280001
18.280001
18.280001
18.280001
18.650000
18.650000
18.650000
18.650000
18.650000
18.650000
19.030001
19.030001
19.030001
19.030001
19.030001
19.400000
19.400000
19.400000
19.400000
19.400000
19.400000
19.400000
19.400000
19.400000
19.400000
19.400000
24.139999
24.139999
24.139999
24.139999
24.139999
24.139999
24.139999
24.139999
24.139999
24.139999
24.139999
28.889999
28.889999
28.889999
28.889999
28.889999
28.889999
28.889999
28.889999
33.630001
33.630001
33.630001
33.630001
33.630001
33.630001
33.630001
33.630001
33.630001
33.630001
33.630001
38.380001
38.380001
38.380001
38.380001
38.380001
38.380001
38.380001
38.380001
38.380001
38.380001
41.939999
41.939999
41.939999
41.939999
41.939999
41.939999
41.939999
41.939999
41.939999
