0.286200
0.286200
0.286200
0.286200
0.286200
0.286200
0.286200
0.286200
0.286200
0.286200
0.286200
0.994300
0.994300
0.994300
0.994300
0.994300
0.994300
1.938000
1.938000
1.938000
1.938000
1.938000
1.938000
1.938000
1.938000
2.882000
2.882000
2.882000
2.882000
2.882000
2.882000
3.826000
3.826000
3.826000
3.826000
3.826000
3.826000
3.826000
3.826000
3.826000
3.826000
3.826000
4.771000
4.771000
4.771000
4.771000
4.771000
4.771000
4.771000
4.771000
4.771000
4.771000
4.771000
4.771000
4.934000
4.934000
4.934000
4.934000
4.934000
4.934000
4.934000
4.934000
4.934000
4.934000
5.098000
5.098000
5.098000
5.098000
5.098000
5.098000
5.098000
5.261000
5.261000
5.261000
5.261000
5.261000
5.261000
5.261000
5.261000
5.261000
5.261000
5.261000
5.261000
5.261000
5.261000
5.261000
5.424000
5.424000
5.424000
5.424000
5.424000
5.424000
5.424000
5.424000
5.424000
5.424000
5.588000
5.588000
5.588000
5.588000
5.588000
5.588000
5.588000
5.588000
5.751000
5.751000
5.751000
5.751000
5.751000
5.751000
5.751000
5.751000
5.751000
5.751000
5.751000
5.915000
5.915000
5.915000
5.915000
5.915000
5.915000
5.915000
5.915000
5.915000
5.915000
5.915000
6.078000
6.078000
6.078000
6.078000
6.078000
6.078000
6.078000
6.078000
6.078000
6.078000
6.242000
6.242000
6.242000
6.242000
6.242000
6.242000
6.242000
6.242000
6.242000
6.242000
6.405000
6.405000
6.405000
6.569000
6.569000
6.569000
6.569000
6.569000
6.569000
6.569000
6.569000
6.569000
6.569000
6.569000
6.569000
6.569000
6.569000
6.569000
6.732000
6.732000
6.732000
6.732000
6.732000
6.732000
6.732000
6.732000
6.732000
6.732000
6.732000
6.732000
6.896000
6.896000
6.896000
6.896000
6.896000
6.896000
6.896000
6.896000
7.059000
7.059000
7.059000
7.059000
7.059000
7.059000
7.059000
7.059000
7.059000
7.059000
7.059000
7.223000
7.223000
7.223000
7.223000
7.223000
7.223000
7.223000
7.223000
7.223000
7.223000
7.386000
7.386000
7.386000
7.386000
7.550000
7.550000
7.550000
7.550000
7.550000
7.550000
7.550000
7.550000
7.550000
7.713000
7.713000
7.713000
7.713000
7.713000
7.713000
7.713000
7.713000
7.713000
7.713000
7.877000
7.877000
7.877000
7.877000
7.877000
7.877000
7.877000
8.040000
8.040000
8.040000
8.040000
8.040000
8.040000
8.040000
8.040000
8.040000
8.040000
8.040000
8.040000
8.204000
8.204000
8.204000
8.204000
8.204000
8.204000
8.367000
8.367000
8.367000
8.367000
8.367000
8.367000
8.367000
8.367000
8.367000
8.367000
8.367000
8.531000
8.531000
8.531000
8.531000
8.531000
8.531000
8.531000
8.531000
8.531000
8.694000
8.694000
8.694000
8.694000
8.694000
8.694000
8.694000
8.694000
8.694000
8.694000
8.858000
8.858000
8.858000
8.858000
8.858000
8.858000
8.858000
8.858000
8.858000
8.858000
8.858000
9.021000
9.021000
9.021000
9.021000
9.021000
9.021000
9.021000
9.021000
9.021000
9.185000
9.185000
9.185000
9.185000
9.185000
9.185000
9.185000
9.185000
9.185000
9.185000
9.185000
9.185000
9.185000
9.348000
9.348000
9.348000
9.348000
9.348000
9.348000
9.348000
9.348000
9.348000
9.348000
9.512000
9.512000
9.512000
9.512000
9.512000
9.512000
9.512000
9.512000
9.675000
9.675000
9.675000
9.675000
9.675000
9.675000
9.839000
9.839000
9.839000
9.839000
9.839000
9.839000
9.839000
9.839000
9.839000
9.839000
9.839000
9.839000
9.839000
9.839000
9.839000
9.839000
9.839000
10.000000
10.000000
10.000000
10.000000
10.000000
10.000000
10.170000
10.170000
10.170000
10.170000
10.170000
10.170000
10.170000
10.330000
10.330000
10.330000
10.330000
10.330000
10.330000
10.490000
10.490000
10.490000
10.490000
10.490000
10.490000
10.490000
10.490000
10.490000
10.490000
10.660000
10.660000
10.660000
10.660000
10.660000
10.660000
10.660000
10.660000
10.660000
10.820000
10.820000
10.820000
10.820000
10.820000
10.820000
10.820000
10.820000
10.820000
10.980000
10.980000
10.980000
10.980000
10.980000
10.980000
10.980000
11.150000
11.150000
11.150000
11.150000
11.150000
11.150000
11.310000
11.310000
11.310000
11.310000
11.310000
11.310000
11.310000
11.310000
11.310000
11.310000
11.470000
11.470000
11.470000
11.470000
11.470000
11.470000
11.640000
11.640000
11.640000
11.640000
11.640000
11.640000
11.640000
11.640000
11.640000
11.640000
11.640000
11.640000
11.800000
11.800000
11.800000
11.800000
11.800000
11.800000
11.800000
11.800000
11.800000
11.800000
11.800000
11.800000
11.800000
11.800000
11.800000
11.800000
11.800000
11.800000
11.800000
11.960000
11.960000
11.960000
11.960000
11.960000
11.960000
12.130000
12.130000
12.130000
12.130000
12.130000
12.130000
12.130000
12.130000
12.130000
12.130000
12.130000
12.130000
12.130000
12.130000
12.130000
12.270000
12.270000
12.270000
12.270000
12.270000
12.270000
12.270000
12.270000
12.400000
12.400000
12.400000
12.400000
12.400000
12.400000
12.400000
12.400000
12.540000
12.540000
12.540000
12.540000
12.540000
12.540000
12.680000
12.680000
12.680000
12.680000
12.680000
12.680000
12.680000
12.680000
12.680000
12.680000
12.680000
12.680000
12.820000
12.820000
12.820000
12.820000
12.820000
12.820000
12.820000
12.820000
12.820000
12.960000
12.960000
12.960000
12.960000
12.960000
12.960000
12.960000
12.960000
12.960000
12.960000
12.960000
13.100000
13.100000
13.100000
13.100000
13.100000
13.100000
13.100000
13.100000
13.100000
13.240000
13.240000
13.240000
13.240000
13.240000
13.240000
13.240000
13.240000
13.240000
13.380000
13.380000
13.380000
13.380000
13.380000
13.380000
13.380000
13.380000
13.510000
13.510000
13.510000
13.510000
13.510000
13.510000
13.510000
13.510000
13.510000
13.510000
13.510000
13.510000
13.510000
13.510000
13.510000
13.510000
13.510000
13.510000
13.510000
13.510000
13.510000
13.650000
13.650000
13.650000
13.650000
13.650000
13.650000
13.650000
13.650000
13.650000
13.790000
13.790000
13.790000
13.790000
13.790000
13.790000
13.790000
13.790000
13.790000
13.790000
13.790000
13.930000
13.930000
13.930000
13.930000
13.930000
13.930000
13.930000
13.930000
13.930000
13.930000
13.930000
13.930000
14.070000
14.070000
14.070000
14.070000
14.070000
14.070000
14.070000
14.070000
14.070000
14.210000
14.210000
14.210000
14.210000
14.210000
14.210000
14.210000
14.210000
14.210000
14.210000
14.210000
14.210000
14.350000
14.350000
14.350000
14.350000
14.350000
14.350000
14.350000
14.350000
14.350000
14.480000
14.480000
14.480000
14.480000
14.480000
14.480000
14.480000
14.480000
14.480000
14.620000
14.620000
14.620000
14.620000
14.620000
14.620000
14.620000
14.620000
14.760000
14.760000
14.760000
14.760000
14.760000
14.760000
14.760000
14.760000
14.760000
14.760000
14.900000
14.900000
14.900000
14.900000
14.900000
14.900000
14.900000
14.900000
15.040000
15.040000
15.040000
15.040000
15.040000
15.040000
15.180000
15.180000
15.180000
15.180000
15.180000
15.180000
15.180000
15.180000
15.180000
15.180000
15.320000
15.320000
15.320000
15.320000
15.320000
15.320000
15.320000
15.320000
15.320000
15.320000
15.320000
15.320000
15.320000
15.450000
15.450000
15.450000
15.450000
15.450000
15.450000
15.450000
15.450000
15.450000
15.450000
15.450000
15.450000
15.450000
15.590000
15.590000
15.590000
15.590000
15.590000
15.590000
15.590000
15.590000
15.590000
15.590000
15.590000
15.590000
15.730000
15.730000
15.730000
15.730000
15.730000
15.730000
15.730000
15.730000
15.730000
15.870000
15.870000
15.870000
15.870000
15.870000
15.870000
15.870000
15.870000
15.870000
15.870000
15.870000
16.010000
16.010000
16.010000
16.010000
16.010000
16.010000
16.010000
16.010000
16.010000
16.010000
16.010000
16.150000
16.150000
16.150000
16.150000
16.150000
16.150000
16.150000
16.290001
16.290001
16.290001
16.290001
16.290001
16.290001
16.290001
16.290001
16.290001
16.290001
16.290001
16.420000
16.420000
16.420000
16.420000
16.420000
16.420000
16.420000
16.420000
16.420000
16.559999
16.559999
16.559999
16.559999
16.559999
16.559999
16.559999
16.559999
16.559999
16.559999
16.700001
16.700001
16.700001
16.700001
16.700001
16.700001
16.700001
16.700001
16.840000
16.840000
16.840000
16.840000
16.840000
16.840000
16.840000
16.980000
16.980000
16.980000
16.980000
16.980000
16.980000
16.980000
16.980000
16.980000
16.980000
16.980000
16.980000
16.980000
16.980000
16.980000
16.980000
16.980000
17.120001
17.120001
17.120001
17.120001
17.120001
17.120001
17.120001
17.120001
17.120001
17.260000
17.260000
17.260000
17.260000
17.260000
17.260000
17.260000
17.260000
17.260000
17.260000
17.260000
17.260000
17.260000
17.260000
17.260000
17.400000
17.400000
17.400000
17.400000
17.400000
17.400000
17.400000
17.530001
17.530001
17.530001
17.530001
17.530001
17.530001
17.530001
17.530001
17.530001
17.530001
17.670000
17.670000
17.670000
17.670000
17.670000
17.670000
17.670000
17.670000
17.809999
17.809999
17.809999
17.809999
17.809999
17.809999
17.809999
17.809999
17.809999
17.809999
17.950001
17.950001
17.950001
17.950001
17.950001
17.950001
17.950001
17.950001
17.950001
17.950001
17.950001
17.950001
17.950001
17.950001
18.090000
18.090000
18.090000
18.090000
18.090000
18.090000
18.090000
18.090000
18.230000
18.230000
18.230000
18.230000
18.230000
18.230000
18.230000
18.230000
18.230000
18.230000
18.230000
18.230000
18.230000
18.230000
18.230000
18.230000
18.230000
18.370001
18.370001
18.370001
18.370001
18.370001
18.370001
18.370001
18.370001
19.360001
19.360001
19.360001
19.360001
19.360001
19.360001
19.360001
19.360001
19.360001
19.360001
19.360001
19.360001
19.360001
19.360001
20.360001
20.360001
20.360001
20.360001
20.360001
20.360001
20.360001
20.360001
20.360001
20.360001
20.360001
20.360001
20.360001
21.360001
21.360001
21.360001
21.360001
21.360001
22.350000
22.350000
22.350000
22.350000
22.350000
22.350000
22.350000
23.100000
23.100000
23.100000
23.100000
23.100000
23.100000
23.100000
23.100000
23.100000
23.100000
23.100000
23.100000
23.100000
23.100000
23.100000
23.100000
23.100000
23.100000
