0.000000
0.000000
0.000000
0.000000
0.000000
0.000000
0.000000
0.000000
0.000000
0.000000
0.000000
0.000000
0.000000
0.000000
0.000000
0.000000
0.000000
0.000000
0.000000
0.000000
0.000000
0.000000
0.000000
0.000000
0.000000
0.000000
0.000000
0.000000
0.000000
0.000000
0.000000
0.000000
0.000000
0.000000
0.000000
0.000000
0.000000
0.000000
0.000000
0.000000
0.000000
0.000000
0.000000
0.000000
0.000000
0.000000
0.000000
0.000000
0.000000
0.000000
0.000000
0.030240
0.030240
0.030240
0.030240
0.030240
0.030240
0.030240
0.030240
0.119800
0.119800
0.119800
0.119800
0.119800
0.119800
0.119800
0.119800
0.119800
0.209300
0.209300
0.209300
0.209300
0.209300
0.209300
0.209300
0.209300
0.209300
0.209300
0.209300
0.209300
0.298900
0.298900
0.298900
0.298900
0.298900
0.298900
0.298900
0.298900
0.298900
0.298900
0.298900
0.298900
0.388400
0.388400
0.388400
0.388400
0.388400
0.388400
0.388400
0.388400
0.388400
0.388400
0.478000
0.478000
0.478000
0.478000
0.478000
0.478000
0.478000
0.478000
0.478000
0.478000
0.478000
0.567500
0.567500
0.567500
0.567500
0.567500
0.567500
0.657100
0.657100
0.657100
0.657100
0.657100
0.657100
0.657100
0.657100
0.746600
0.746600
0.746600
0.746600
0.746600
0.746600
0.836200
0.836200
0.836200
0.836200
0.836200
0.836200
0.836200
0.836200
0.836200
0.925700
0.925700
0.925700
0.925700
0.925700
0.925700
0.925700
0.925700
1.015000
1.015000
1.015000
1.015000
1.015000
1.015000
1.015000
1.015000
1.015000
1.105000
1.105000
1.105000
1.105000
1.105000
1.105000
1.105000
1.105000
1.194000
1.194000
1.194000
1.194000
1.194000
1.194000
1.194000
1.194000
1.194000
1.194000
1.194000
1.284000
1.284000
1.284000
1.284000
1.284000
1.284000
1.284000
1.284000
1.284000
1.373000
1.373000
1.373000
1.373000
1.373000
1.373000
1.373000
1.373000
1.373000
1.463000
1.463000
1.463000
1.463000
1.463000
1.463000
1.553000
1.553000
1.553000
1.553000
1.553000
1.553000
1.553000
1.553000
1.553000
1.553000
1.642000
1.642000
1.642000
1.642000
1.642000
1.642000
1.642000
1.642000
1.732000
1.732000
1.732000
1.732000
1.732000
1.732000
1.732000
1.732000
1.732000
1.732000
1.732000
1.732000
1.732000
1.821000
1.821000
1.821000
1.821000
1.821000
1.821000
1.911000
1.911000
1.911000
1.911000
1.911000
1.911000
1.911000
2.000000
2.000000
2.000000
2.000000
2.000000
2.000000
2.000000
2.000000
2.000000
2.000000
2.000000
2.090000
2.090000
2.090000
2.090000
2.090000
2.179000
2.179000
2.179000
2.179000
2.179000
2.269000
2.269000
2.269000
2.269000
2.269000
2.269000
2.269000
2.269000
2.269000
2.358000
2.358000
2.358000
2.358000
2.358000
2.358000
2.358000
2.358000
2.448000
2.448000
2.448000
2.448000
2.448000
2.448000
2.448000
2.448000
2.448000
2.448000
2.448000
2.448000
2.538000
2.538000
2.538000
2.538000
2.538000
2.538000
2.627000
2.627000
2.627000
2.627000
2.627000
2.627000
2.627000
2.627000
2.627000
2.627000
2.627000
2.627000
2.627000
2.717000
2.717000
2.717000
2.717000
2.717000
2.717000
2.717000
2.717000
2.806000
2.806000
2.806000
2.806000
2.806000
2.806000
2.806000
2.806000
2.806000
2.896000
2.896000
2.896000
2.896000
2.896000
2.896000
2.896000
2.896000
2.896000
2.985000
2.985000
2.985000
2.985000
2.985000
2.985000
2.985000
2.985000
2.985000
2.985000
2.985000
2.985000
3.075000
3.075000
3.075000
3.075000
3.075000
3.075000
3.075000
3.075000
3.075000
3.164000
3.164000
3.164000
3.164000
3.164000
3.164000
3.164000
3.164000
3.164000
3.164000
3.164000
3.164000
3.254000
3.254000
3.254000
3.254000
3.254000
3.254000
3.254000
3.254000
3.254000
3.254000
3.254000
3.344000
3.344000
3.344000
3.344000
3.344000
3.344000
3.344000
3.344000
3.433000
3.433000
3.433000
3.433000
3.433000
3.433000
3.523000
3.523000
3.523000
3.523000
3.523000
3.523000
3.523000
3.523000
3.523000
3.523000
3.523000
3.612000
3.612000
3.612000
3.612000
3.612000
3.702000
3.702000
3.702000
3.702000
3.702000
3.702000
3.702000
3.702000
3.702000
3.702000
3.791000
3.791000
3.791000
3.791000
3.791000
3.791000
3.791000
3.791000
3.791000
3.791000
3.791000
3.791000
3.791000
3.791000
3.881000
3.881000
3.881000
3.881000
3.881000
3.881000
3.881000
3.881000
3.881000
3.881000
3.881000
3.881000
3.970000
3.970000
3.970000
3.970000
3.970000
3.970000
3.970000
3.970000
3.970000
3.970000
3.970000
4.060000
4.060000
4.060000
4.060000
4.060000
4.060000
4.060000
4.060000
4.060000
4.060000
4.357000
4.357000
4.357000
4.357000
4.357000
4.357000
4.357000
4.357000
4.357000
4.357000
4.357000
4.357000
4.357000
4.357000
4.655000
4.655000
4.655000
4.655000
4.655000
4.655000
4.655000
4.655000
4.655000
4.655000
4.952000
4.952000
4.952000
4.952000
4.952000
4.952000
4.952000
4.952000
4.952000
4.952000
4.952000
5.250000
5.250000
5.250000
5.250000
5.250000
5.250000
5.250000
5.250000
5.250000
5.250000
5.250000
5.250000
5.250000
5.250000
5.547000
5.547000
5.547000
5.547000
5.547000
5.547000
5.547000
5.547000
5.547000
5.547000
5.547000
5.845000
5.845000
5.845000
5.845000
5.845000
5.845000
5.845000
5.845000
5.845000
5.845000
5.845000
5.845000
5.845000
6.142000
6.142000
6.142000
6.142000
6.142000
6.142000
6.142000
6.142000
6.142000
6.439000
6.439000
6.439000
6.439000
6.439000
6.439000
6.439000
6.439000
6.439000
6.737000
6.737000
6.737000
6.737000
6.737000
6.737000
6.737000
6.737000
6.737000
6.737000
7.034000
7.034000
7.034000
7.034000
7.034000
7.034000
7.332000
7.332000
7.332000
7.332000
7.629000
7.629000
7.629000
7.629000
7.629000
7.629000
7.629000
7.629000
7.629000
7.927000
7.927000
7.927000
7.927000
7.927000
7.927000
7.927000
8.224000
8.224000
8.224000
8.224000
8.224000
8.224000
8.224000
8.224000
8.522000
8.522000
8.522000
8.522000
8.522000
8.522000
8.522000
8.522000
8.522000
8.819000
8.819000
8.819000
8.819000
8.819000
8.819000
8.819000
8.819000
8.819000
9.116000
9.116000
9.116000
9.116000
9.116000
9.116000
9.116000
9.116000
9.116000
9.116000
9.116000
9.414000
9.414000
9.414000
9.414000
9.414000
9.414000
9.414000
9.414000
9.414000
9.414000
9.414000
9.414000
9.414000
9.711000
9.711000
9.711000
9.711000
9.711000
9.711000
10.010000
10.010000
10.010000
10.010000
10.010000
10.010000
10.010000
10.310000
10.310000
10.310000
10.310000
10.310000
10.310000
10.310000
10.310000
10.600000
10.600000
10.600000
10.600000
10.600000
10.600000
10.600000
10.600000
10.600000
10.600000
10.900000
10.900000
10.900000
10.900000
10.900000
10.900000
10.900000
10.900000
11.200000
11.200000
11.200000
11.200000
11.200000
11.200000
11.200000
11.200000
11.200000
11.200000
11.200000
11.200000
11.200000
11.500000
11.500000
11.500000
11.500000
11.500000
11.500000
11.500000
11.500000
11.500000
11.790000
11.790000
11.790000
11.790000
11.790000
11.790000
11.790000
11.790000
11.790000
11.790000
11.790000
11.790000
11.790000
12.090000
12.090000
12.090000
12.090000
12.090000
12.090000
12.090000
12.090000
12.390000
12.390000
12.390000
12.390000
12.390000
12.390000
12.390000
12.390000
12.390000
12.390000
12.390000
12.690000
12.690000
12.690000
12.690000
12.690000
12.690000
12.690000
12.690000
12.690000
12.690000
12.690000
12.690000
12.690000
12.690000
12.690000
12.690000
12.690000
12.690000
12.980000
12.980000
12.980000
12.980000
12.980000
12.980000
13.280000
13.280000
13.280000
13.280000
13.280000
13.280000
13.280000
13.280000
13.280000
13.280000
13.280000
13.280000
13.580000
13.580000
13.580000
13.580000
13.580000
13.580000
13.580000
13.580000
13.580000
13.580000
13.580000
13.580000
13.580000
13.580000
13.880000
13.880000
13.880000
13.880000
13.880000
13.880000
13.880000
13.880000
13.880000
13.880000
13.880000
13.880000
13.880000
13.880000
14.170000
14.170000
14.170000
14.170000
14.170000
14.170000
14.170000
14.170000
14.170000
14.170000
14.470000
14.470000
14.470000
14.470000
14.470000
14.470000
14.470000
14.470000
14.470000
14.470000
14.470000
14.470000
14.470000
14.470000
14.770000
14.770000
14.770000
14.770000
14.770000
14.770000
14.770000
14.770000
14.770000
15.070000
15.070000
15.070000
15.070000
15.070000
15.070000
15.070000
15.070000
15.070000
15.070000
15.070000
15.070000
15.070000
15.070000
15.360000
15.360000
15.360000
15.360000
15.360000
15.360000
15.360000
15.360000
15.360000
15.360000
15.360000
15.360000
15.660000
15.660000
15.660000
15.660000
15.660000
15.660000
15.660000
15.660000
15.660000
15.660000
15.660000
15.960000
15.960000
15.960000
15.960000
15.960000
15.960000
15.960000
15.960000
15.960000
15.960000
15.960000
15.960000
15.960000
15.960000
16.260000
16.260000
16.260000
16.260000
16.260000
16.260000
16.260000
16.260000
16.260000
16.260000
16.260000
16.549999
16.549999
16.549999
16.549999
16.549999
16.549999
16.549999
16.549999
16.549999
16.850000
16.850000
16.850000
16.850000
16.850000
16.850000
16.850000
16.850000
16.850000
16.850000
16.850000
16.850000
17.150000
17.150000
17.150000
17.150000
17.150000
17.150000
17.150000
17.150000
17.150000
17.150000
17.440001
17.440001
17.440001
17.440001
17.440001
17.440001
17.440001
17.440001
17.440001
17.440001
17.440001
17.440001
17.440001
17.440001
19.070000
19.070000
19.070000
19.070000
19.070000
19.070000
19.070000
19.070000
19.070000
19.070000
19.070000
19.070000
20.690001
20.690001
20.690001
20.690001
20.690001
20.690001
20.690001
20.690001
20.690001
20.690001
20.690001
20.690001
20.690001
20.690001
20.690001
20.690001
20.690001
20.690001
22.309999
22.309999
22.309999
22.309999
22.309999
22.309999
22.309999
23.930000
23.930000
23.930000
23.930000
23.930000
23.930000
25.139999
25.139999
25.139999
25.139999
25.139999
25.139999
25.139999
25.139999
25.139999
25.139999
25.139999
