0.000000
0.000000
0.000000
0.000000
0.000000
0.000000
0.000000
0.000000
0.000000
0.000000
0.000000
0.000000
0.000000
0.000000
0.000000
0.000000
0.000000
0.000000
0.000000
0.000000
0.000000
0.000000
0.000000
0.000000
0.000000
0.000000
0.000000
0.000000
0.000000
0.000000
0.000000
0.000000
0.000000
0.000000
0.000000
0.000000
0.000000
0.000000
0.000000
0.000000
0.000000
0.000000
0.000000
0.000000
0.000000
0.000000
0.000000
0.000000
0.000000
0.000000
0.000000
0.000000
0.000000
0.000000
0.000000
0.000000
0.000000
2.319000
2.319000
2.319000
2.319000
2.319000
2.319000
2.319000
2.319000
2.319000
2.859000
2.859000
2.859000
2.859000
2.859000
2.859000
2.859000
2.859000
3.398000
3.398000
3.398000
3.398000
3.398000
3.398000
3.937000
3.937000
3.937000
3.937000
3.937000
3.937000
3.937000
3.937000
3.937000
3.937000
3.937000
3.937000
3.937000
3.937000
4.476000
4.476000
4.476000
4.476000
4.476000
4.476000
4.476000
4.476000
4.476000
4.476000
4.476000
4.476000
4.476000
5.015000
5.015000
5.015000
5.015000
5.015000
5.015000
5.555000
5.555000
5.555000
5.555000
5.555000
5.555000
5.555000
6.094000
6.094000
6.094000
6.094000
6.094000
6.094000
6.094000
6.094000
6.094000
6.633000
6.633000
6.633000
6.633000
6.633000
6.633000
6.633000
6.633000
6.633000
6.633000
6.633000
7.172000
7.172000
7.172000
7.172000
7.172000
7.172000
7.172000
7.172000
7.172000
7.711000
7.711000
7.711000
7.711000
7.711000
7.711000
7.711000
7.711000
7.711000
7.711000
7.711000
7.711000
7.711000
7.711000
7.711000
7.711000
7.711000
7.711000
7.711000
8.250000
8.250000
8.250000
8.250000
8.250000
8.250000
8.250000
8.250000
8.250000
8.790000
8.790000
8.790000
8.790000
8.790000
8.790000
8.790000
8.790000
8.790000
8.790000
8.790000
8.790000
8.790000
8.790000
9.329000
9.329000
9.329000
9.329000
9.329000
9.329000
9.329000
9.329000
9.329000
9.868000
9.868000
9.868000
9.868000
9.868000
9.868000
9.868000
9.868000
9.868000
10.410000
10.410000
10.410000
10.410000
10.410000
10.410000
10.410000
10.410000
10.410000
10.950000
10.950000
10.950000
10.950000
10.950000
10.950000
10.950000
10.950000
10.950000
10.950000
10.950000
10.950000
11.490000
11.490000
11.490000
11.490000
11.490000
11.490000
11.490000
11.490000
11.490000
11.490000
11.490000
11.490000
12.020000
12.020000
12.020000
12.020000
12.020000
12.020000
12.020000
12.020000
12.020000
12.020000
12.020000
12.020000
12.020000
12.020000
12.560000
12.560000
12.560000
12.560000
12.560000
12.560000
12.560000
13.100000
13.100000
13.100000
13.100000
13.100000
13.100000
13.100000
13.640000
13.640000
13.640000
13.640000
13.640000
13.640000
13.640000
13.640000
13.640000
13.640000
13.640000
13.640000
13.640000
13.640000
13.640000
14.180000
14.180000
14.180000
14.180000
14.180000
14.180000
14.180000
14.180000
14.180000
14.720000
14.720000
14.720000
14.720000
14.720000
14.720000
14.720000
14.720000
14.720000
15.260000
15.260000
15.260000
15.260000
15.260000
15.260000
15.260000
15.260000
15.260000
15.260000
15.260000
15.260000
15.800000
15.800000
15.800000
15.800000
15.800000
15.800000
16.340000
16.340000
16.340000
16.340000
16.340000
16.340000
16.340000
16.340000
16.340000
16.340000
16.340000
16.340000
16.340000
16.879999
16.879999
16.879999
16.879999
16.879999
16.879999
16.879999
16.879999
16.879999
17.420000
17.420000
17.420000
17.420000
17.420000
17.420000
17.420000
17.420000
17.420000
17.420000
17.420000
17.959999
17.959999
17.959999
17.959999
17.959999
17.959999
17.959999
17.959999
17.959999
17.959999
17.959999
17.959999
17.959999
18.490000
18.490000
18.490000
18.490000
18.490000
18.490000
18.490000
18.490000
19.030001
19.030001
19.030001
19.030001
19.030001
19.030001
19.570000
19.570000
19.570000
19.570000
19.570000
19.570000
19.570000
19.570000
19.570000
19.570000
19.570000
19.570000
20.110001
20.110001
20.110001
20.110001
20.110001
20.110001
20.110001
20.110001
20.110001
20.650000
20.650000
20.650000
20.650000
20.650000
21.190001
21.190001
21.190001
21.190001
21.190001
21.190001
21.190001
21.190001
21.190001
21.190001
21.190001
21.190001
21.730000
21.730000
21.730000
21.730000
21.730000
21.730000
22.270000
22.270000
22.270000
22.270000
22.270000
22.270000
22.270000
22.270000
22.270000
22.270000
22.270000
22.809999
22.809999
22.809999
22.809999
22.809999
22.809999
22.809999
22.809999
22.809999
22.809999
22.809999
23.350000
23.350000
23.350000
23.350000
23.350000
23.350000
23.350000
23.350000
23.350000
23.889999
23.889999
23.889999
23.889999
23.889999
23.889999
23.889999
23.889999
23.889999
23.889999
23.889999
23.889999
23.889999
24.430000
24.430000
24.430000
24.430000
24.430000
24.430000
24.430000
24.430000
24.430000
24.430000
24.430000
24.430000
24.959999
24.959999
24.959999
24.959999
24.959999
24.959999
24.959999
25.500000
25.500000
25.500000
25.500000
25.500000
25.500000
25.500000
25.500000
25.500000
26.040001
26.040001
26.040001
26.040001
26.040001
26.040001
26.580000
26.580000
26.580000
26.580000
26.580000
26.580000
26.580000
27.459999
27.459999
27.459999
27.459999
27.459999
27.459999
27.459999
28.340000
28.340000
28.340000
28.340000
28.340000
28.340000
28.340000
28.340000
28.340000
28.340000
29.209999
29.209999
29.209999
29.209999
29.209999
29.209999
29.209999
29.209999
29.209999
29.209999
30.090000
30.090000
30.090000
30.090000
30.090000
30.090000
30.090000
30.090000
30.090000
30.090000
30.090000
30.090000
30.090000
30.959999
30.959999
30.959999
30.959999
30.959999
30.959999
30.959999
30.959999
30.959999
30.959999
30.959999
30.959999
31.840000
31.840000
31.840000
31.840000
31.840000
31.840000
31.840000
31.840000
31.840000
31.840000
31.840000
32.720001
32.720001
32.720001
32.720001
32.720001
32.720001
32.720001
33.590000
33.590000
33.590000
33.590000
33.590000
33.590000
33.590000
33.590000
33.590000
33.590000
33.590000
33.590000
34.470001
34.470001
34.470001
34.470001
34.470001
34.470001
34.470001
34.470001
35.349998
35.349998
35.349998
35.349998
35.349998
35.349998
35.349998
35.349998
35.349998
35.349998
35.349998
36.220001
36.220001
36.220001
36.220001
36.220001
36.220001
37.099998
37.099998
37.099998
37.099998
37.099998
37.099998
37.099998
37.099998
37.099998
37.099998
37.099998
37.099998
37.099998
37.099998
37.980000
37.980000
37.980000
37.980000
37.980000
38.849998
38.849998
38.849998
38.849998
38.849998
38.849998
39.730000
39.730000
39.730000
39.730000
39.730000
39.730000
40.599998
40.599998
40.599998
40.599998
40.599998
40.599998
40.599998
40.599998
40.599998
40.599998
40.599998
40.599998
41.480000
41.480000
41.480000
41.480000
41.480000
41.480000
41.480000
41.480000
41.480000
41.480000
41.480000
41.480000
41.480000
42.360001
42.360001
42.360001
42.360001
42.360001
42.360001
42.360001
42.360001
42.360001
42.360001
43.230000
43.230000
43.230000
43.230000
43.230000
43.230000
43.230000
43.230000
43.230000
43.230000
43.230000
43.230000
43.230000
44.110001
44.110001
44.110001
44.110001
44.110001
44.110001
44.110001
44.110001
44.110001
44.110001
44.110001
44.990002
44.990002
44.990002
44.990002
44.990002
45.860001
45.860001
45.860001
46.740002
46.740002
46.740002
46.740002
46.740002
46.740002
46.740002
46.740002
46.740002
46.740002
46.740002
46.740002
47.619999
47.619999
47.619999
47.619999
47.619999
47.619999
47.619999
47.619999
47.619999
47.619999
47.619999
47.619999
48.490002
48.490002
48.490002
48.490002
48.490002
48.490002
48.490002
48.490002
49.369999
49.369999
49.369999
49.369999
49.369999
49.369999
49.369999
49.369999
49.369999
49.369999
50.250000
50.250000
50.250000
50.250000
50.250000
50.250000
51.119999
51.119999
51.119999
51.119999
51.119999
51.119999
51.119999
51.119999
51.119999
51.119999
51.119999
51.119999
52.000000
52.000000
52.000000
52.000000
52.000000
52.000000
52.000000
52.000000
52.000000
52.000000
52.000000
52.000000
52.869999
52.869999
52.869999
52.869999
52.869999
52.869999
52.869999
52.869999
52.869999
52.869999
52.869999
53.750000
53.750000
53.750000
53.750000
53.750000
53.750000
53.750000
53.750000
53.750000
53.750000
53.750000
53.750000
54.630001
54.630001
54.630001
54.630001
54.630001
54.630001
54.630001
54.630001
54.630001
54.630001
54.630001
54.630001
54.630001
55.500000
55.500000
55.500000
55.500000
55.500000
55.500000
55.500000
55.500000
56.380001
56.380001
56.380001
56.380001
56.380001
56.380001
56.380001
56.380001
57.259998
57.259998
57.259998
57.259998
57.259998
57.259998
57.259998
57.259998
57.259998
57.259998
57.259998
57.259998
57.259998
57.259998
57.259998
58.130001
58.130001
58.130001
58.130001
58.130001
58.130001
58.130001
58.130001
58.130001
58.130001
58.130001
58.130001
58.130001
58.130001
58.130001
59.009998
59.009998
59.009998
59.009998
59.009998
59.009998
59.009998
59.009998
59.009998
59.009998
59.889999
59.889999
59.889999
59.889999
59.889999
59.889999
60.759998
60.759998
60.759998
60.759998
60.759998
60.759998
60.759998
60.759998
60.759998
60.759998
61.639999
61.639999
61.639999
61.639999
61.639999
61.639999
62.509998
62.509998
62.509998
62.509998
62.509998
62.509998
62.509998
62.509998
62.509998
62.509998
62.509998
63.389999
63.389999
63.389999
63.389999
63.389999
63.389999
63.389999
63.389999
63.389999
63.389999
64.269997
64.269997
64.269997
64.269997
64.269997
64.269997
64.269997
64.269997
64.269997
65.139999
65.139999
65.139999
65.139999
65.139999
65.139999
65.139999
65.139999
65.139999
65.139999
65.139999
65.139999
65.139999
66.019997
66.019997
66.019997
66.019997
66.019997
66.019997
66.019997
66.019997
66.019997
73.760002
73.760002
73.760002
73.760002
73.760002
73.760002
73.760002
81.489998
81.489998
81.489998
81.489998
81.489998
81.489998
81.489998
81.489998
81.489998
81.489998
89.230003
89.230003
89.230003
89.230003
89.230003
96.970001
96.970001
96.970001
96.970001
96.970001
96.970001
96.970001
96.970001
96.970001
96.970001
96.970001
96.970001
96.970001
96.970001
102.800003
102.800003
102.800003
102.800003
102.800003
102.800003
102.800003
102.800003
102.800003
102.800003
102.800003
