0.000000
0.000000
0.000000
0.000000
0.000000
0.000000
0.000000
0.000000
0.000000
0.000000
0.000000
0.000000
0.000000
0.000000
0.000000
0.000000
0.000000
0.000000
0.000000
0.000000
0.000000
0.000000
0.000000
0.000000
0.000000
0.000000
0.000000
0.000000
0.000000
0.000000
0.000000
0.000000
0.000000
0.000000
0.000000
0.000000
0.000000
0.000000
0.000000
0.000000
0.000000
0.000000
0.000000
0.187200
0.187200
0.187200
0.187200
0.187200
0.313600
0.313600
0.313600
0.313600
0.313600
0.313600
0.313600
0.313600
0.313600
0.313600
0.313600
0.313600
0.313600
0.313600
0.313600
0.313600
0.313600
0.440100
0.440100
0.440100
0.440100
0.440100
0.440100
0.440100
0.440100
0.440100
0.566500
0.566500
0.566500
0.566500
0.566500
0.566500
0.692900
0.692900
0.692900
0.692900
0.692900
0.692900
0.692900
0.692900
0.692900
0.692900
0.692900
0.692900
0.692900
0.692900
0.692900
0.692900
0.819300
0.819300
0.819300
0.819300
0.819300
0.819300
0.819300
0.819300
0.819300
0.819300
0.819300
0.819300
0.819300
0.945800
0.945800
0.945800
0.945800
0.945800
0.945800
0.945800
1.072000
1.072000
1.072000
1.072000
1.072000
1.072000
1.072000
1.072000
1.072000
1.072000
1.072000
1.199000
1.199000
1.199000
1.199000
1.199000
1.199000
1.325000
1.325000
1.325000
1.325000
1.325000
1.325000
1.325000
1.325000
1.325000
1.325000
1.451000
1.451000
1.451000
1.451000
1.451000
1.451000
1.451000
1.451000
1.451000
1.451000
1.451000
1.578000
1.578000
1.578000
1.578000
1.578000
1.578000
1.578000
1.578000
1.578000
1.578000
1.578000
1.578000
1.578000
1.704000
1.704000
1.704000
1.704000
1.704000
1.704000
1.704000
1.704000
1.704000
1.831000
1.831000
1.831000
1.831000
1.831000
1.957000
1.957000
1.957000
1.957000
1.957000
1.957000
1.957000
1.957000
1.957000
1.957000
1.957000
2.084000
2.084000
2.084000
2.084000
2.084000
2.084000
2.084000
2.084000
2.084000
2.084000
2.210000
2.210000
2.210000
2.210000
2.210000
2.210000
2.210000
2.210000
2.210000
2.210000
2.337000
2.337000
2.337000
2.337000
2.337000
2.337000
2.463000
2.463000
2.463000
2.463000
2.463000
2.463000
2.463000
2.463000
2.463000
2.589000
2.589000
2.589000
2.589000
2.589000
2.589000
2.589000
2.589000
2.589000
2.589000
2.589000
2.589000
2.589000
2.589000
2.589000
2.716000
2.716000
2.716000
2.716000
2.716000
2.716000
2.716000
2.716000
2.842000
2.842000
2.842000
2.842000
2.842000
2.842000
2.842000
2.842000
2.842000
2.842000
2.842000
2.842000
2.842000
2.969000
2.969000
2.969000
2.969000
2.969000
2.969000
2.969000
2.969000
2.969000
2.969000
2.969000
3.095000
3.095000
3.095000
3.095000
3.095000
3.095000
3.095000
3.095000
3.095000
3.095000
3.095000
3.095000
3.095000
3.095000
3.095000
3.222000
3.222000
3.222000
3.222000
3.222000
3.222000
3.222000
3.222000
3.222000
3.222000
3.222000
3.222000
3.222000
3.222000
3.222000
3.222000
3.222000
3.222000
3.348000
3.348000
3.348000
3.348000
3.348000
3.348000
3.474000
3.474000
3.474000
3.474000
3.474000
3.474000
3.474000
3.474000
3.474000
3.474000
3.474000
3.474000
3.601000
3.601000
3.601000
3.601000
3.601000
3.601000
3.601000
3.601000
3.601000
3.601000
3.601000
3.601000
3.727000
3.727000
3.727000
3.727000
3.727000
3.727000
3.727000
3.854000
3.854000
3.854000
3.854000
3.854000
3.854000
3.980000
3.980000
3.980000
3.980000
3.980000
3.980000
3.980000
3.980000
3.980000
3.980000
3.980000
3.980000
3.980000
4.107000
4.107000
4.107000
4.107000
4.107000
4.107000
4.233000
4.233000
4.233000
4.233000
4.233000
4.233000
4.233000
4.233000
4.233000
4.233000
4.233000
4.359000
4.359000
4.359000
4.359000
4.359000
4.359000
4.486000
4.486000
4.486000
4.486000
4.486000
4.486000
4.486000
4.486000
4.612000
4.612000
4.612000
4.612000
4.612000
4.612000
4.612000
4.612000
4.612000
4.612000
4.612000
4.612000
4.739000
4.739000
4.739000
4.739000
4.739000
4.739000
4.865000
4.865000
4.865000
4.865000
4.865000
4.865000
4.865000
4.865000
4.992000
4.992000
4.992000
4.992000
4.992000
4.992000
4.992000
4.992000
5.118000
5.118000
5.118000
5.118000
5.118000
5.118000
5.118000
5.244000
5.244000
5.244000
5.244000
5.244000
5.244000
5.244000
5.244000
5.244000
5.371000
5.371000
5.371000
5.371000
5.371000
5.497000
5.497000
5.497000
5.497000
5.497000
5.497000
5.497000
5.497000
5.497000
5.497000
5.624000
5.624000
5.624000
5.624000
5.624000
5.624000
5.624000
5.624000
5.624000
5.624000
5.624000
5.624000
5.624000
5.750000
5.750000
5.750000
5.750000
5.750000
5.750000
5.750000
5.750000
5.750000
5.750000
5.877000
5.877000
5.877000
5.877000
5.877000
5.877000
5.877000
5.877000
5.877000
5.877000
5.877000
5.877000
5.877000
6.569000
6.569000
6.569000
6.569000
6.569000
6.569000
6.569000
6.569000
6.569000
6.569000
6.569000
6.569000
6.569000
6.569000
7.262000
7.262000
7.262000
7.262000
7.262000
7.262000
7.262000
7.955000
7.955000
7.955000
7.955000
7.955000
7.955000
7.955000
7.955000
7.955000
7.955000
8.648000
8.648000
8.648000
8.648000
8.648000
8.648000
8.648000
8.648000
8.648000
9.341000
9.341000
9.341000
9.341000
9.341000
9.341000
9.341000
9.341000
9.341000
9.341000
10.030000
10.030000
10.030000
10.030000
10.030000
10.030000
10.030000
10.030000
10.030000
10.030000
10.030000
10.030000
10.730000
10.730000
10.730000
10.730000
10.730000
10.730000
10.730000
10.730000
10.730000
10.730000
10.730000
10.730000
10.730000
10.730000
11.420000
11.420000
11.420000
11.420000
11.420000
11.420000
11.420000
11.420000
11.420000
11.420000
11.420000
11.420000
11.420000
11.420000
11.420000
11.420000
12.110000
12.110000
12.110000
12.110000
12.110000
12.110000
12.110000
12.110000
12.110000
12.110000
12.810000
12.810000
12.810000
12.810000
12.810000
12.810000
12.810000
12.810000
12.810000
12.810000
12.810000
12.810000
13.500000
13.500000
13.500000
13.500000
13.500000
13.500000
14.190000
14.190000
14.190000
14.190000
14.190000
14.190000
14.190000
14.880000
14.880000
14.880000
14.880000
14.880000
14.880000
14.880000
14.880000
14.880000
14.880000
14.880000
14.880000
14.880000
15.580000
15.580000
15.580000
15.580000
15.580000
16.270000
16.270000
16.270000
16.270000
16.270000
16.270000
16.270000
16.270000
16.270000
16.959999
16.959999
16.959999
16.959999
16.959999
16.959999
16.959999
16.959999
16.959999
17.660000
17.660000
17.660000
17.660000
17.660000
17.660000
17.660000
17.660000
18.350000
18.350000
18.350000
18.350000
18.350000
18.350000
18.350000
18.350000
18.350000
18.350000
18.350000
18.350000
18.350000
18.350000
18.350000
19.040001
19.040001
19.040001
19.040001
19.040001
19.040001
19.040001
19.040001
19.040001
19.040001
19.040001
19.040001
19.730000
19.730000
19.730000
19.730000
19.730000
19.730000
19.730000
19.730000
19.730000
19.730000
19.730000
19.730000
19.730000
19.730000
19.730000
19.730000
19.730000
20.430000
20.430000
20.430000
20.430000
20.430000
20.430000
20.430000
20.430000
20.430000
20.430000
20.430000
20.430000
20.430000
20.430000
20.430000
21.120001
21.120001
21.120001
21.120001
21.120001
21.120001
21.120001
21.120001
21.120001
21.120001
21.120001
21.120001
21.809999
21.809999
21.809999
21.809999
21.809999
21.809999
21.809999
21.809999
21.809999
21.809999
21.809999
21.809999
21.809999
21.809999
22.510000
22.510000
22.510000
22.510000
22.510000
22.510000
22.510000
23.200001
23.200001
23.200001
23.200001
23.200001
23.889999
23.889999
23.889999
23.889999
23.889999
23.889999
23.889999
23.889999
23.889999
23.889999
24.580000
24.580000
24.580000
24.580000
24.580000
24.580000
24.580000
24.580000
24.580000
24.580000
24.580000
24.580000
24.580000
24.580000
25.280001
25.280001
25.280001
25.280001
25.280001
25.280001
25.280001
25.280001
25.969999
25.969999
25.969999
25.969999
25.969999
25.969999
25.969999
26.660000
26.660000
26.660000
26.660000
26.660000
26.660000
26.660000
26.660000
26.660000
26.660000
26.660000
26.660000
27.360001
27.360001
27.360001
27.360001
27.360001
27.360001
28.049999
28.049999
28.049999
28.049999
28.049999
28.049999
28.049999
28.049999
28.049999
28.049999
28.049999
28.049999
28.049999
28.049999
28.049999
28.049999
28.049999
28.049999
28.740000
28.740000
28.740000
28.740000
28.740000
28.740000
28.740000
29.430000
29.430000
29.430000
29.430000
29.430000
29.430000
30.129999
30.129999
30.129999
30.129999
30.129999
30.129999
30.820000
30.820000
30.820000
30.820000
30.820000
30.820000
30.820000
30.820000
30.820000
30.820000
30.820000
30.820000
30.820000
31.510000
31.510000
31.510000
31.510000
31.510000
31.510000
31.510000
31.510000
31.510000
32.209999
32.209999
32.209999
32.209999
32.209999
32.209999
32.209999
32.900002
32.900002
32.900002
32.900002
32.900002
32.900002
32.900002
32.900002
32.900002
32.900002
33.590000
33.590000
33.590000
33.590000
33.590000
33.590000
33.590000
33.590000
33.590000
33.590000
33.590000
34.279999
34.279999
34.279999
34.279999
34.279999
34.279999
34.279999
34.980000
34.980000
34.980000
34.980000
34.980000
34.980000
34.980000
34.980000
34.980000
34.980000
34.980000
35.669998
35.669998
35.669998
35.669998
35.669998
35.669998
35.669998
35.669998
36.360001
36.360001
36.360001
36.360001
36.360001
36.360001
36.360001
36.360001
36.360001
36.360001
36.360001
36.360001
36.360001
37.060001
37.060001
37.060001
37.060001
37.060001
37.060001
37.060001
37.060001
41.849998
41.849998
41.849998
41.849998
41.849998
41.849998
41.849998
46.639999
46.639999
46.639999
46.639999
46.639999
46.639999
46.639999
46.639999
46.639999
46.639999
46.639999
46.639999
46.639999
51.430000
51.430000
51.430000
51.430000
51.430000
51.430000
56.220001
56.220001
56.220001
56.220001
56.220001
56.220001
56.220001
56.220001
56.220001
59.810001
59.810001
59.810001
59.810001
59.810001
59.810001
59.810001
59.810001
59.810001
59.810001
59.810001
