0.000000
0.000000
0.000000
0.000000
0.000000
0.000000
0.000000
0.000000
0.000000
0.000000
0.000000
0.000000
0.000000
0.000000
0.000000
0.000000
0.000000
0.000000
0.000000
0.000000
0.000000
0.000000
0.000000
0.000000
0.000000
0.000000
0.000000
0.000000
0.000000
0.000000
0.000000
0.000000
0.000000
0.000000
0.000000
0.000000
0.000000
0.000000
0.000000
0.000000
0.000000
0.000000
0.000000
0.000000
0.000000
0.000000
0.000000
0.000000
0.000000
0.000000
0.000000
0.000000
0.000000
0.000000
0.000000
0.000000
0.000000
0.036470
0.036470
0.036470
0.036470
0.036470
0.036470
0.036470
0.123900
0.123900
0.123900
0.123900
0.123900
0.123900
0.123900
0.123900
0.211400
0.211400
0.211400
0.211400
0.211400
0.211400
0.211400
0.211400
0.211400
0.211400
0.211400
0.211400
0.211400
0.211400
0.211400
0.211400
0.211400
0.298800
0.298800
0.298800
0.298800
0.298800
0.298800
0.298800
0.298800
0.298800
0.298800
0.298800
0.386300
0.386300
0.386300
0.386300
0.386300
0.386300
0.386300
0.473700
0.473700
0.473700
0.473700
0.473700
0.561200
0.561200
0.561200
0.561200
0.561200
0.561200
0.561200
0.648600
0.648600
0.648600
0.648600
0.648600
0.648600
0.648600
0.648600
0.648600
0.648600
0.648600
0.648600
0.648600
0.648600
0.648600
0.736100
0.736100
0.736100
0.736100
0.736100
0.736100
0.736100
0.736100
0.736100
0.736100
0.823500
0.823500
0.823500
0.823500
0.823500
0.823500
0.823500
0.823500
0.823500
0.823500
0.823500
0.823500
0.823500
0.911000
0.911000
0.911000
0.911000
0.911000
0.911000
0.998400
0.998400
0.998400
0.998400
0.998400
0.998400
0.998400
1.086000
1.086000
1.086000
1.086000
1.086000
1.086000
1.086000
1.086000
1.086000
1.086000
1.086000
1.173000
1.173000
1.173000
1.173000
1.173000
1.173000
1.173000
1.173000
1.173000
1.173000
1.173000
1.173000
1.173000
1.173000
1.261000
1.261000
1.261000
1.261000
1.261000
1.261000
1.261000
1.261000
1.261000
1.261000
1.348000
1.348000
1.348000
1.348000
1.348000
1.348000
1.348000
1.348000
1.348000
1.348000
1.436000
1.436000
1.436000
1.436000
1.436000
1.436000
1.436000
1.436000
1.436000
1.436000
1.523000
1.523000
1.523000
1.523000
1.523000
1.523000
1.523000
1.523000
1.523000
1.611000
1.611000
1.611000
1.611000
1.611000
1.611000
1.611000
1.611000
1.611000
1.611000
1.611000
1.611000
1.611000
1.611000
1.611000
1.611000
1.611000
1.611000
1.611000
1.698000
1.698000
1.698000
1.698000
1.698000
1.698000
1.698000
1.698000
1.698000
1.698000
1.785000
1.785000
1.785000
1.785000
1.785000
1.785000
1.873000
1.873000
1.873000
1.873000
1.873000
1.873000
1.873000
1.873000
1.873000
1.960000
1.960000
1.960000
1.960000
1.960000
1.960000
1.960000
1.960000
1.960000
1.960000
1.960000
1.960000
1.960000
2.048000
2.048000
2.048000
2.048000
2.048000
2.048000
2.048000
2.048000
2.048000
2.135000
2.135000
2.135000
2.135000
2.135000
2.135000
2.135000
2.223000
2.223000
2.223000
2.223000
2.223000
2.223000
2.223000
2.223000
2.223000
2.223000
2.310000
2.310000
2.310000
2.310000
2.310000
2.310000
2.398000
2.398000
2.398000
2.398000
2.398000
2.485000
2.485000
2.485000
2.485000
2.485000
2.485000
2.485000
2.485000
2.573000
2.573000
2.573000
2.573000
2.660000
2.660000
2.660000
2.660000
2.660000
2.660000
2.660000
2.660000
2.660000
2.660000
2.660000
2.660000
2.660000
2.660000
2.660000
2.660000
2.660000
2.747000
2.747000
2.747000
2.747000
2.835000
2.835000
2.835000
2.835000
2.835000
2.835000
2.835000
2.835000
2.835000
2.922000
2.922000
2.922000
2.922000
2.922000
2.922000
2.922000
2.922000
3.010000
3.010000
3.010000
3.010000
3.010000
3.010000
3.010000
3.010000
3.010000
3.097000
3.097000
3.097000
3.097000
3.185000
3.185000
3.185000
3.185000
3.185000
3.185000
3.185000
3.185000
3.185000
3.185000
3.185000
3.272000
3.272000
3.272000
3.272000
3.272000
3.272000
3.272000
3.360000
3.360000
3.360000
3.360000
3.360000
3.360000
3.360000
3.360000
3.360000
3.360000
3.447000
3.447000
3.447000
3.447000
3.447000
3.447000
3.447000
3.447000
3.447000
3.447000
3.447000
3.535000
3.535000
3.535000
3.535000
3.535000
3.535000
3.535000
3.535000
3.535000
3.535000
3.535000
3.535000
3.622000
3.622000
3.622000
3.622000
3.622000
3.622000
3.622000
3.622000
3.622000
3.622000
3.709000
3.709000
3.709000
3.709000
3.709000
3.709000
3.709000
3.797000
3.797000
3.797000
3.797000
3.797000
3.797000
3.797000
3.797000
3.797000
3.797000
3.797000
3.797000
3.797000
3.797000
3.884000
3.884000
3.884000
3.884000
3.884000
3.884000
3.884000
3.884000
3.884000
3.884000
3.884000
3.884000
3.972000
3.972000
3.972000
3.972000
3.972000
3.972000
3.972000
3.972000
3.972000
3.972000
3.972000
3.972000
3.972000
4.830000
4.830000
4.830000
4.830000
4.830000
4.830000
4.830000
4.830000
4.830000
5.689000
5.689000
5.689000
5.689000
5.689000
5.689000
5.689000
5.689000
5.689000
5.689000
6.547000
6.547000
6.547000
6.547000
6.547000
6.547000
6.547000
6.547000
6.547000
6.547000
6.547000
6.547000
6.547000
6.547000
6.547000
6.547000
6.547000
6.547000
6.547000
7.406000
7.406000
7.406000
7.406000
7.406000
7.406000
7.406000
7.406000
7.406000
8.264000
8.264000
8.264000
8.264000
8.264000
8.264000
8.264000
8.264000
8.264000
8.264000
8.264000
9.123000
9.123000
9.123000
9.123000
9.123000
9.123000
9.123000
9.123000
9.123000
9.123000
9.123000
9.123000
9.123000
9.123000
9.123000
9.123000
9.123000
9.981000
9.981000
9.981000
9.981000
9.981000
9.981000
9.981000
9.981000
9.981000
9.981000
9.981000
10.840000
10.840000
10.840000
10.840000
10.840000
10.840000
10.840000
10.840000
10.840000
10.840000
10.840000
10.840000
11.700000
11.700000
11.700000
11.700000
11.700000
11.700000
11.700000
11.700000
11.700000
11.700000
12.560000
12.560000
12.560000
12.560000
12.560000
12.560000
12.560000
12.560000
12.560000
13.420000
13.420000
13.420000
13.420000
13.420000
13.420000
13.420000
13.420000
14.270000
14.270000
14.270000
14.270000
14.270000
14.270000
14.270000
14.270000
14.270000
15.130000
15.130000
15.130000
15.130000
15.130000
15.130000
15.130000
15.130000
15.130000
15.990000
15.990000
15.990000
15.990000
15.990000
15.990000
15.990000
15.990000
15.990000
15.990000
15.990000
16.850000
16.850000
16.850000
16.850000
16.850000
16.850000
16.850000
16.850000
17.709999
17.709999
17.709999
17.709999
17.709999
17.709999
17.709999
17.709999
17.709999
18.570000
18.570000
18.570000
18.570000
18.570000
18.570000
18.570000
18.570000
18.570000
18.570000
18.570000
19.420000
19.420000
19.420000
19.420000
19.420000
19.420000
20.280001
20.280001
20.280001
20.280001
20.280001
20.280001
20.280001
20.280001
20.280001
20.280001
20.280001
21.139999
21.139999
21.139999
21.139999
21.139999
21.139999
21.139999
21.139999
21.139999
21.139999
22.000000
22.000000
22.000000
22.000000
22.000000
22.000000
22.000000
22.000000
22.000000
22.000000
22.000000
22.000000
22.000000
22.000000
22.860001
22.860001
22.860001
22.860001
23.719999
23.719999
23.719999
23.719999
23.719999
23.719999
23.719999
23.719999
23.719999
23.719999
23.719999
23.719999
23.719999
23.719999
23.719999
23.719999
23.719999
23.719999
24.580000
24.580000
24.580000
24.580000
24.580000
24.580000
24.580000
25.430000
25.430000
25.430000
25.430000
25.430000
25.430000
25.430000
25.430000
26.290001
26.290001
26.290001
26.290001
26.290001
26.290001
26.290001
26.290001
26.290001
26.290001
26.290001
27.150000
27.150000
27.150000
27.150000
27.150000
27.150000
27.150000
27.150000
27.150000
28.010000
28.010000
28.010000
28.010000
28.010000
28.010000
28.870001
28.870001
28.870001
28.870001
28.870001
28.870001
28.870001
28.870001
28.870001
28.870001
28.870001
28.870001
28.870001
29.730000
29.730000
29.730000
29.730000
29.730000
29.730000
29.730000
29.730000
30.590000
30.590000
30.590000
30.590000
30.590000
30.590000
30.590000
31.440001
31.440001
31.440001
31.440001
31.440001
31.440001
31.440001
31.440001
31.440001
31.440001
32.299999
32.299999
32.299999
32.299999
32.299999
32.299999
32.299999
32.299999
32.299999
32.299999
32.299999
32.299999
32.299999
32.299999
33.160000
33.160000
33.160000
33.160000
33.160000
33.160000
33.160000
33.160000
34.020000
34.020000
34.020000
34.020000
34.020000
34.020000
34.020000
34.020000
34.020000
34.020000
34.020000
34.880001
34.880001
34.880001
34.880001
34.880001
34.880001
34.880001
34.880001
34.880001
34.880001
34.880001
34.880001
34.880001
34.880001
34.880001
35.740002
35.740002
35.740002
35.740002
35.740002
35.740002
35.740002
35.740002
35.740002
35.740002
36.590000
36.590000
36.590000
36.590000
36.590000
36.590000
36.590000
36.590000
37.450001
37.450001
37.450001
37.450001
37.450001
37.450001
37.450001
37.450001
37.450001
38.310001
38.310001
38.310001
38.310001
38.310001
38.310001
38.310001
38.310001
38.310001
38.310001
38.310001
38.310001
39.169998
39.169998
39.169998
39.169998
39.169998
39.169998
39.169998
39.169998
39.169998
40.029999
40.029999
40.029999
40.029999
40.029999
40.029999
40.029999
40.029999
40.029999
40.029999
40.889999
40.889999
40.889999
40.889999
40.889999
40.889999
40.889999
40.889999
40.889999
41.750000
41.750000
41.750000
42.599998
42.599998
42.599998
42.599998
42.599998
42.599998
42.599998
42.599998
42.599998
56.130001
56.130001
56.130001
56.130001
56.130001
56.130001
56.130001
56.130001
56.130001
56.130001
56.130001
56.130001
56.130001
56.130001
69.660004
69.660004
69.660004
69.660004
69.660004
69.660004
69.660004
69.660004
69.660004
83.180000
83.180000
83.180000
83.180000
83.180000
83.180000
83.180000
83.180000
83.180000
83.180000
96.709999
96.709999
96.709999
96.709999
96.709999
96.709999
96.709999
96.709999
96.709999
96.709999
106.900002
106.900002
106.900002
106.900002
106.900002
106.900002
106.900002
106.900002
