0.000000
0.000000
0.000000
0.000000
0.000000
0.000000
0.000000
0.000000
0.000000
0.000000
0.000000
0.000000
0.000000
0.000000
0.000000
0.000000
0.000000
0.000000
0.000000
0.000000
0.000000
0.000000
0.000000
0.000000
0.000000
0.000000
0.000000
0.000000
0.000000
0.000000
0.000000
0.000000
0.000000
0.000000
0.000000
0.000000
0.000000
0.000000
0.000000
0.000000
0.000000
0.000000
0.000000
0.000000
0.007077
0.007077
0.007077
0.007077
0.007077
0.007077
0.007077
0.007077
0.007077
0.007077
0.007077
0.038770
0.038770
0.038770
0.070460
0.070460
0.070460
0.070460
0.070460
0.070460
0.070460
0.070460
0.070460
0.102100
0.102100
0.102100
0.102100
0.102100
0.102100
0.102100
0.102100
0.102100
0.102100
0.102100
0.102100
0.102100
0.133800
0.133800
0.133800
0.133800
0.133800
0.133800
0.133800
0.133800
0.133800
0.165500
0.165500
0.165500
0.165500
0.165500
0.165500
0.165500
0.165500
0.165500
0.165500
0.165500
0.165500
0.197200
0.197200
0.197200
0.197200
0.197200
0.197200
0.197200
0.197200
0.197200
0.197200
0.197200
0.197200
0.197200
0.197200
0.197200
0.228900
0.228900
0.228900
0.228900
0.228900
0.260600
0.260600
0.260600
0.260600
0.260600
0.260600
0.260600
0.292300
0.292300
0.292300
0.292300
0.292300
0.292300
0.292300
0.292300
0.292300
0.324000
0.324000
0.324000
0.324000
0.324000
0.355700
0.355700
0.355700
0.355700
0.355700
0.355700
0.355700
0.355700
0.355700
0.355700
0.355700
0.355700
0.355700
0.355700
0.355700
0.355700
0.355700
0.355700
0.387400
0.387400
0.387400
0.387400
0.387400
0.387400
0.387400
0.387400
0.387400
0.387400
0.387400
0.419100
0.419100
0.419100
0.419100
0.419100
0.419100
0.419100
0.419100
0.450700
0.450700
0.450700
0.450700
0.450700
0.450700
0.450700
0.450700
0.450700
0.482400
0.482400
0.482400
0.482400
0.482400
0.482400
0.482400
0.482400
0.482400
0.482400
0.514100
0.514100
0.514100
0.514100
0.514100
0.514100
0.514100
0.514100
0.514100
0.514100
0.514100
0.545800
0.545800
0.545800
0.545800
0.545800
0.545800
0.545800
0.545800
0.545800
0.545800
0.545800
0.577500
0.577500
0.577500
0.577500
0.577500
0.577500
0.577500
0.609200
0.609200
0.609200
0.609200
0.609200
0.609200
0.609200
0.609200
0.640900
0.640900
0.640900
0.640900
0.640900
0.640900
0.640900
0.640900
0.640900
0.640900
0.640900
0.640900
0.640900
0.640900
0.672600
0.672600
0.672600
0.672600
0.672600
0.672600
0.672600
0.672600
0.704300
0.704300
0.704300
0.704300
0.704300
0.736000
0.736000
0.736000
0.736000
0.736000
0.736000
0.736000
0.736000
0.736000
0.767700
0.767700
0.767700
0.767700
0.767700
0.767700
0.767700
0.767700
0.767700
0.767700
0.767700
0.767700
0.799300
0.799300
0.799300
0.799300
0.799300
0.799300
0.799300
0.799300
0.799300
0.799300
0.799300
0.799300
0.831000
0.831000
0.831000
0.831000
0.831000
0.831000
0.831000
0.831000
0.831000
0.831000
0.831000
0.831000
0.831000
0.831000
0.831000
0.831000
0.862700
0.862700
0.862700
0.862700
0.862700
0.862700
0.862700
0.862700
0.862700
0.862700
0.862700
0.862700
0.862700
0.894400
0.894400
0.894400
0.894400
0.894400
0.894400
0.894400
0.894400
0.894400
0.894400
0.894400
0.926100
0.926100
0.926100
0.926100
0.957800
0.957800
0.957800
0.957800
0.957800
0.957800
0.957800
0.989500
0.989500
0.989500
0.989500
0.989500
0.989500
0.989500
1.021000
1.021000
1.021000
1.021000
1.021000
1.021000
1.021000
1.021000
1.021000
1.053000
1.053000
1.053000
1.053000
1.053000
1.085000
1.085000
1.085000
1.085000
1.085000
1.085000
1.085000
1.116000
1.116000
1.116000
1.116000
1.116000
1.116000
1.148000
1.148000
1.148000
1.148000
1.148000
1.148000
1.148000
1.148000
1.148000
1.148000
1.148000
1.148000
1.148000
1.148000
1.148000
1.148000
1.148000
1.148000
1.148000
1.180000
1.180000
1.180000
1.180000
1.180000
1.180000
1.180000
1.180000
1.180000
1.180000
1.180000
1.180000
1.211000
1.211000
1.211000
1.211000
1.211000
1.211000
1.211000
1.211000
1.211000
1.211000
1.211000
1.243000
1.243000
1.243000
1.243000
1.243000
1.243000
1.243000
1.243000
1.275000
1.275000
1.275000
1.275000
1.275000
1.275000
1.275000
1.275000
1.275000
1.275000
1.275000
1.275000
1.275000
1.306000
1.306000
1.306000
1.306000
1.306000
1.306000
1.306000
1.306000
1.306000
1.338000
1.338000
1.338000
1.338000
1.338000
1.338000
1.370000
1.370000
1.370000
1.370000
1.370000
1.370000
1.370000
1.370000
1.370000
1.370000
1.401000
1.401000
1.401000
1.401000
1.401000
1.401000
1.401000
1.401000
1.401000
1.401000
1.401000
1.401000
1.401000
1.401000
1.401000
1.401000
1.401000
1.401000
1.401000
1.401000
1.401000
1.401000
1.401000
1.433000
1.433000
1.433000
1.433000
1.433000
1.433000
1.433000
1.433000
1.433000
1.433000
1.433000
1.433000
2.122000
2.122000
2.122000
2.122000
2.122000
2.122000
2.122000
2.122000
2.122000
2.122000
2.122000
2.122000
2.122000
2.122000
2.122000
2.811000
2.811000
2.811000
2.811000
2.811000
2.811000
2.811000
2.811000
2.811000
2.811000
2.811000
3.500000
3.500000
3.500000
3.500000
3.500000
3.500000
3.500000
3.500000
3.500000
4.189000
4.189000
4.189000
4.189000
4.189000
4.189000
4.189000
4.189000
4.189000
4.189000
4.879000
4.879000
4.879000
4.879000
4.879000
4.879000
4.879000
4.879000
4.879000
4.879000
5.568000
5.568000
5.568000
5.568000
5.568000
5.568000
5.568000
5.568000
5.568000
6.257000
6.257000
6.257000
6.257000
6.257000
6.257000
6.257000
6.257000
6.257000
6.257000
6.257000
6.257000
6.257000
6.257000
6.257000
6.946000
6.946000
6.946000
6.946000
6.946000
6.946000
7.635000
7.635000
7.635000
7.635000
7.635000
7.635000
7.635000
7.635000
7.635000
7.635000
8.324000
8.324000
8.324000
8.324000
8.324000
8.324000
8.324000
8.324000
8.324000
8.324000
8.324000
8.324000
8.324000
9.013000
9.013000
9.013000
9.013000
9.013000
9.013000
9.013000
9.013000
9.013000
9.013000
9.702000
9.702000
9.702000
9.702000
9.702000
9.702000
9.702000
9.702000
9.702000
9.702000
9.702000
9.702000
9.702000
9.702000
9.702000
10.390000
10.390000
10.390000
10.390000
10.390000
10.390000
10.390000
10.390000
10.390000
10.390000
10.390000
10.390000
10.390000
10.390000
10.390000
10.390000
11.080000
11.080000
11.080000
11.080000
11.080000
11.080000
11.080000
11.080000
11.080000
11.770000
11.770000
11.770000
11.770000
11.770000
11.770000
11.770000
11.770000
11.770000
11.770000
11.770000
12.460000
12.460000
12.460000
12.460000
12.460000
12.460000
12.460000
12.460000
12.460000
12.460000
12.460000
13.150000
13.150000
13.150000
13.150000
13.150000
13.150000
13.150000
13.150000
13.150000
13.150000
13.150000
13.150000
13.840000
13.840000
13.840000
13.840000
14.530000
14.530000
14.530000
14.530000
14.530000
14.530000
14.530000
14.530000
15.210000
15.210000
15.210000
15.210000
15.210000
15.210000
15.900000
15.900000
15.900000
15.900000
15.900000
15.900000
15.900000
15.900000
15.900000
15.900000
15.900000
16.590000
16.590000
16.590000
16.590000
16.590000
16.590000
16.590000
17.280001
17.280001
17.280001
17.280001
17.280001
17.280001
17.280001
17.280001
17.280001
17.969999
17.969999
17.969999
17.969999
17.969999
17.969999
17.969999
17.969999
17.969999
18.660000
18.660000
18.660000
18.660000
18.660000
18.660000
19.350000
19.350000
19.350000
19.350000
19.350000
19.350000
19.350000
19.350000
19.350000
19.350000
19.350000
20.040001
20.040001
20.040001
20.040001
20.040001
20.040001
20.040001
20.040001
20.040001
20.040001
20.040001
20.730000
20.730000
20.730000
20.730000
20.730000
20.730000
20.730000
20.730000
20.730000
20.730000
20.730000
21.420000
21.420000
21.420000
21.420000
21.420000
21.420000
21.420000
21.420000
22.110001
22.110001
22.110001
22.110001
22.110001
22.110001
22.110001
22.110001
22.110001
22.110001
22.110001
22.110001
22.790001
22.790001
22.790001
22.790001
22.790001
22.790001
22.790001
23.480000
23.480000
23.480000
23.480000
23.480000
23.480000
23.480000
24.170000
24.170000
24.170000
24.170000
24.170000
24.170000
24.170000
24.170000
24.170000
24.170000
24.170000
24.860001
24.860001
24.860001
24.860001
24.860001
24.860001
24.860001
24.860001
24.860001
24.860001
24.860001
25.549999
25.549999
25.549999
25.549999
25.549999
25.549999
25.549999
25.549999
25.549999
25.549999
26.240000
26.240000
26.240000
26.240000
26.240000
26.240000
26.240000
26.240000
26.930000
26.930000
26.930000
26.930000
26.930000
26.930000
26.930000
26.930000
26.930000
26.930000
26.930000
26.930000
26.930000
26.930000
26.930000
27.620001
27.620001
27.620001
27.620001
27.620001
27.620001
27.620001
27.620001
27.620001
27.620001
27.620001
28.309999
28.309999
28.309999
28.309999
28.309999
28.309999
28.309999
28.309999
29.000000
29.000000
29.000000
29.000000
29.000000
29.000000
29.000000
29.000000
29.000000
29.000000
29.000000
29.000000
29.000000
29.690001
29.690001
29.690001
29.690001
29.690001
29.690001
29.690001
29.690001
29.690001
29.690001
29.690001
29.690001
30.370001
30.370001
30.370001
30.370001
30.370001
30.370001
30.370001
31.059999
31.059999
31.059999
31.750000
31.750000
31.750000
31.750000
31.750000
31.750000
31.750000
31.750000
32.439999
32.439999
32.439999
32.439999
32.439999
32.439999
32.439999
32.439999
39.509998
39.509998
39.509998
39.509998
39.509998
39.509998
39.509998
39.509998
46.570000
46.570000
46.570000
46.570000
46.570000
46.570000
46.570000
46.570000
53.639999
53.639999
53.639999
53.639999
53.639999
53.639999
53.639999
53.639999
53.639999
53.639999
53.639999
60.700001
60.700001
60.700001
60.700001
60.700001
60.700001
60.700001
60.700001
60.700001
60.700001
60.700001
60.700001
60.700001
60.700001
60.700001
60.700001
66.000000
66.000000
66.000000
66.000000
66.000000
66.000000
66.000000
66.000000
66.000000
66.000000
