0.000000
0.000000
0.000000
0.000000
0.000000
0.000000
0.000000
0.000000
0.000000
0.000000
0.000000
0.000000
0.000000
0.000000
0.000000
0.000000
0.000000
0.000000
0.000000
0.000000
0.000000
0.000000
0.000000
0.000000
1.140000
1.140000
1.140000
1.140000
1.140000
5.191000
5.191000
9.242000
9.242000
9.242000
9.242000
9.242000
9.242000
9.242000
9.242000
10.180000
10.180000
10.180000
10.180000
10.180000
10.180000
10.180000
10.180000
10.180000
10.180000
10.180000
10.180000
11.110000
11.110000
11.110000
11.110000
11.110000
11.110000
11.110000
11.110000
11.110000
12.050000
12.050000
12.050000
12.050000
12.050000
12.050000
12.050000
12.050000
12.050000
12.050000
12.050000
12.980000
12.980000
12.980000
12.980000
12.980000
12.980000
12.980000
12.980000
12.980000
12.980000
13.920000
13.920000
13.920000
13.920000
13.920000
13.920000
13.920000
13.920000
13.920000
13.920000
13.920000
14.850000
14.850000
14.850000
14.850000
14.850000
14.850000
14.850000
14.850000
14.850000
14.850000
14.850000
14.850000
15.790000
15.790000
15.790000
15.790000
15.790000
15.790000
15.790000
15.790000
16.730000
16.730000
16.730000
16.730000
16.730000
16.730000
16.730000
16.730000
16.730000
16.730000
16.730000
17.660000
17.660000
17.660000
17.660000
17.660000
17.660000
17.660000
18.600000
18.600000
18.600000
18.600000
18.600000
18.600000
18.600000
18.600000
18.600000
18.600000
18.600000
18.600000
18.600000
19.530001
19.530001
19.530001
19.530001
19.530001
19.530001
19.530001
19.530001
19.530001
19.530001
19.530001
19.530001
20.469999
20.469999
20.469999
20.469999
20.469999
20.469999
20.469999
20.469999
20.469999
20.469999
21.400000
21.400000
21.400000
21.400000
21.400000
21.400000
21.400000
21.400000
21.400000
22.340000
22.340000
22.340000
22.340000
22.340000
22.340000
22.340000
22.340000
22.340000
22.340000
22.340000
22.340000
22.340000
22.340000
23.270000
23.270000
23.270000
23.270000
23.270000
23.270000
23.270000
23.270000
23.270000
23.270000
23.270000
24.209999
24.209999
24.209999
24.209999
24.209999
24.209999
24.209999
24.209999
24.209999
24.209999
24.209999
24.209999
25.139999
25.139999
25.139999
25.139999
25.139999
25.139999
25.139999
25.139999
25.139999
26.080000
26.080000
26.080000
26.080000
26.080000
26.080000
27.020000
27.020000
27.020000
27.020000
27.020000
27.020000
27.020000
27.020000
27.020000
27.020000
27.020000
27.020000
27.020000
27.020000
27.020000
27.950001
27.950001
27.950001
27.950001
27.950001
27.950001
27.950001
27.950001
27.950001
27.950001
27.950001
27.950001
27.950001
27.950001
28.889999
28.889999
28.889999
28.889999
28.889999
28.889999
28.889999
28.889999
28.889999
28.889999
28.889999
28.889999
29.820000
29.820000
29.820000
29.820000
29.820000
29.820000
29.820000
29.820000
30.760000
30.760000
30.760000
30.760000
30.760000
30.760000
30.760000
30.760000
31.690001
31.690001
31.690001
31.690001
31.690001
31.690001
31.690001
31.690001
31.690001
32.630001
32.630001
32.630001
32.630001
32.630001
32.630001
32.630001
32.630001
32.630001
32.630001
32.630001
32.630001
32.630001
32.630001
33.560001
33.560001
33.560001
33.560001
33.560001
33.560001
33.560001
33.560001
33.560001
33.560001
33.560001
34.500000
34.500000
34.500000
34.500000
34.500000
34.500000
34.500000
34.500000
34.500000
35.430000
35.430000
35.430000
35.430000
35.430000
35.430000
35.430000
35.430000
35.430000
35.430000
35.430000
36.369999
36.369999
36.369999
36.369999
36.369999
36.369999
36.369999
36.369999
36.369999
37.310001
37.310001
37.310001
37.310001
37.310001
37.310001
37.310001
38.240002
38.240002
38.240002
38.240002
38.240002
38.240002
38.240002
38.240002
38.240002
38.240002
38.240002
39.180000
39.180000
39.180000
39.180000
39.180000
39.180000
40.110001
40.110001
40.110001
40.110001
40.110001
40.110001
40.110001
40.110001
40.110001
40.110001
40.110001
40.110001
40.110001
40.110001
40.110001
41.049999
41.049999
41.049999
41.049999
41.049999
41.049999
41.049999
41.049999
41.049999
41.049999
41.980000
41.980000
41.980000
41.980000
41.980000
41.980000
41.980000
41.980000
41.980000
42.919998
42.919998
42.919998
42.919998
42.919998
42.919998
42.919998
42.919998
42.919998
42.919998
42.919998
42.919998
43.849998
43.849998
43.849998
43.849998
43.849998
43.849998
43.849998
43.849998
43.849998
43.849998
44.790001
44.790001
44.790001
44.790001
44.790001
44.790001
44.790001
44.790001
44.790001
45.720001
45.720001
45.720001
45.720001
45.720001
45.720001
45.720001
46.660000
46.660000
46.660000
46.660000
46.660000
46.660000
46.660000
46.660000
46.660000
46.660000
47.599998
47.599998
47.599998
47.599998
47.599998
47.599998
47.599998
47.599998
47.599998
47.599998
47.599998
47.599998
48.529999
48.529999
48.529999
48.529999
48.529999
48.529999
48.529999
48.529999
48.529999
49.470001
49.470001
49.470001
49.470001
49.470001
49.470001
49.470001
49.470001
50.400002
50.400002
50.400002
50.400002
50.400002
50.400002
50.400002
51.340000
51.340000
51.340000
51.340000
51.340000
51.340000
51.340000
51.340000
51.340000
51.340000
51.340000
51.340000
52.209999
52.209999
52.209999
52.209999
52.209999
52.209999
52.209999
52.209999
52.209999
53.080002
53.080002
53.080002
53.950001
53.950001
53.950001
53.950001
53.950001
53.950001
53.950001
53.950001
53.950001
53.950001
53.950001
54.820000
54.820000
54.820000
54.820000
54.820000
54.820000
54.820000
54.820000
54.820000
54.820000
55.689999
55.689999
55.689999
55.689999
55.689999
55.689999
55.689999
55.689999
55.689999
55.689999
55.689999
56.560001
56.560001
56.560001
56.560001
56.560001
56.560001
56.560001
56.560001
57.430000
57.430000
57.430000
57.430000
57.430000
57.430000
57.430000
57.430000
57.430000
57.430000
57.430000
57.430000
57.430000
57.430000
58.310001
58.310001
58.310001
58.310001
58.310001
58.310001
58.310001
58.310001
58.310001
59.180000
59.180000
59.180000
59.180000
59.180000
59.180000
59.180000
59.180000
59.180000
59.180000
59.180000
59.180000
60.049999
60.049999
60.049999
60.049999
60.049999
60.049999
60.049999
60.919998
60.919998
60.919998
60.919998
61.790001
61.790001
61.790001
61.790001
61.790001
61.790001
61.790001
61.790001
61.790001
61.790001
62.660000
62.660000
62.660000
62.660000
62.660000
62.660000
62.660000
62.660000
62.660000
62.660000
62.660000
62.660000
63.529999
63.529999
63.529999
63.529999
63.529999
64.400002
64.400002
64.400002
64.400002
64.400002
64.400002
64.400002
64.400002
64.400002
64.400002
64.400002
64.400002
64.400002
65.269997
65.269997
65.269997
65.269997
65.269997
65.269997
65.269997
65.269997
65.269997
65.269997
65.269997
65.269997
66.139999
66.139999
66.139999
66.139999
66.139999
66.139999
66.139999
67.019997
67.019997
67.019997
67.019997
67.889999
67.889999
67.889999
67.889999
67.889999
67.889999
67.889999
67.889999
67.889999
67.889999
68.760002
68.760002
68.760002
68.760002
68.760002
68.760002
68.760002
68.760002
68.760002
68.760002
68.760002
68.760002
68.760002
68.760002
68.760002
68.760002
68.760002
68.760002
68.760002
69.629997
69.629997
69.629997
69.629997
69.629997
69.629997
69.629997
69.629997
69.629997
69.629997
69.629997
69.629997
70.500000
70.500000
70.500000
70.500000
70.500000
70.500000
70.500000
70.500000
70.500000
70.500000
70.500000
71.370003
71.370003
71.370003
71.370003
71.370003
72.239998
72.239998
72.239998
72.239998
72.239998
72.239998
72.239998
72.239998
72.239998
72.239998
72.239998
72.239998
73.110001
73.110001
73.110001
73.110001
73.110001
73.110001
73.110001
73.110001
73.980003
73.980003
73.980003
73.980003
73.980003
73.980003
73.980003
73.980003
73.980003
74.849998
74.849998
74.849998
74.849998
74.849998
74.849998
74.849998
74.849998
74.849998
74.849998
75.730003
75.730003
75.730003
75.730003
75.730003
75.730003
76.599998
76.599998
76.599998
76.599998
76.599998
76.599998
76.599998
76.599998
76.599998
76.599998
76.599998
77.470001
77.470001
77.470001
77.470001
77.470001
78.339996
78.339996
78.339996
78.339996
78.339996
78.339996
78.339996
78.339996
78.339996
78.339996
78.339996
78.339996
78.339996
78.339996
78.339996
78.339996
78.339996
79.209999
79.209999
79.209999
79.209999
79.209999
79.209999
79.209999
79.209999
79.209999
79.209999
79.209999
80.080002
80.080002
80.080002
80.080002
80.080002
80.080002
80.080002
80.080002
80.949997
80.949997
80.949997
80.949997
80.949997
80.949997
80.949997
80.949997
80.949997
80.949997
80.949997
81.820000
81.820000
81.820000
81.820000
81.820000
81.820000
81.820000
81.820000
81.820000
81.820000
81.820000
82.690002
82.690002
82.690002
82.690002
82.690002
82.690002
82.690002
82.690002
82.690002
83.559998
83.559998
83.559998
83.559998
83.559998
83.559998
83.559998
83.559998
83.559998
83.559998
83.559998
84.440002
84.440002
84.440002
84.440002
84.440002
84.440002
84.440002
84.440002
84.440002
84.440002
84.440002
84.440002
84.440002
84.440002
85.309998
85.309998
85.309998
85.309998
85.309998
85.309998
85.309998
85.309998
85.309998
85.309998
85.309998
85.309998
85.309998
85.309998
86.180000
86.180000
86.180000
86.180000
86.180000
86.180000
86.180000
86.180000
86.180000
87.050003
87.050003
87.050003
87.050003
87.050003
87.050003
87.050003
87.050003
87.050003
87.919998
87.919998
87.919998
87.919998
87.919998
87.919998
87.919998
87.919998
87.919998
87.919998
87.919998
87.919998
87.919998
87.919998
87.919998
88.790001
88.790001
88.790001
88.790001
88.790001
88.790001
88.790001
88.790001
88.790001
88.790001
88.790001
88.790001
89.660004
89.660004
89.660004
89.660004
89.660004
89.660004
89.660004
89.660004
89.660004
90.529999
90.529999
90.529999
90.529999
90.529999
90.529999
90.529999
90.529999
90.529999
94.629997
94.629997
94.629997
94.629997
94.629997
94.629997
94.629997
94.629997
94.629997
94.629997
94.629997
94.629997
98.730003
98.730003
98.730003
98.730003
98.730003
98.730003
98.730003
98.730003
98.730003
102.800003
102.800003
102.800003
102.800003
102.800003
102.800003
102.800003
102.800003
102.800003
102.800003
102.800003
102.800003
102.800003
102.800003
102.800003
106.900002
106.900002
106.900002
106.900002
106.900002
106.900002
106.900002
110.000000
110.000000
110.000000
110.000000
110.000000
110.000000
110.000000
110.000000
110.000000
