0.000000
0.000000
0.000000
0.000000
0.000000
0.000000
0.000000
0.000000
0.000000
0.000000
0.000000
0.000000
0.000000
0.000000
0.000000
0.000000
0.000000
0.000000
0.000000
0.000000
0.000000
0.000000
0.000000
0.000000
0.000000
0.000000
0.000000
0.000000
0.000000
0.000000
0.000000
0.000000
0.000000
0.000000
0.000000
0.000000
0.000000
0.000000
0.000000
0.000000
0.000000
0.000000
0.000000
0.000000
0.000000
0.000000
0.000000
0.000000
0.000000
0.534600
0.534600
0.534600
0.534600
0.534600
0.534600
0.534600
0.534600
0.534600
0.534600
0.534600
0.534600
0.814400
0.814400
0.814400
0.814400
0.814400
0.814400
0.814400
0.814400
0.814400
0.814400
1.094000
1.094000
1.094000
1.094000
1.094000
1.094000
1.094000
1.094000
1.374000
1.374000
1.374000
1.374000
1.374000
1.374000
1.374000
1.374000
1.374000
1.374000
1.374000
1.374000
1.374000
1.654000
1.654000
1.654000
1.654000
1.654000
1.654000
1.654000
1.654000
1.654000
1.934000
1.934000
1.934000
1.934000
1.934000
1.934000
1.934000
1.934000
1.934000
1.934000
1.934000
1.934000
1.934000
1.934000
2.213000
2.213000
2.213000
2.213000
2.213000
2.213000
2.213000
2.493000
2.493000
2.493000
2.493000
2.493000
2.773000
2.773000
2.773000
2.773000
2.773000
2.773000
2.773000
2.773000
2.773000
2.773000
3.053000
3.053000
3.053000
3.053000
3.053000
3.053000
3.053000
3.332000
3.332000
3.332000
3.332000
3.332000
3.332000
3.332000
3.332000
3.332000
3.332000
3.612000
3.612000
3.612000
3.612000
3.612000
3.612000
3.612000
3.892000
3.892000
3.892000
3.892000
3.892000
3.892000
3.892000
3.892000
3.892000
3.892000
3.892000
3.892000
3.892000
3.892000
3.892000
3.892000
4.172000
4.172000
4.172000
4.172000
4.172000
4.172000
4.172000
4.172000
4.172000
4.452000
4.452000
4.452000
4.452000
4.452000
4.452000
4.731000
4.731000
4.731000
4.731000
4.731000
4.731000
4.731000
4.731000
5.011000
5.011000
5.011000
5.011000
5.011000
5.011000
5.011000
5.011000
5.011000
5.011000
5.011000
5.011000
5.291000
5.291000
5.291000
5.291000
5.291000
5.291000
5.571000
5.571000
5.571000
5.571000
5.571000
5.571000
5.571000
5.571000
5.571000
5.571000
5.851000
5.851000
5.851000
5.851000
5.851000
5.851000
5.851000
5.851000
5.851000
6.130000
6.130000
6.130000
6.130000
6.130000
6.130000
6.130000
6.130000
6.130000
6.130000
6.410000
6.410000
6.410000
6.410000
6.410000
6.410000
6.410000
6.410000
6.410000
6.410000
6.410000
6.410000
6.410000
6.410000
6.410000
6.410000
6.410000
6.410000
6.410000
6.690000
6.690000
6.690000
6.690000
6.690000
6.690000
6.690000
6.690000
6.690000
6.690000
6.690000
6.690000
6.690000
6.690000
6.690000
6.970000
6.970000
6.970000
6.970000
6.970000
6.970000
6.970000
6.970000
6.970000
7.250000
7.250000
7.250000
7.250000
7.250000
7.250000
7.250000
7.250000
7.250000
7.250000
7.250000
7.250000
7.250000
7.250000
7.250000
7.529000
7.529000
7.529000
7.529000
7.529000
7.529000
7.529000
7.809000
7.809000
7.809000
7.809000
8.089000
8.089000
8.089000
8.089000
8.369000
8.369000
8.369000
8.369000
8.369000
8.369000
8.369000
8.369000
8.369000
8.648000
8.648000
8.648000
8.648000
8.648000
8.648000
8.648000
8.648000
8.648000
8.928000
8.928000
8.928000
8.928000
8.928000
8.928000
8.928000
8.928000
9.208000
9.208000
9.208000
9.208000
9.208000
9.208000
9.208000
9.208000
9.208000
9.208000
9.208000
9.208000
9.208000
9.208000
9.208000
9.488000
9.488000
9.488000
9.488000
9.488000
9.488000
9.488000
9.488000
9.488000
9.488000
9.768000
9.768000
9.768000
9.768000
9.768000
9.768000
9.768000
9.768000
9.768000
9.768000
10.050000
10.050000
10.050000
10.050000
10.050000
10.050000
10.050000
10.050000
10.050000
10.050000
10.050000
10.050000
10.050000
10.330000
10.330000
10.330000
10.330000
10.330000
10.330000
10.330000
10.330000
10.330000
10.330000
10.330000
10.330000
10.330000
10.610000
10.610000
10.610000
10.610000
10.610000
10.610000
10.610000
10.610000
10.610000
10.890000
10.890000
10.890000
10.890000
10.890000
10.890000
10.890000
11.170000
11.170000
11.170000
11.170000
11.170000
11.170000
11.170000
11.170000
11.170000
11.170000
11.450000
11.450000
11.450000
11.450000
11.450000
11.450000
11.450000
11.450000
11.450000
11.450000
11.450000
11.450000
11.730000
11.730000
11.730000
11.730000
11.730000
11.730000
11.730000
11.730000
11.730000
11.730000
12.010000
12.010000
12.010000
12.010000
12.010000
12.010000
12.010000
12.010000
12.010000
12.010000
12.010000
12.290000
12.290000
12.290000
12.290000
12.290000
12.290000
12.290000
12.290000
12.290000
12.290000
12.290000
12.290000
12.290000
12.290000
12.290000
12.290000
12.290000
12.570000
12.570000
12.570000
12.570000
12.570000
12.570000
12.570000
12.570000
12.570000
12.570000
12.570000
12.570000
12.570000
12.570000
12.570000
12.570000
12.570000
12.570000
12.570000
12.850000
12.850000
12.850000
12.850000
12.850000
12.850000
12.850000
12.850000
12.850000
12.850000
12.850000
12.850000
12.850000
12.850000
13.130000
13.130000
13.130000
13.130000
13.130000
13.130000
13.130000
13.130000
13.130000
13.130000
13.130000
13.130000
14.460000
14.460000
14.460000
14.460000
14.460000
14.460000
14.460000
14.460000
15.800000
15.800000
15.800000
15.800000
15.800000
15.800000
15.800000
15.800000
15.800000
15.800000
17.129999
17.129999
17.129999
17.129999
17.129999
17.129999
17.129999
17.129999
17.129999
17.129999
18.469999
18.469999
18.469999
19.809999
19.809999
19.809999
19.809999
19.809999
19.809999
19.809999
19.809999
19.809999
19.809999
21.139999
21.139999
21.139999
22.480000
22.480000
22.480000
22.480000
22.480000
22.480000
22.480000
22.480000
22.480000
22.480000
22.480000
23.809999
23.809999
23.809999
23.809999
23.809999
23.809999
23.809999
23.809999
23.809999
25.150000
25.150000
25.150000
25.150000
25.150000
26.480000
26.480000
26.480000
26.480000
26.480000
26.480000
26.480000
26.480000
26.480000
26.480000
26.480000
27.820000
27.820000
27.820000
27.820000
27.820000
27.820000
27.820000
27.820000
27.820000
27.820000
27.820000
27.820000
27.820000
29.160000
29.160000
29.160000
29.160000
29.160000
29.160000
29.160000
29.160000
29.160000
30.490000
30.490000
30.490000
30.490000
30.490000
30.490000
30.490000
30.490000
30.490000
30.490000
30.490000
30.490000
30.490000
30.490000
30.490000
30.490000
31.830000
31.830000
31.830000
31.830000
31.830000
31.830000
31.830000
31.830000
31.830000
31.830000
31.830000
31.830000
31.830000
31.830000
31.830000
31.830000
31.830000
33.160000
33.160000
33.160000
34.500000
34.500000
34.500000
34.500000
35.840000
35.840000
35.840000
35.840000
35.840000
35.840000
35.840000
35.840000
37.169998
37.169998
37.169998
37.169998
37.169998
37.169998
37.169998
37.169998
37.169998
37.169998
37.169998
38.509998
38.509998
38.509998
38.509998
38.509998
38.509998
38.509998
38.509998
38.509998
38.509998
38.509998
38.509998
38.509998
38.509998
39.840000
39.840000
39.840000
39.840000
39.840000
39.840000
39.840000
39.840000
39.840000
41.180000
41.180000
41.180000
41.180000
41.180000
41.180000
42.520000
42.520000
42.520000
42.520000
42.520000
42.520000
42.520000
42.520000
42.520000
42.520000
42.520000
42.520000
43.849998
43.849998
43.849998
43.849998
43.849998
43.849998
43.849998
43.849998
45.189999
45.189999
45.189999
45.189999
45.189999
45.189999
45.189999
45.189999
45.189999
45.189999
45.189999
46.520000
46.520000
46.520000
46.520000
46.520000
46.520000
46.520000
46.520000
46.520000
46.520000
46.520000
47.860001
47.860001
47.860001
47.860001
47.860001
47.860001
47.860001
47.860001
47.860001
47.860001
47.860001
47.860001
47.860001
47.860001
47.860001
47.860001
47.860001
49.200001
49.200001
49.200001
49.200001
49.200001
49.200001
49.200001
49.200001
49.200001
50.529999
50.529999
50.529999
50.529999
50.529999
50.529999
50.529999
50.529999
51.869999
51.869999
51.869999
51.869999
51.869999
53.200001
53.200001
53.200001
53.200001
53.200001
53.200001
53.200001
53.200001
54.540001
54.540001
54.540001
54.540001
54.540001
54.540001
54.540001
54.540001
54.540001
54.540001
54.540001
54.540001
54.540001
55.880001
55.880001
55.880001
55.880001
55.880001
55.880001
55.880001
55.880001
55.880001
55.880001
55.880001
55.880001
57.209999
57.209999
57.209999
57.209999
57.209999
57.209999
57.209999
57.209999
57.209999
57.209999
58.549999
58.549999
58.549999
58.549999
58.549999
58.549999
58.549999
58.549999
59.880001
59.880001
59.880001
59.880001
59.880001
59.880001
59.880001
61.220001
61.220001
61.220001
61.220001
61.220001
61.220001
61.220001
61.220001
61.220001
61.220001
61.220001
61.220001
61.220001
62.560001
62.560001
62.560001
62.560001
62.560001
62.560001
62.560001
62.560001
62.560001
62.560001
62.560001
62.560001
63.889999
63.889999
63.889999
63.889999
63.889999
63.889999
63.889999
63.889999
63.889999
63.889999
63.889999
63.889999
63.889999
65.230003
65.230003
65.230003
65.230003
65.230003
65.230003
65.230003
66.559998
66.559998
66.559998
66.559998
66.559998
66.559998
66.559998
66.559998
66.559998
66.559998
67.900002
67.900002
67.900002
67.900002
67.900002
67.900002
67.900002
69.239998
69.239998
69.239998
69.239998
69.239998
69.239998
69.239998
69.239998
69.239998
69.239998
69.239998
69.239998
69.239998
70.570000
70.570000
70.570000
70.570000
70.570000
70.570000
70.570000
70.570000
71.910004
71.910004
71.910004
71.910004
71.910004
71.910004
73.239998
73.239998
73.239998
73.239998
73.239998
73.239998
73.239998
73.239998
73.239998
73.239998
79.660004
79.660004
79.660004
79.660004
79.660004
79.660004
79.660004
79.660004
79.660004
79.660004
86.070000
86.070000
86.070000
86.070000
86.070000
86.070000
86.070000
92.489998
92.489998
92.489998
92.489998
92.489998
92.489998
92.489998
92.489998
92.489998
98.900002
98.900002
98.900002
98.900002
98.900002
98.900002
98.900002
103.699997
103.699997
103.699997
103.699997
103.699997
103.699997
103.699997
103.699997
103.699997
103.699997
103.699997
