0.000000
0.000000
0.000000
0.000000
0.000000
0.000000
0.000000
0.000000
0.000000
0.000000
0.000000
0.000000
0.000000
0.000000
0.000000
0.000000
0.000000
0.000000
0.000000
0.000000
0.000000
0.000000
0.000000
0.000000
0.000000
0.000000
0.000000
0.000000
0.000000
0.000000
0.000000
0.000000
0.000000
0.000000
0.000000
0.000000
0.000000
0.000000
0.000000
0.000000
0.000000
0.000000
0.000000
0.000000
0.000000
0.000000
0.000000
0.000000
0.000000
0.000000
0.000000
0.000000
0.000000
0.000000
0.000000
0.000000
0.000000
0.000000
0.000000
0.000000
0.000000
0.000000
0.000000
0.000000
0.000000
0.000000
0.000000
0.042280
0.042280
0.042280
0.042280
0.042280
0.042280
0.102900
0.102900
0.102900
0.102900
0.102900
0.102900
0.102900
0.102900
0.102900
0.102900
0.102900
0.102900
0.102900
0.102900
0.102900
0.163600
0.163600
0.163600
0.163600
0.163600
0.163600
0.163600
0.163600
0.163600
0.163600
0.224300
0.224300
0.224300
0.224300
0.224300
0.224300
0.224300
0.224300
0.224300
0.224300
0.224300
0.224300
0.285000
0.285000
0.285000
0.285000
0.285000
0.285000
0.285000
0.285000
0.285000
0.285000
0.285000
0.285000
0.285000
0.285000
0.285000
0.285000
0.285000
0.285000
0.345600
0.345600
0.345600
0.345600
0.345600
0.345600
0.345600
0.345600
0.345600
0.345600
0.345600
0.345600
0.345600
0.406300
0.406300
0.406300
0.406300
0.406300
0.406300
0.406300
0.467000
0.467000
0.467000
0.467000
0.467000
0.467000
0.467000
0.467000
0.467000
0.467000
0.467000
0.467000
0.527600
0.527600
0.527600
0.527600
0.527600
0.527600
0.527600
0.527600
0.527600
0.527600
0.527600
0.588300
0.588300
0.588300
0.588300
0.588300
0.588300
0.588300
0.588300
0.588300
0.588300
0.649000
0.649000
0.649000
0.649000
0.649000
0.649000
0.649000
0.649000
0.649000
0.649000
0.649000
0.649000
0.709600
0.709600
0.709600
0.709600
0.709600
0.709600
0.770300
0.770300
0.770300
0.770300
0.770300
0.770300
0.770300
0.831000
0.831000
0.831000
0.831000
0.831000
0.831000
0.831000
0.831000
0.831000
0.831000
0.831000
0.831000
0.831000
0.891700
0.891700
0.891700
0.891700
0.891700
0.891700
0.891700
0.952300
0.952300
0.952300
0.952300
0.952300
0.952300
0.952300
1.013000
1.013000
1.013000
1.013000
1.013000
1.013000
1.013000
1.013000
1.013000
1.013000
1.013000
1.074000
1.074000
1.074000
1.074000
1.074000
1.074000
1.134000
1.134000
1.134000
1.134000
1.134000
1.134000
1.134000
1.134000
1.134000
1.134000
1.134000
1.195000
1.195000
1.195000
1.195000
1.195000
1.195000
1.195000
1.256000
1.256000
1.256000
1.256000
1.256000
1.256000
1.256000
1.256000
1.256000
1.316000
1.316000
1.316000
1.316000
1.316000
1.316000
1.316000
1.316000
1.316000
1.316000
1.316000
1.316000
1.377000
1.377000
1.377000
1.377000
1.377000
1.377000
1.377000
1.377000
1.438000
1.438000
1.438000
1.438000
1.438000
1.438000
1.438000
1.438000
1.438000
1.438000
1.498000
1.498000
1.498000
1.498000
1.498000
1.498000
1.498000
1.559000
1.559000
1.559000
1.559000
1.559000
1.559000
1.559000
1.559000
1.559000
1.559000
1.559000
1.559000
1.559000
1.620000
1.620000
1.620000
1.620000
1.620000
1.620000
1.620000
1.620000
1.620000
1.620000
1.680000
1.680000
1.680000
1.680000
1.680000
1.680000
1.680000
1.680000
1.741000
1.741000
1.741000
1.741000
1.741000
1.741000
1.741000
1.741000
1.741000
1.802000
1.802000
1.802000
1.802000
1.802000
1.802000
1.802000
1.802000
1.802000
1.802000
1.802000
1.802000
1.802000
1.802000
1.862000
1.862000
1.862000
1.862000
1.862000
1.862000
1.862000
1.862000
1.862000
1.862000
1.923000
1.923000
1.923000
1.923000
1.923000
1.923000
1.923000
1.923000
1.923000
1.923000
1.923000
1.923000
1.923000
1.923000
1.984000
1.984000
1.984000
1.984000
1.984000
1.984000
1.984000
1.984000
2.044000
2.044000
2.044000
2.044000
2.044000
2.044000
2.044000
2.044000
2.044000
2.044000
2.044000
2.044000
2.105000
2.105000
2.105000
2.105000
2.105000
2.105000
2.105000
2.105000
2.105000
2.105000
2.105000
2.105000
2.105000
2.105000
2.105000
2.105000
2.105000
2.166000
2.166000
2.166000
2.166000
2.166000
2.166000
2.166000
2.166000
2.166000
2.166000
2.226000
2.226000
2.226000
2.226000
2.226000
2.287000
2.287000
2.287000
2.287000
2.287000
2.287000
2.287000
2.287000
2.287000
2.287000
2.287000
2.348000
2.348000
2.348000
2.348000
2.348000
2.348000
2.348000
2.348000
2.348000
2.348000
2.348000
2.348000
2.408000
2.408000
2.408000
2.408000
2.408000
2.408000
2.408000
2.408000
2.408000
2.408000
2.408000
2.408000
2.469000
2.469000
2.469000
2.469000
2.469000
2.469000
2.469000
2.469000
2.469000
2.469000
2.469000
2.469000
2.469000
2.469000
2.469000
2.469000
2.469000
2.469000
2.530000
2.530000
2.530000
2.530000
2.530000
2.530000
2.530000
2.530000
2.530000
2.530000
2.530000
2.590000
2.590000
2.590000
2.590000
2.590000
2.590000
2.590000
2.590000
2.590000
2.590000
2.651000
2.651000
2.651000
2.651000
2.651000
2.651000
2.651000
2.651000
2.712000
2.712000
2.712000
2.712000
2.712000
2.712000
2.712000
2.712000
2.712000
2.712000
2.772000
2.772000
2.772000
2.772000
2.772000
2.772000
2.772000
2.772000
2.772000
2.772000
3.181000
3.181000
3.181000
3.181000
3.181000
3.181000
3.590000
3.590000
3.590000
3.590000
3.590000
3.590000
3.590000
3.590000
3.590000
3.590000
3.999000
3.999000
3.999000
3.999000
3.999000
3.999000
3.999000
4.408000
4.408000
4.408000
4.408000
4.408000
4.408000
4.408000
4.817000
4.817000
4.817000
4.817000
4.817000
4.817000
4.817000
4.817000
4.817000
4.817000
4.817000
4.817000
4.817000
5.226000
5.226000
5.226000
5.226000
5.226000
5.226000
5.226000
5.635000
5.635000
5.635000
5.635000
5.635000
5.635000
5.635000
5.635000
5.635000
5.635000
6.044000
6.044000
6.044000
6.044000
6.044000
6.044000
6.044000
6.044000
6.044000
6.044000
6.044000
6.044000
6.453000
6.453000
6.453000
6.453000
6.453000
6.453000
6.453000
6.453000
6.453000
6.453000
6.453000
6.453000
6.862000
6.862000
6.862000
6.862000
6.862000
6.862000
6.862000
6.862000
6.862000
6.862000
6.862000
6.862000
7.271000
7.271000
7.271000
7.271000
7.271000
7.271000
7.271000
7.271000
7.680000
7.680000
7.680000
7.680000
7.680000
7.680000
7.680000
7.680000
8.089000
8.089000
8.089000
8.089000
8.089000
8.089000
8.089000
8.089000
8.089000
8.089000
8.498000
8.498000
8.498000
8.498000
8.498000
8.498000
8.498000
8.498000
8.498000
8.907000
8.907000
8.907000
8.907000
8.907000
8.907000
8.907000
8.907000
9.316000
9.316000
9.316000
9.316000
9.316000
9.316000
9.316000
9.316000
9.316000
9.316000
9.316000
9.725000
9.725000
9.725000
9.725000
9.725000
9.725000
9.725000
9.725000
9.725000
9.725000
9.725000
9.725000
9.725000
10.130000
10.130000
10.130000
10.130000
10.130000
10.130000
10.130000
10.130000
10.130000
10.130000
10.130000
10.540000
10.540000
10.540000
10.540000
10.540000
10.540000
10.540000
10.540000
10.540000
10.540000
10.540000
10.540000
10.540000
10.540000
10.950000
10.950000
10.950000
10.950000
10.950000
10.950000
10.950000
10.950000
10.950000
11.360000
11.360000
11.360000
11.360000
11.360000
11.360000
11.360000
11.360000
11.360000
11.360000
11.360000
11.770000
11.770000
11.770000
11.770000
11.770000
11.770000
11.770000
11.770000
11.770000
11.770000
12.180000
12.180000
12.180000
12.180000
12.180000
12.180000
12.590000
12.590000
12.590000
12.590000
12.590000
12.590000
12.590000
12.590000
12.590000
12.590000
12.590000
13.000000
13.000000
13.000000
13.000000
13.000000
13.000000
13.000000
13.000000
13.000000
13.000000
13.000000
13.000000
13.410000
13.410000
13.410000
13.410000
13.410000
13.410000
13.410000
13.410000
13.810000
13.810000
13.810000
13.810000
13.810000
13.810000
13.810000
14.220000
14.220000
14.220000
14.220000
14.220000
14.220000
14.220000
14.220000
14.220000
14.630000
14.630000
14.630000
14.630000
14.630000
15.040000
15.040000
15.040000
15.040000
15.040000
15.040000
15.040000
15.040000
15.040000
15.040000
15.040000
15.450000
15.450000
15.450000
15.450000
15.450000
15.450000
15.860000
15.860000
15.860000
15.860000
16.270000
16.270000
16.270000
16.680000
16.680000
16.680000
16.680000
16.680000
16.680000
17.090000
17.090000
17.090000
17.090000
17.090000
17.090000
17.090000
17.090000
17.090000
17.090000
17.490000
17.490000
17.490000
17.490000
17.490000
17.490000
17.490000
17.490000
17.490000
17.490000
17.490000
17.900000
17.900000
17.900000
17.900000
17.900000
17.900000
18.309999
18.309999
18.309999
18.309999
18.309999
18.309999
18.309999
18.309999
18.309999
18.309999
18.719999
18.719999
18.719999
18.719999
18.719999
18.719999
18.719999
18.719999
18.719999
18.719999
18.719999
18.719999
19.129999
19.129999
19.129999
19.129999
19.129999
19.129999
19.129999
19.540001
19.540001
19.540001
19.540001
19.540001
19.540001
19.540001
19.540001
19.540001
19.950001
19.950001
19.950001
19.950001
19.950001
19.950001
19.950001
19.950001
19.950001
20.360001
20.360001
20.360001
20.360001
20.360001
20.360001
20.360001
20.360001
20.360001
20.770000
20.770000
20.770000
20.770000
20.770000
20.770000
20.770000
21.180000
21.180000
21.180000
21.180000
21.180000
21.180000
21.180000
24.480000
24.480000
24.480000
24.480000
24.480000
24.480000
24.480000
24.480000
24.480000
27.780001
27.780001
27.780001
27.780001
27.780001
27.780001
27.780001
27.780001
27.780001
31.080000
31.080000
31.080000
31.080000
34.380001
34.380001
34.380001
34.380001
34.380001
34.380001
34.380001
34.380001
34.380001
34.380001
34.380001
34.380001
34.380001
36.849998
36.849998
36.849998
36.849998
36.849998
36.849998
36.849998
36.849998
36.849998
36.849998
36.849998
36.849998
36.849998
36.849998
36.849998
36.849998
