0.000000
0.000000
0.000000
0.000000
0.000000
0.000000
0.000000
0.000000
0.000000
0.000000
0.000000
0.000000
0.000000
0.000000
0.000000
0.000000
0.000000
0.000000
0.000000
0.000000
0.000000
0.000000
0.000000
0.000000
0.000000
0.000000
0.000000
0.000000
0.000000
0.000000
0.000000
0.000000
0.000000
0.000000
0.000000
0.000000
0.000000
0.000000
0.000000
0.000000
0.000000
0.000000
0.000000
0.000000
0.000000
0.000000
0.000000
0.000000
0.000000
0.000044
0.000044
0.000044
0.000044
0.000044
0.000044
0.039560
0.039560
0.039560
0.039560
0.039560
0.039560
0.039560
0.079070
0.079070
0.079070
0.079070
0.079070
0.079070
0.079070
0.079070
0.079070
0.079070
0.118600
0.118600
0.118600
0.118600
0.118600
0.118600
0.118600
0.158100
0.158100
0.158100
0.158100
0.158100
0.158100
0.158100
0.158100
0.158100
0.158100
0.158100
0.197600
0.197600
0.197600
0.197600
0.197600
0.197600
0.237100
0.237100
0.237100
0.237100
0.237100
0.276600
0.276600
0.276600
0.276600
0.276600
0.276600
0.276600
0.276600
0.276600
0.276600
0.276600
0.276600
0.276600
0.276600
0.316200
0.316200
0.316200
0.316200
0.316200
0.316200
0.316200
0.316200
0.316200
0.316200
0.316200
0.316200
0.316200
0.355700
0.355700
0.355700
0.355700
0.355700
0.355700
0.355700
0.355700
0.355700
0.355700
0.355700
0.395200
0.395200
0.395200
0.395200
0.395200
0.395200
0.395200
0.395200
0.395200
0.395200
0.434700
0.434700
0.434700
0.434700
0.434700
0.434700
0.434700
0.434700
0.434700
0.434700
0.434700
0.434700
0.474200
0.474200
0.474200
0.474200
0.474200
0.474200
0.474200
0.474200
0.474200
0.474200
0.474200
0.474200
0.474200
0.513700
0.513700
0.513700
0.513700
0.513700
0.513700
0.513700
0.513700
0.513700
0.513700
0.513700
0.513700
0.553200
0.553200
0.553200
0.553200
0.553200
0.553200
0.553200
0.553200
0.592700
0.592700
0.592700
0.592700
0.592700
0.592700
0.592700
0.632300
0.632300
0.632300
0.632300
0.632300
0.632300
0.632300
0.632300
0.632300
0.632300
0.632300
0.632300
0.632300
0.632300
0.632300
0.632300
0.632300
0.671800
0.671800
0.671800
0.671800
0.671800
0.671800
0.671800
0.671800
0.671800
0.671800
0.711300
0.711300
0.711300
0.711300
0.711300
0.711300
0.711300
0.711300
0.711300
0.711300
0.711300
0.711300
0.711300
0.750800
0.750800
0.750800
0.750800
0.750800
0.750800
0.750800
0.750800
0.750800
0.750800
0.750800
0.750800
0.790300
0.790300
0.790300
0.790300
0.790300
0.790300
0.790300
0.790300
0.790300
0.790300
0.790300
0.790300
0.829800
0.829800
0.829800
0.829800
0.829800
0.829800
0.829800
0.829800
0.829800
0.829800
0.869300
0.869300
0.869300
0.869300
0.869300
0.869300
0.869300
0.869300
0.869300
0.908900
0.908900
0.908900
0.908900
0.908900
0.908900
0.908900
0.908900
0.908900
0.908900
0.948400
0.948400
0.948400
0.948400
0.948400
0.948400
0.948400
0.987900
0.987900
0.987900
0.987900
0.987900
0.987900
0.987900
0.987900
0.987900
0.987900
0.987900
0.987900
0.987900
1.027000
1.027000
1.027000
1.027000
1.027000
1.027000
1.027000
1.067000
1.067000
1.067000
1.067000
1.067000
1.067000
1.067000
1.067000
1.067000
1.067000
1.067000
1.067000
1.067000
1.106000
1.106000
1.106000
1.106000
1.106000
1.106000
1.106000
1.106000
1.106000
1.106000
1.106000
1.106000
1.146000
1.146000
1.146000
1.146000
1.146000
1.146000
1.146000
1.146000
1.185000
1.185000
1.185000
1.185000
1.185000
1.185000
1.185000
1.185000
1.185000
1.185000
1.185000
1.225000
1.225000
1.225000
1.225000
1.225000
1.225000
1.225000
1.225000
1.225000
1.225000
1.264000
1.264000
1.264000
1.264000
1.264000
1.264000
1.264000
1.264000
1.264000
1.304000
1.304000
1.304000
1.304000
1.304000
1.304000
1.304000
1.304000
1.304000
1.304000
1.344000
1.344000
1.344000
1.344000
1.344000
1.344000
1.344000
1.344000
1.344000
1.383000
1.383000
1.383000
1.383000
1.383000
1.383000
1.383000
1.383000
1.383000
1.383000
1.383000
1.383000
1.423000
1.423000
1.423000
1.423000
1.423000
1.423000
1.462000
1.462000
1.462000
1.462000
1.462000
1.462000
1.462000
1.502000
1.502000
1.502000
1.502000
1.502000
1.502000
1.502000
1.502000
1.502000
1.502000
1.502000
1.502000
1.502000
1.502000
1.541000
1.541000
1.541000
1.541000
1.541000
1.541000
1.541000
1.541000
1.541000
1.541000
1.541000
1.541000
1.541000
1.581000
1.581000
1.581000
1.581000
1.581000
1.581000
1.581000
1.581000
1.581000
1.581000
1.581000
1.581000
1.620000
1.620000
1.620000
1.620000
1.620000
1.620000
1.620000
1.620000
1.620000
1.620000
1.620000
1.620000
1.620000
1.660000
1.660000
1.660000
1.660000
1.660000
1.660000
1.660000
1.660000
1.660000
1.660000
1.660000
1.660000
1.660000
1.660000
1.660000
1.660000
1.699000
1.699000
1.699000
1.699000
1.699000
1.699000
1.699000
1.699000
1.699000
1.699000
1.739000
1.739000
1.739000
1.739000
1.739000
1.739000
1.739000
1.739000
1.739000
1.739000
1.778000
1.778000
1.778000
1.778000
1.778000
1.778000
1.778000
1.778000
1.967000
1.967000
1.967000
1.967000
1.967000
1.967000
1.967000
1.967000
1.967000
1.967000
2.155000
2.155000
2.155000
2.155000
2.155000
2.155000
2.155000
2.344000
2.344000
2.344000
2.344000
2.344000
2.344000
2.344000
2.344000
2.533000
2.533000
2.533000
2.533000
2.533000
2.533000
2.533000
2.533000
2.533000
2.721000
2.721000
2.721000
2.721000
2.721000
2.721000
2.721000
2.721000
2.721000
2.910000
2.910000
2.910000
2.910000
2.910000
2.910000
2.910000
2.910000
2.910000
2.910000
2.910000
2.910000
3.098000
3.098000
3.098000
3.098000
3.098000
3.098000
3.098000
3.098000
3.098000
3.098000
3.098000
3.287000
3.287000
3.287000
3.287000
3.287000
3.287000
3.476000
3.476000
3.476000
3.476000
3.476000
3.476000
3.476000
3.476000
3.476000
3.664000
3.664000
3.664000
3.664000
3.664000
3.664000
3.664000
3.664000
3.664000
3.664000
3.664000
3.664000
3.853000
3.853000
3.853000
3.853000
3.853000
3.853000
3.853000
3.853000
3.853000
3.853000
3.853000
3.853000
3.853000
4.041000
4.041000
4.041000
4.041000
4.230000
4.230000
4.230000
4.230000
4.230000
4.230000
4.230000
4.230000
4.419000
4.419000
4.419000
4.419000
4.419000
4.419000
4.607000
4.607000
4.607000
4.607000
4.607000
4.607000
4.607000
4.607000
4.607000
4.607000
4.796000
4.796000
4.796000
4.796000
4.796000
4.796000
4.796000
4.796000
4.796000
4.796000
4.796000
4.984000
4.984000
4.984000
4.984000
4.984000
4.984000
4.984000
4.984000
4.984000
4.984000
5.173000
5.173000
5.173000
5.173000
5.173000
5.173000
5.173000
5.173000
5.173000
5.173000
5.173000
5.173000
5.362000
5.362000
5.362000
5.362000
5.362000
5.362000
5.362000
5.362000
5.362000
5.362000
5.362000
5.362000
5.362000
5.362000
5.362000
5.362000
5.362000
5.550000
5.550000
5.550000
5.550000
5.550000
5.550000
5.550000
5.550000
5.550000
5.550000
5.739000
5.739000
5.739000
5.739000
5.739000
5.739000
5.739000
5.739000
5.739000
5.739000
5.927000
5.927000
5.927000
5.927000
5.927000
5.927000
5.927000
5.927000
5.927000
6.116000
6.116000
6.116000
6.116000
6.116000
6.116000
6.116000
6.116000
6.305000
6.305000
6.305000
6.305000
6.305000
6.305000
6.305000
6.305000
6.493000
6.493000
6.493000
6.493000
6.493000
6.493000
6.493000
6.493000
6.493000
6.493000
6.493000
6.493000
6.493000
6.493000
6.682000
6.682000
6.682000
6.682000
6.682000
6.682000
6.682000
6.682000
6.682000
6.682000
6.870000
6.870000
6.870000
6.870000
6.870000
6.870000
6.870000
6.870000
6.870000
6.870000
7.059000
7.059000
7.059000
7.059000
7.059000
7.059000
7.059000
7.059000
7.059000
7.059000
7.059000
7.059000
7.059000
7.248000
7.248000
7.248000
7.248000
7.248000
7.436000
7.436000
7.625000
7.625000
7.625000
7.625000
7.625000
7.625000
7.625000
7.625000
7.625000
7.625000
7.625000
7.813000
7.813000
7.813000
7.813000
8.002000
8.002000
8.002000
8.002000
8.002000
8.002000
8.002000
8.002000
8.002000
8.002000
8.191000
8.191000
8.191000
8.191000
8.191000
8.191000
8.191000
8.191000
8.191000
8.379000
8.379000
8.379000
8.379000
8.379000
8.568000
8.568000
8.568000
8.568000
8.568000
8.568000
8.568000
8.568000
8.568000
8.568000
8.568000
8.756000
8.756000
8.756000
8.756000
8.756000
8.756000
8.756000
8.756000
8.756000
8.756000
8.945000
8.945000
8.945000
8.945000
8.945000
8.945000
9.134000
9.134000
9.134000
9.134000
9.134000
9.134000
9.134000
9.134000
9.134000
9.134000
9.134000
9.134000
9.134000
9.134000
9.322000
9.322000
9.322000
9.322000
9.322000
9.322000
9.322000
9.322000
9.322000
9.322000
9.322000
9.511000
9.511000
9.511000
9.511000
9.511000
9.511000
9.511000
9.511000
9.511000
9.511000
9.699000
9.699000
9.699000
9.699000
9.699000
9.699000
9.699000
9.888000
9.888000
9.888000
9.888000
9.888000
9.888000
9.888000
9.888000
9.888000
9.888000
9.888000
9.888000
9.888000
10.080000
10.080000
10.080000
10.080000
10.080000
10.080000
10.080000
10.080000
10.080000
10.080000
10.080000
10.270000
10.270000
10.270000
10.270000
10.270000
10.270000
10.270000
10.270000
12.070000
12.070000
12.070000
12.070000
12.070000
12.070000
12.070000
12.070000
12.070000
12.070000
12.070000
12.070000
13.880000
13.880000
13.880000
13.880000
13.880000
15.690000
15.690000
15.690000
15.690000
15.690000
15.690000
15.690000
15.690000
15.690000
15.690000
15.690000
15.690000
15.690000
17.500000
17.500000
17.500000
17.500000
17.500000
17.500000
17.500000
17.500000
17.500000
17.500000
17.500000
17.500000
17.500000
18.860001
18.860001
18.860001
18.860001
18.860001
18.860001
18.860001
18.860001
18.860001
18.860001
