0.000000
0.000000
0.000000
0.000000
0.000000
0.000000
0.000000
0.000000
0.000000
0.000000
0.000000
0.000000
0.000000
0.000000
0.000000
0.000000
0.000000
0.000000
0.000000
0.000000
0.000000
0.000000
0.000000
0.000000
0.000000
0.000000
0.000000
0.000000
0.000000
0.000000
0.000000
0.000000
0.000000
0.000000
0.000000
0.000000
0.000000
0.000000
0.000000
0.000000
0.000000
0.000000
0.000000
0.000000
0.000000
0.000000
0.000000
0.000000
0.000000
0.000000
0.000000
0.000000
0.000000
0.118900
0.118900
0.118900
0.118900
0.118900
0.118900
0.118900
0.238100
0.238100
0.238100
0.238100
0.238100
0.238100
0.238100
0.238100
0.238100
0.238100
0.238100
0.238100
0.357200
0.357200
0.357200
0.357200
0.357200
0.357200
0.357200
0.357200
0.357200
0.357200
0.476400
0.476400
0.476400
0.476400
0.476400
0.476400
0.476400
0.476400
0.595500
0.595500
0.595500
0.595500
0.595500
0.595500
0.595500
0.595500
0.595500
0.714600
0.714600
0.714600
0.714600
0.714600
0.714600
0.714600
0.714600
0.833800
0.833800
0.833800
0.833800
0.833800
0.833800
0.833800
0.833800
0.833800
0.833800
0.833800
0.952900
0.952900
0.952900
0.952900
0.952900
0.952900
0.952900
0.952900
0.952900
1.072000
1.072000
1.072000
1.072000
1.072000
1.072000
1.072000
1.072000
1.191000
1.191000
1.191000
1.191000
1.191000
1.191000
1.191000
1.191000
1.191000
1.191000
1.310000
1.310000
1.310000
1.310000
1.310000
1.310000
1.310000
1.310000
1.310000
1.310000
1.310000
1.429000
1.429000
1.429000
1.429000
1.429000
1.429000
1.429000
1.429000
1.549000
1.549000
1.549000
1.549000
1.549000
1.549000
1.549000
1.549000
1.549000
1.549000
1.668000
1.668000
1.668000
1.668000
1.668000
1.668000
1.668000
1.668000
1.668000
1.668000
1.668000
1.668000
1.668000
1.668000
1.668000
1.787000
1.787000
1.787000
1.787000
1.787000
1.787000
1.787000
1.787000
1.787000
1.787000
1.787000
1.906000
1.906000
1.906000
1.906000
1.906000
1.906000
1.906000
1.906000
1.906000
1.906000
1.906000
2.025000
2.025000
2.025000
2.025000
2.025000
2.144000
2.144000
2.144000
2.144000
2.144000
2.144000
2.144000
2.144000
2.263000
2.263000
2.263000
2.263000
2.263000
2.263000
2.383000
2.383000
2.383000
2.383000
2.383000
2.383000
2.383000
2.383000
2.383000
2.383000
2.383000
2.383000
2.383000
2.383000
2.383000
2.383000
2.383000
2.502000
2.502000
2.502000
2.502000
2.502000
2.502000
2.502000
2.621000
2.621000
2.621000
2.621000
2.621000
2.621000
2.621000
2.621000
2.621000
2.621000
2.621000
2.621000
2.740000
2.740000
2.740000
2.740000
2.740000
2.740000
2.740000
2.740000
2.740000
2.740000
2.740000
2.740000
2.740000
2.740000
2.740000
2.740000
2.740000
2.859000
2.859000
2.859000
2.859000
2.859000
2.859000
2.859000
2.859000
2.859000
2.859000
2.859000
2.859000
2.978000
2.978000
2.978000
2.978000
3.097000
3.097000
3.097000
3.097000
3.097000
3.097000
3.097000
3.097000
3.097000
3.097000
3.097000
3.097000
3.217000
3.217000
3.217000
3.217000
3.217000
3.217000
3.217000
3.217000
3.217000
3.217000
3.217000
3.217000
3.217000
3.217000
3.336000
3.336000
3.336000
3.336000
3.336000
3.336000
3.455000
3.455000
3.455000
3.455000
3.455000
3.455000
3.455000
3.455000
3.455000
3.455000
3.455000
3.574000
3.574000
3.574000
3.574000
3.574000
3.574000
3.574000
3.574000
3.693000
3.693000
3.693000
3.693000
3.693000
3.693000
3.693000
3.693000
3.812000
3.812000
3.812000
3.812000
3.812000
3.812000
3.931000
3.931000
3.931000
3.931000
3.931000
3.931000
3.931000
3.931000
3.931000
3.931000
4.051000
4.051000
4.051000
4.051000
4.051000
4.051000
4.051000
4.051000
4.051000
4.170000
4.170000
4.170000
4.170000
4.170000
4.170000
4.170000
4.289000
4.289000
4.289000
4.289000
4.289000
4.289000
4.289000
4.289000
4.289000
4.289000
4.289000
4.289000
4.408000
4.408000
4.408000
4.408000
4.408000
4.408000
4.408000
4.408000
4.408000
4.527000
4.527000
4.527000
4.527000
4.527000
4.527000
4.527000
4.527000
4.527000
4.527000
4.527000
4.646000
4.646000
4.646000
4.646000
4.646000
4.646000
4.646000
4.646000
4.646000
4.646000
4.646000
4.765000
4.765000
4.765000
4.765000
4.765000
4.765000
4.765000
4.765000
4.765000
4.765000
4.765000
4.765000
4.765000
4.765000
4.765000
4.765000
4.765000
4.884000
4.884000
4.884000
4.884000
4.884000
4.884000
4.884000
4.884000
4.884000
4.884000
5.004000
5.004000
5.004000
5.004000
5.004000
5.004000
5.004000
5.123000
5.123000
5.123000
5.123000
5.123000
5.123000
5.123000
5.123000
5.242000
5.242000
5.242000
5.242000
5.242000
5.242000
5.361000
5.361000
5.361000
5.361000
5.361000
5.361000
5.361000
5.480000
5.480000
5.480000
5.480000
5.480000
5.480000
5.480000
5.480000
5.480000
5.906000
5.906000
5.906000
5.906000
5.906000
5.906000
5.906000
5.906000
5.906000
6.332000
6.332000
6.332000
6.332000
6.332000
6.332000
6.332000
6.332000
6.332000
6.332000
6.757000
6.757000
6.757000
6.757000
6.757000
6.757000
6.757000
6.757000
6.757000
7.183000
7.183000
7.183000
7.183000
7.183000
7.183000
7.183000
7.183000
7.608000
7.608000
7.608000
7.608000
7.608000
7.608000
7.608000
7.608000
7.608000
8.034000
8.034000
8.034000
8.034000
8.034000
8.034000
8.034000
8.034000
8.034000
8.034000
8.460000
8.460000
8.460000
8.460000
8.460000
8.460000
8.460000
8.460000
8.885000
8.885000
8.885000
8.885000
8.885000
8.885000
8.885000
9.311000
9.311000
9.311000
9.311000
9.311000
9.311000
9.737000
9.737000
9.737000
9.737000
9.737000
9.737000
9.737000
9.737000
9.737000
9.737000
9.737000
9.737000
10.160000
10.160000
10.160000
10.160000
10.160000
10.160000
10.160000
10.160000
10.160000
10.160000
10.590000
10.590000
10.590000
10.590000
10.590000
10.590000
10.590000
10.590000
10.590000
11.010000
11.010000
11.010000
11.010000
11.010000
11.010000
11.010000
11.010000
11.010000
11.010000
11.010000
11.010000
11.010000
11.440000
11.440000
11.440000
11.440000
11.440000
11.440000
11.440000
11.440000
11.870000
11.870000
11.870000
11.870000
11.870000
11.870000
11.870000
11.870000
11.870000
11.870000
11.870000
12.290000
12.290000
12.290000
12.290000
12.290000
12.290000
12.290000
12.290000
12.290000
12.290000
12.290000
12.720000
12.720000
12.720000
12.720000
12.720000
12.720000
12.720000
12.720000
12.720000
12.720000
12.720000
12.720000
12.720000
13.140000
13.140000
13.140000
13.140000
13.140000
13.140000
13.140000
13.570000
13.570000
13.570000
13.570000
13.570000
13.570000
13.990000
13.990000
13.990000
13.990000
13.990000
13.990000
13.990000
13.990000
13.990000
13.990000
14.420000
14.420000
14.420000
14.420000
14.840000
14.840000
14.840000
14.840000
14.840000
14.840000
14.840000
14.840000
14.840000
14.840000
14.840000
15.270000
15.270000
15.270000
15.270000
15.270000
15.270000
15.270000
15.270000
15.270000
15.270000
15.270000
15.270000
15.700000
15.700000
15.700000
15.700000
15.700000
15.700000
15.700000
15.700000
15.700000
15.700000
15.700000
15.700000
15.700000
16.120001
16.120001
16.120001
16.120001
16.120001
16.120001
16.120001
16.120001
16.120001
16.120001
16.120001
16.120001
16.120001
16.120001
16.120001
16.120001
16.120001
16.549999
16.549999
16.549999
16.549999
16.549999
16.549999
16.549999
16.969999
16.969999
16.969999
16.969999
16.969999
16.969999
16.969999
16.969999
16.969999
17.400000
17.400000
17.400000
17.400000
17.400000
17.400000
17.400000
17.400000
17.820000
17.820000
17.820000
17.820000
17.820000
17.820000
18.250000
18.250000
18.250000
18.250000
18.250000
18.250000
18.250000
18.250000
18.250000
18.250000
18.680000
18.680000
18.680000
18.680000
18.680000
18.680000
18.680000
19.100000
19.100000
19.100000
19.100000
19.100000
19.100000
19.100000
19.100000
19.100000
19.100000
19.530001
19.530001
19.530001
19.530001
19.530001
19.530001
19.530001
19.530001
19.530001
19.530001
19.530001
19.530001
19.530001
19.530001
19.950001
19.950001
19.950001
19.950001
19.950001
19.950001
19.950001
19.950001
19.950001
19.950001
20.379999
20.379999
20.379999
20.379999
20.379999
20.379999
20.379999
20.379999
20.379999
20.379999
20.379999
20.379999
20.379999
20.379999
20.379999
20.379999
20.799999
20.799999
20.799999
20.799999
20.799999
20.799999
20.799999
20.799999
20.799999
20.799999
20.799999
20.799999
21.230000
21.230000
21.230000
21.230000
21.230000
21.230000
21.230000
21.230000
21.230000
21.230000
21.230000
21.230000
21.230000
21.660000
21.660000
21.660000
21.660000
21.660000
21.660000
22.080000
22.080000
22.080000
22.080000
22.080000
22.080000
22.080000
22.510000
22.510000
22.510000
22.510000
22.510000
22.510000
22.510000
22.510000
22.510000
22.510000
22.510000
22.930000
22.930000
22.930000
22.930000
22.930000
22.930000
22.930000
22.930000
22.930000
22.930000
22.930000
22.930000
23.360001
23.360001
23.360001
23.360001
23.360001
23.360001
23.360001
23.360001
23.360001
23.360001
23.360001
23.360001
23.360001
23.360001
23.360001
23.780001
23.780001
23.780001
23.780001
23.780001
23.780001
23.780001
23.780001
23.780001
23.780001
23.780001
23.780001
23.780001
24.209999
24.209999
24.209999
24.209999
24.209999
24.209999
24.209999
24.209999
24.209999
24.209999
24.209999
24.629999
24.629999
24.629999
24.629999
24.629999
24.629999
24.629999
24.629999
29.209999
29.209999
29.209999
29.209999
29.209999
29.209999
29.209999
29.209999
29.209999
29.209999
29.209999
29.209999
29.209999
29.209999
33.779999
33.779999
33.779999
33.779999
38.349998
38.349998
38.349998
38.349998
38.349998
38.349998
38.349998
38.349998
38.349998
42.930000
42.930000
42.930000
42.930000
42.930000
42.930000
42.930000
42.930000
42.930000
42.930000
42.930000
42.930000
42.930000
42.930000
42.930000
42.930000
42.930000
42.930000
46.360001
46.360001
46.360001
46.360001
46.360001
46.360001
46.360001
46.360001
46.360001
46.360001
