0.000000
0.000000
0.000000
0.000000
0.000000
0.000000
0.000000
0.000000
0.000000
0.000000
0.000000
0.000000
0.000000
0.000000
0.000000
0.000000
0.000000
0.000000
0.000000
0.000000
0.000000
0.000000
0.000000
0.000000
0.000000
0.000000
0.000000
0.000000
0.000000
0.000000
0.000000
0.000000
0.000000
0.000000
0.000000
0.000000
0.000000
0.000631
0.000631
0.000631
0.000631
0.000631
0.000631
0.000631
0.000631
0.000631
0.000631
0.000631
0.017460
0.017460
0.017460
0.017460
0.017460
0.034300
0.034300
0.034300
0.034300
0.034300
0.034300
0.034300
0.034300
0.034300
0.034300
0.034300
0.034300
0.034300
0.034300
0.034300
0.034300
0.034300
0.034300
0.051130
0.051130
0.051130
0.051130
0.051130
0.051130
0.051130
0.051130
0.051130
0.051130
0.051130
0.051130
0.051130
0.067970
0.067970
0.067970
0.067970
0.067970
0.067970
0.067970
0.067970
0.067970
0.067970
0.067970
0.067970
0.067970
0.067970
0.067970
0.067970
0.067970
0.067970
0.067970
0.084800
0.084800
0.084800
0.084800
0.084800
0.084800
0.084800
0.084800
0.084800
0.084800
0.084800
0.084800
0.084800
0.084800
0.084800
0.084800
0.084800
0.084800
0.101600
0.101600
0.101600
0.101600
0.101600
0.101600
0.101600
0.101600
0.101600
0.118500
0.118500
0.118500
0.118500
0.118500
0.118500
0.118500
0.118500
0.118500
0.118500
0.118500
0.118500
0.118500
0.135300
0.135300
0.135300
0.135300
0.135300
0.135300
0.135300
0.135300
0.135300
0.135300
0.135300
0.135300
0.135300
0.152100
0.152100
0.152100
0.152100
0.152100
0.152100
0.152100
0.152100
0.152100
0.169000
0.169000
0.169000
0.169000
0.169000
0.169000
0.169000
0.169000
0.169000
0.185800
0.185800
0.185800
0.185800
0.185800
0.185800
0.185800
0.185800
0.185800
0.202600
0.202600
0.202600
0.202600
0.202600
0.219500
0.219500
0.219500
0.219500
0.219500
0.219500
0.219500
0.219500
0.219500
0.219500
0.219500
0.236300
0.236300
0.236300
0.236300
0.236300
0.236300
0.236300
0.236300
0.236300
0.236300
0.253100
0.253100
0.253100
0.253100
0.253100
0.253100
0.253100
0.270000
0.270000
0.270000
0.270000
0.270000
0.270000
0.270000
0.270000
0.270000
0.270000
0.270000
0.286800
0.286800
0.286800
0.286800
0.286800
0.286800
0.286800
0.286800
0.286800
0.303600
0.303600
0.303600
0.303600
0.303600
0.303600
0.303600
0.303600
0.320500
0.320500
0.320500
0.320500
0.320500
0.320500
0.320500
0.320500
0.320500
0.320500
0.320500
0.337300
0.337300
0.337300
0.337300
0.337300
0.337300
0.337300
0.337300
0.337300
0.337300
0.337300
0.337300
0.337300
0.354100
0.354100
0.354100
0.354100
0.354100
0.354100
0.354100
0.354100
0.354100
0.354100
0.354100
0.354100
0.371000
0.371000
0.371000
0.371000
0.371000
0.371000
0.371000
0.387800
0.387800
0.387800
0.387800
0.387800
0.387800
0.387800
0.387800
0.387800
0.387800
0.387800
0.404600
0.404600
0.404600
0.404600
0.404600
0.404600
0.404600
0.404600
0.404600
0.404600
0.404600
0.421500
0.421500
0.421500
0.421500
0.421500
0.421500
0.421500
0.421500
0.421500
0.421500
0.438300
0.438300
0.438300
0.438300
0.438300
0.438300
0.438300
0.438300
0.438300
0.438300
0.438300
0.438300
0.455100
0.455100
0.455100
0.455100
0.455100
0.455100
0.455100
0.455100
0.455100
0.455100
0.455100
0.455100
0.472000
0.472000
0.472000
0.472000
0.472000
0.472000
0.472000
0.472000
0.472000
0.472000
0.472000
0.472000
0.472000
0.472000
0.488800
0.488800
0.488800
0.488800
0.488800
0.488800
0.488800
0.488800
0.488800
0.488800
0.505600
0.505600
0.505600
0.505600
0.505600
0.505600
0.505600
0.505600
0.505600
0.505600
0.505600
0.522500
0.522500
0.522500
0.522500
0.522500
0.522500
0.522500
0.522500
0.522500
0.539300
0.539300
0.539300
0.539300
0.539300
0.539300
0.539300
0.539300
0.539300
0.539300
0.539300
0.539300
0.556100
0.556100
0.556100
0.556100
0.556100
0.556100
0.556100
0.556100
0.556100
0.556100
0.556100
0.556100
0.573000
0.573000
0.573000
0.573000
0.573000
0.573000
0.573000
0.573000
0.573000
0.589800
0.589800
0.589800
0.589800
0.589800
0.589800
0.589800
0.589800
0.589800
0.606600
0.606600
0.606600
0.606600
0.606600
0.606600
0.606600
0.606600
0.606600
0.606600
0.606600
0.606600
0.606600
0.623500
0.623500
0.623500
0.623500
0.623500
0.623500
0.623500
0.623500
0.623500
0.640300
0.640300
0.640300
0.640300
0.657100
0.657100
0.657100
0.657100
0.657100
0.657100
0.657100
0.657100
0.657100
0.657100
0.657100
0.657100
0.657100
0.674000
0.674000
0.674000
0.674000
0.674000
0.674000
0.674000
0.674000
0.674000
0.690800
0.690800
0.690800
0.690800
0.690800
0.690800
0.690800
0.707600
0.707600
0.707600
0.707600
0.707600
0.707600
0.707600
0.707600
0.707600
0.707600
0.707600
0.707600
0.724500
0.724500
0.724500
0.724500
0.724500
0.724500
0.724500
0.724500
0.724500
0.724500
0.724500
0.724500
0.741300
0.741300
0.741300
0.741300
0.741300
0.741300
0.741300
0.741300
0.741300
0.741300
0.758100
0.758100
0.758100
0.758100
0.758100
0.758100
1.029000
1.029000
1.029000
1.029000
1.029000
1.299000
1.299000
1.299000
1.299000
1.299000
1.299000
1.299000
1.299000
1.570000
1.570000
1.570000
1.570000
1.570000
1.570000
1.570000
1.570000
1.570000
1.570000
1.570000
1.841000
1.841000
1.841000
1.841000
1.841000
1.841000
1.841000
1.841000
1.841000
1.841000
2.111000
2.111000
2.111000
2.111000
2.111000
2.111000
2.111000
2.111000
2.382000
2.382000
2.382000
2.382000
2.382000
2.382000
2.382000
2.382000
2.382000
2.382000
2.382000
2.382000
2.382000
2.382000
2.382000
2.652000
2.652000
2.652000
2.652000
2.652000
2.652000
2.652000
2.652000
2.652000
2.652000
2.652000
2.923000
2.923000
2.923000
2.923000
2.923000
2.923000
2.923000
2.923000
2.923000
2.923000
2.923000
3.193000
3.193000
3.193000
3.193000
3.193000
3.193000
3.193000
3.193000
3.464000
3.464000
3.464000
3.464000
3.464000
3.464000
3.464000
3.464000
3.464000
3.464000
3.464000
3.735000
3.735000
3.735000
3.735000
3.735000
3.735000
3.735000
3.735000
4.005000
4.005000
4.005000
4.005000
4.005000
4.005000
4.005000
4.005000
4.005000
4.005000
4.276000
4.276000
4.276000
4.276000
4.276000
4.276000
4.276000
4.546000
4.546000
4.546000
4.546000
4.546000
4.546000
4.546000
4.546000
4.546000
4.817000
4.817000
4.817000
4.817000
4.817000
4.817000
4.817000
5.088000
5.088000
5.088000
5.088000
5.088000
5.088000
5.088000
5.088000
5.088000
5.088000
5.358000
5.358000
5.358000
5.358000
5.358000
5.358000
5.358000
5.358000
5.629000
5.629000
5.629000
5.629000
5.629000
5.629000
5.629000
5.629000
5.629000
5.629000
5.629000
5.629000
5.629000
5.629000
5.629000
5.899000
5.899000
5.899000
5.899000
5.899000
5.899000
6.170000
6.170000
6.170000
6.170000
6.170000
6.170000
6.170000
6.170000
6.441000
6.441000
6.441000
6.441000
6.441000
6.441000
6.441000
6.441000
6.441000
6.711000
6.711000
6.711000
6.711000
6.711000
6.711000
6.711000
6.711000
6.711000
6.711000
6.982000
6.982000
6.982000
6.982000
6.982000
6.982000
6.982000
6.982000
7.252000
7.252000
7.252000
7.252000
7.252000
7.252000
7.252000
7.252000
7.523000
7.523000
7.523000
7.523000
7.523000
7.523000
7.523000
7.523000
7.523000
7.523000
7.794000
7.794000
7.794000
7.794000
7.794000
7.794000
7.794000
7.794000
7.794000
8.064000
8.064000
8.064000
8.064000
8.064000
8.064000
8.064000
8.064000
8.064000
8.064000
8.064000
8.064000
8.064000
8.335000
8.335000
8.335000
8.335000
8.335000
8.335000
8.335000
8.335000
8.335000
8.335000
8.335000
8.605000
8.605000
8.605000
8.605000
8.605000
8.605000
8.605000
8.605000
8.605000
8.605000
8.605000
8.605000
8.876000
8.876000
8.876000
8.876000
8.876000
8.876000
8.876000
8.876000
8.876000
8.876000
9.146000
9.146000
9.146000
9.146000
9.146000
9.146000
9.146000
9.146000
9.146000
9.146000
9.146000
9.417000
9.417000
9.417000
9.417000
9.417000
9.417000
9.417000
9.417000
9.417000
9.417000
9.417000
9.688000
9.688000
9.688000
9.688000
9.688000
9.688000
9.688000
9.688000
9.688000
9.688000
9.688000
9.958000
9.958000
9.958000
9.958000
9.958000
9.958000
9.958000
9.958000
9.958000
9.958000
10.230000
10.230000
10.230000
10.230000
10.230000
10.230000
10.230000
10.230000
10.230000
10.230000
10.230000
10.500000
10.500000
10.500000
10.500000
10.500000
10.500000
10.500000
10.500000
10.500000
10.500000
10.770000
10.770000
10.770000
10.770000
10.770000
10.770000
10.770000
11.040000
11.040000
11.040000
11.040000
11.040000
11.040000
11.040000
11.040000
11.040000
11.040000
11.040000
11.310000
11.310000
11.310000
11.310000
11.310000
11.310000
11.310000
11.310000
11.310000
11.310000
11.310000
11.580000
11.580000
11.580000
11.580000
11.580000
11.580000
11.580000
11.580000
11.580000
11.580000
11.850000
11.850000
11.850000
11.850000
11.850000
11.850000
11.850000
11.850000
12.120000
12.120000
12.120000
12.120000
12.120000
12.120000
12.120000
12.120000
12.120000
12.120000
12.390000
12.390000
12.390000
12.390000
12.390000
12.390000
12.390000
12.390000
12.390000
12.660000
12.660000
12.660000
12.660000
12.660000
12.660000
12.660000
12.660000
12.930000
12.930000
12.930000
12.930000
12.930000
12.930000
12.930000
12.930000
12.930000
12.930000
12.930000
12.930000
16.440001
16.440001
16.440001
16.440001
16.440001
16.440001
16.440001
16.440001
16.440001
16.440001
16.440001
16.440001
19.940001
19.940001
19.940001
19.940001
19.940001
19.940001
23.440001
23.440001
23.440001
23.440001
23.440001
23.440001
23.440001
26.940001
26.940001
26.940001
26.940001
26.940001
26.940001
26.940001
26.940001
26.940001
29.559999
29.559999
29.559999
29.559999
29.559999
29.559999
