0.000000
0.000000
0.000000
0.000000
0.000000
0.000000
0.000000
0.000000
0.000000
0.000000
0.000000
0.000000
0.000000
0.000000
0.000000
0.000000
0.000000
0.000000
0.000000
0.000000
0.000000
0.000000
0.000000
0.000000
0.000000
0.000000
0.000000
0.000000
0.000000
0.000000
0.000000
0.000000
0.000000
0.000000
0.000000
0.000000
0.000000
0.000000
0.000000
0.000000
0.000000
0.000000
0.000000
0.000000
0.000000
0.000000
0.000000
0.000000
0.000000
0.139600
0.139600
0.139600
0.139600
0.139600
0.139600
0.139600
0.139600
0.139600
0.139600
0.139600
0.139600
0.139600
0.139600
0.139600
0.257200
0.257200
0.257200
0.257200
0.257200
0.257200
0.257200
0.257200
0.257200
0.374800
0.374800
0.374800
0.374800
0.374800
0.374800
0.374800
0.374800
0.374800
0.374800
0.492500
0.492500
0.492500
0.492500
0.492500
0.492500
0.492500
0.492500
0.492500
0.492500
0.492500
0.610100
0.610100
0.610100
0.610100
0.610100
0.610100
0.610100
0.610100
0.610100
0.610100
0.610100
0.610100
0.727700
0.727700
0.727700
0.727700
0.727700
0.727700
0.727700
0.727700
0.727700
0.727700
0.845300
0.845300
0.845300
0.845300
0.845300
0.845300
0.845300
0.845300
0.845300
0.845300
0.845300
0.962900
0.962900
0.962900
0.962900
0.962900
0.962900
0.962900
0.962900
0.962900
0.962900
1.080000
1.080000
1.080000
1.080000
1.080000
1.080000
1.080000
1.080000
1.198000
1.198000
1.198000
1.198000
1.198000
1.198000
1.198000
1.198000
1.198000
1.316000
1.316000
1.316000
1.316000
1.316000
1.316000
1.433000
1.433000
1.433000
1.433000
1.433000
1.433000
1.433000
1.433000
1.433000
1.433000
1.433000
1.433000
1.433000
1.433000
1.551000
1.551000
1.551000
1.551000
1.551000
1.551000
1.551000
1.668000
1.668000
1.668000
1.668000
1.668000
1.668000
1.668000
1.668000
1.668000
1.668000
1.668000
1.668000
1.786000
1.786000
1.786000
1.786000
1.786000
1.786000
1.786000
1.786000
1.786000
1.786000
1.786000
1.904000
1.904000
1.904000
1.904000
1.904000
1.904000
1.904000
1.904000
1.904000
1.904000
1.904000
1.904000
2.021000
2.021000
2.021000
2.021000
2.021000
2.021000
2.021000
2.021000
2.139000
2.139000
2.139000
2.139000
2.139000
2.139000
2.257000
2.257000
2.257000
2.257000
2.257000
2.257000
2.257000
2.257000
2.257000
2.257000
2.257000
2.257000
2.374000
2.374000
2.374000
2.374000
2.374000
2.374000
2.374000
2.374000
2.374000
2.374000
2.492000
2.492000
2.492000
2.492000
2.492000
2.492000
2.492000
2.492000
2.492000
2.609000
2.609000
2.609000
2.609000
2.609000
2.609000
2.727000
2.727000
2.727000
2.727000
2.727000
2.727000
2.727000
2.727000
2.845000
2.845000
2.845000
2.845000
2.845000
2.845000
2.845000
2.845000
2.845000
2.845000
2.845000
2.845000
2.845000
2.845000
2.845000
2.845000
2.962000
2.962000
2.962000
2.962000
2.962000
2.962000
2.962000
2.962000
2.962000
3.080000
3.080000
3.080000
3.080000
3.080000
3.080000
3.080000
3.080000
3.080000
3.080000
3.080000
3.197000
3.197000
3.197000
3.197000
3.197000
3.197000
3.197000
3.197000
3.197000
3.197000
3.315000
3.315000
3.315000
3.315000
3.315000
3.315000
3.315000
3.315000
3.315000
3.315000
3.315000
3.315000
3.315000
3.315000
3.315000
3.433000
3.433000
3.433000
3.433000
3.433000
3.433000
3.433000
3.433000
3.433000
3.433000
3.550000
3.550000
3.550000
3.550000
3.550000
3.550000
3.550000
3.550000
3.550000
3.550000
3.550000
3.668000
3.668000
3.668000
3.668000
3.668000
3.668000
3.668000
3.668000
3.668000
3.785000
3.785000
3.785000
3.785000
3.785000
3.785000
3.785000
3.785000
3.785000
3.785000
3.903000
3.903000
3.903000
3.903000
3.903000
3.903000
3.903000
3.903000
3.903000
4.021000
4.021000
4.021000
4.021000
4.021000
4.138000
4.138000
4.138000
4.138000
4.138000
4.138000
4.138000
4.138000
4.138000
4.138000
4.138000
4.138000
4.138000
4.138000
4.138000
4.138000
4.138000
4.256000
4.256000
4.256000
4.256000
4.256000
4.256000
4.256000
4.373000
4.373000
4.373000
4.373000
4.373000
4.373000
4.373000
4.373000
4.373000
4.373000
4.373000
4.491000
4.491000
4.491000
4.491000
4.609000
4.609000
4.609000
4.609000
4.609000
4.609000
4.609000
4.609000
4.609000
4.609000
4.726000
4.726000
4.726000
4.726000
4.726000
4.726000
4.726000
4.726000
4.726000
4.726000
4.726000
4.726000
4.726000
4.726000
4.726000
4.844000
4.844000
4.844000
4.844000
4.844000
4.844000
4.844000
4.844000
4.844000
4.844000
4.961000
4.961000
4.961000
4.961000
4.961000
4.961000
4.961000
4.961000
4.961000
4.961000
4.961000
4.961000
4.961000
4.961000
5.079000
5.079000
5.079000
5.079000
5.079000
5.197000
5.197000
5.197000
5.197000
5.197000
5.197000
5.197000
5.197000
5.197000
5.197000
5.197000
5.197000
5.314000
5.314000
5.314000
5.314000
5.314000
5.314000
5.314000
5.314000
5.314000
5.314000
5.314000
5.314000
5.314000
5.314000
5.432000
5.432000
5.432000
5.432000
5.432000
5.959000
5.959000
5.959000
5.959000
5.959000
5.959000
6.486000
6.486000
6.486000
6.486000
6.486000
6.486000
6.486000
6.486000
6.486000
6.486000
6.486000
6.486000
6.486000
6.486000
7.014000
7.014000
7.014000
7.014000
7.541000
7.541000
7.541000
7.541000
7.541000
7.541000
8.068000
8.068000
8.068000
8.068000
8.068000
8.068000
8.068000
8.068000
8.068000
8.595000
8.595000
8.595000
8.595000
8.595000
8.595000
8.595000
8.595000
9.123000
9.123000
9.123000
9.123000
9.123000
9.123000
9.123000
9.123000
9.123000
9.123000
9.123000
9.650000
9.650000
9.650000
9.650000
9.650000
9.650000
9.650000
10.180000
10.180000
10.180000
10.180000
10.180000
10.180000
10.180000
10.180000
10.180000
10.180000
10.180000
10.180000
10.180000
10.700000
10.700000
10.700000
10.700000
10.700000
10.700000
11.230000
11.230000
11.230000
11.230000
11.230000
11.230000
11.230000
11.230000
11.230000
11.230000
11.760000
11.760000
11.760000
11.760000
11.760000
11.760000
11.760000
12.290000
12.290000
12.290000
12.290000
12.290000
12.290000
12.290000
12.290000
12.290000
12.290000
12.810000
12.810000
12.810000
12.810000
12.810000
12.810000
12.810000
12.810000
12.810000
12.810000
13.340000
13.340000
13.340000
13.340000
13.340000
13.340000
13.340000
13.340000
13.340000
13.340000
13.340000
13.340000
13.340000
13.870000
13.870000
13.870000
13.870000
13.870000
13.870000
13.870000
13.870000
14.400000
14.400000
14.400000
14.400000
14.400000
14.400000
14.400000
14.400000
14.400000
14.400000
14.400000
14.400000
14.920000
14.920000
14.920000
14.920000
15.450000
15.450000
15.450000
15.450000
15.450000
15.450000
15.450000
15.450000
15.450000
15.450000
15.450000
15.450000
15.980000
15.980000
15.980000
15.980000
15.980000
15.980000
15.980000
15.980000
15.980000
15.980000
15.980000
15.980000
15.980000
16.500000
16.500000
16.500000
16.500000
16.500000
16.500000
16.500000
16.500000
16.500000
16.500000
17.030001
17.030001
17.030001
17.030001
17.030001
17.030001
17.030001
17.030001
17.030001
17.030001
17.030001
17.030001
17.030001
17.030001
17.030001
17.030001
17.030001
17.559999
17.559999
17.559999
17.559999
17.559999
17.559999
17.559999
17.559999
17.559999
17.559999
17.559999
18.090000
18.090000
18.090000
18.090000
18.090000
18.090000
18.090000
18.090000
18.090000
18.090000
18.090000
18.090000
18.090000
18.090000
18.090000
18.610001
18.610001
18.610001
18.610001
18.610001
18.610001
18.610001
18.610001
18.610001
18.610001
19.139999
19.139999
19.139999
19.139999
19.139999
19.139999
19.139999
19.139999
19.670000
19.670000
19.670000
19.670000
19.670000
19.670000
19.670000
19.670000
19.670000
19.670000
19.670000
19.670000
20.190001
20.190001
20.190001
20.190001
20.190001
20.190001
20.190001
20.190001
20.190001
20.190001
20.190001
20.190001
20.719999
20.719999
20.719999
20.719999
20.719999
20.719999
20.719999
20.719999
20.719999
20.719999
20.719999
20.719999
21.250000
21.250000
21.250000
21.250000
21.250000
21.250000
21.250000
21.250000
21.780001
21.780001
21.780001
21.780001
21.780001
21.780001
21.780001
21.780001
21.780001
21.780001
22.299999
22.299999
22.299999
22.299999
22.299999
22.299999
22.299999
22.299999
22.299999
22.299999
22.830000
22.830000
22.830000
22.830000
23.360001
23.360001
23.360001
23.360001
23.360001
23.360001
23.360001
23.360001
23.360001
23.360001
23.889999
23.889999
23.889999
23.889999
23.889999
23.889999
23.889999
23.889999
23.889999
24.410000
24.410000
24.410000
24.410000
24.410000
24.410000
24.940001
24.940001
24.940001
24.940001
24.940001
24.940001
24.940001
24.940001
24.940001
24.940001
24.940001
24.940001
24.940001
24.940001
25.469999
25.469999
25.469999
25.469999
25.469999
25.469999
25.469999
25.469999
25.469999
25.990000
25.990000
25.990000
25.990000
25.990000
25.990000
25.990000
25.990000
25.990000
25.990000
26.520000
26.520000
26.520000
26.520000
26.520000
26.520000
26.520000
26.520000
26.520000
26.520000
26.520000
26.520000
26.520000
26.520000
26.520000
26.520000
27.049999
27.049999
27.049999
27.049999
27.049999
27.049999
27.049999
27.049999
27.049999
27.580000
27.580000
27.580000
27.580000
27.580000
27.580000
27.580000
27.580000
27.580000
27.580000
27.580000
28.100000
28.100000
28.100000
28.100000
28.100000
28.629999
28.629999
28.629999
28.629999
28.629999
28.629999
28.629999
28.629999
29.160000
29.160000
29.160000
29.160000
29.160000
29.160000
29.160000
29.160000
32.650002
32.650002
32.650002
32.650002
32.650002
32.650002
32.650002
32.650002
32.650002
36.139999
36.139999
36.139999
36.139999
36.139999
36.139999
36.139999
39.619999
39.619999
39.619999
39.619999
39.619999
39.619999
39.619999
39.619999
39.619999
39.619999
39.619999
39.619999
39.619999
43.110001
43.110001
43.110001
43.110001
43.110001
43.110001
43.110001
43.110001
43.110001
45.730000
45.730000
45.730000
45.730000
45.730000
45.730000
45.730000
45.730000
45.730000
45.730000
45.730000
