0.000000
0.000000
0.000000
0.000000
0.000000
0.000000
0.000000
0.000000
0.000000
0.000000
0.000000
0.000000
0.000000
0.000000
0.000000
0.000000
0.000000
0.000000
0.000000
0.000000
0.000000
0.000000
0.000000
0.000000
0.000000
0.000000
0.000000
0.000000
0.000000
0.000000
0.000000
0.000000
0.000000
0.000000
0.000000
0.000000
0.000000
0.000000
0.000000
0.000000
0.000000
0.000000
0.000000
0.000000
0.000000
0.000000
0.000000
0.000000
0.000000
0.000000
0.000000
0.101400
0.101400
0.101400
0.101400
0.101400
0.101400
0.101400
0.101400
0.101400
0.101400
0.101400
0.101400
0.101400
0.101400
0.101400
0.101400
0.101400
0.101400
0.101400
0.191100
0.191100
0.191100
0.191100
0.191100
0.191100
0.191100
0.191100
0.191100
0.280900
0.280900
0.280900
0.280900
0.280900
0.280900
0.280900
0.280900
0.280900
0.280900
0.370600
0.370600
0.370600
0.370600
0.370600
0.370600
0.460300
0.460300
0.460300
0.460300
0.460300
0.460300
0.460300
0.460300
0.460300
0.460300
0.460300
0.550000
0.550000
0.550000
0.550000
0.550000
0.550000
0.550000
0.550000
0.550000
0.639700
0.639700
0.639700
0.639700
0.639700
0.639700
0.639700
0.639700
0.729500
0.729500
0.729500
0.729500
0.729500
0.729500
0.729500
0.729500
0.729500
0.729500
0.819200
0.819200
0.819200
0.819200
0.819200
0.819200
0.819200
0.819200
0.819200
0.819200
0.819200
0.908900
0.908900
0.908900
0.908900
0.908900
0.908900
0.908900
0.908900
0.908900
0.998600
0.998600
0.998600
0.998600
0.998600
0.998600
0.998600
0.998600
0.998600
0.998600
1.088000
1.088000
1.088000
1.088000
1.088000
1.088000
1.088000
1.088000
1.088000
1.088000
1.088000
1.178000
1.178000
1.178000
1.178000
1.178000
1.178000
1.178000
1.178000
1.178000
1.268000
1.268000
1.268000
1.268000
1.268000
1.268000
1.268000
1.268000
1.268000
1.268000
1.268000
1.268000
1.357000
1.357000
1.357000
1.357000
1.357000
1.357000
1.357000
1.357000
1.357000
1.447000
1.447000
1.447000
1.447000
1.447000
1.447000
1.537000
1.537000
1.537000
1.537000
1.537000
1.537000
1.537000
1.537000
1.537000
1.627000
1.627000
1.627000
1.627000
1.627000
1.627000
1.627000
1.627000
1.716000
1.716000
1.716000
1.716000
1.716000
1.716000
1.716000
1.716000
1.716000
1.806000
1.806000
1.806000
1.806000
1.806000
1.806000
1.806000
1.806000
1.806000
1.806000
1.806000
1.896000
1.896000
1.896000
1.896000
1.896000
1.986000
1.986000
1.986000
1.986000
1.986000
1.986000
1.986000
1.986000
1.986000
1.986000
1.986000
2.075000
2.075000
2.075000
2.075000
2.075000
2.075000
2.075000
2.075000
2.075000
2.165000
2.165000
2.165000
2.165000
2.165000
2.165000
2.165000
2.165000
2.165000
2.165000
2.255000
2.255000
2.255000
2.255000
2.255000
2.255000
2.255000
2.255000
2.255000
2.344000
2.344000
2.344000
2.344000
2.344000
2.344000
2.344000
2.344000
2.434000
2.434000
2.434000
2.434000
2.434000
2.434000
2.434000
2.434000
2.524000
2.524000
2.524000
2.524000
2.524000
2.524000
2.614000
2.614000
2.614000
2.614000
2.614000
2.614000
2.703000
2.703000
2.703000
2.703000
2.703000
2.703000
2.703000
2.703000
2.703000
2.703000
2.703000
2.793000
2.793000
2.793000
2.793000
2.793000
2.793000
2.793000
2.883000
2.883000
2.883000
2.883000
2.883000
2.883000
2.883000
2.883000
2.883000
2.883000
2.883000
2.883000
2.883000
2.883000
2.883000
2.972000
2.972000
2.972000
2.972000
2.972000
2.972000
2.972000
2.972000
3.062000
3.062000
3.062000
3.062000
3.062000
3.062000
3.062000
3.062000
3.062000
3.152000
3.152000
3.152000
3.152000
3.152000
3.152000
3.152000
3.152000
3.152000
3.152000
3.152000
3.152000
3.152000
3.242000
3.242000
3.242000
3.242000
3.242000
3.242000
3.242000
3.242000
3.242000
3.331000
3.331000
3.331000
3.331000
3.331000
3.331000
3.331000
3.331000
3.331000
3.421000
3.421000
3.421000
3.421000
3.421000
3.421000
3.421000
3.421000
3.421000
3.511000
3.511000
3.511000
3.511000
3.511000
3.511000
3.511000
3.511000
3.600000
3.600000
3.600000
3.600000
3.600000
3.600000
3.690000
3.690000
3.690000
3.690000
3.690000
3.690000
3.690000
3.690000
3.690000
3.780000
3.780000
3.780000
3.780000
3.780000
3.780000
3.780000
3.780000
3.780000
3.780000
3.870000
3.870000
3.870000
3.870000
3.870000
3.870000
3.870000
3.870000
3.870000
3.959000
3.959000
3.959000
3.959000
3.959000
3.959000
3.959000
3.959000
3.959000
3.959000
3.959000
4.049000
4.049000
4.049000
4.049000
4.049000
4.049000
4.049000
4.049000
4.049000
4.049000
4.049000
4.049000
4.139000
4.139000
4.139000
4.139000
4.139000
4.139000
4.139000
4.139000
4.139000
4.139000
4.139000
4.492000
4.492000
4.492000
4.492000
4.492000
4.492000
4.846000
4.846000
4.846000
4.846000
4.846000
4.846000
4.846000
4.846000
4.846000
4.846000
4.846000
5.199000
5.199000
5.199000
5.199000
5.199000
5.199000
5.199000
5.199000
5.199000
5.553000
5.553000
5.553000
5.553000
5.553000
5.553000
5.907000
5.907000
5.907000
5.907000
5.907000
5.907000
5.907000
5.907000
5.907000
5.907000
5.907000
5.907000
6.260000
6.260000
6.260000
6.260000
6.260000
6.260000
6.260000
6.260000
6.614000
6.614000
6.614000
6.614000
6.614000
6.614000
6.614000
6.614000
6.967000
6.967000
6.967000
6.967000
6.967000
6.967000
6.967000
6.967000
6.967000
6.967000
6.967000
6.967000
6.967000
6.967000
7.321000
7.321000
7.321000
7.321000
7.321000
7.321000
7.321000
7.674000
7.674000
7.674000
7.674000
7.674000
7.674000
7.674000
7.674000
7.674000
8.028000
8.028000
8.028000
8.028000
8.028000
8.028000
8.028000
8.028000
8.028000
8.028000
8.028000
8.028000
8.028000
8.028000
8.028000
8.381000
8.381000
8.381000
8.381000
8.381000
8.381000
8.381000
8.381000
8.381000
8.381000
8.381000
8.381000
8.735000
8.735000
8.735000
8.735000
8.735000
8.735000
8.735000
8.735000
8.735000
8.735000
8.735000
9.089000
9.089000
9.089000
9.089000
9.089000
9.089000
9.089000
9.089000
9.089000
9.089000
9.089000
9.089000
9.442000
9.442000
9.442000
9.442000
9.442000
9.442000
9.442000
9.442000
9.442000
9.442000
9.442000
9.442000
9.442000
9.442000
9.442000
9.796000
9.796000
9.796000
9.796000
9.796000
9.796000
10.150000
10.150000
10.150000
10.150000
10.150000
10.150000
10.150000
10.150000
10.150000
10.150000
10.150000
10.150000
10.150000
10.150000
10.500000
10.500000
10.500000
10.500000
10.500000
10.500000
10.860000
10.860000
10.860000
10.860000
10.860000
10.860000
10.860000
10.860000
10.860000
10.860000
11.210000
11.210000
11.210000
11.210000
11.210000
11.210000
11.210000
11.560000
11.560000
11.560000
11.560000
11.560000
11.560000
11.560000
11.560000
11.560000
11.560000
11.560000
11.560000
11.920000
11.920000
11.920000
11.920000
11.920000
11.920000
11.920000
11.920000
11.920000
12.270000
12.270000
12.270000
12.270000
12.270000
12.270000
12.270000
12.270000
12.270000
12.270000
12.270000
12.270000
12.620000
12.620000
12.620000
12.620000
12.620000
12.620000
12.620000
12.620000
12.620000
12.620000
12.620000
12.620000
12.620000
12.980000
12.980000
12.980000
12.980000
12.980000
12.980000
12.980000
12.980000
12.980000
12.980000
12.980000
12.980000
13.330000
13.330000
13.330000
13.330000
13.330000
13.330000
13.330000
13.330000
13.330000
13.330000
13.680000
13.680000
13.680000
13.680000
13.680000
13.680000
13.680000
13.680000
13.680000
14.040000
14.040000
14.040000
14.040000
14.040000
14.040000
14.040000
14.040000
14.040000
14.040000
14.040000
14.390000
14.390000
14.390000
14.390000
14.390000
14.390000
14.390000
14.390000
14.390000
14.390000
14.750000
14.750000
14.750000
14.750000
14.750000
15.100000
15.100000
15.100000
15.100000
15.100000
15.100000
15.450000
15.450000
15.450000
15.450000
15.450000
15.450000
15.450000
15.450000
15.450000
15.450000
15.450000
15.450000
15.450000
15.450000
15.450000
15.810000
15.810000
15.810000
15.810000
15.810000
15.810000
15.810000
15.810000
15.810000
16.160000
16.160000
16.160000
16.160000
16.160000
16.160000
16.160000
16.160000
16.160000
16.160000
16.160000
16.160000
16.160000
16.510000
16.510000
16.510000
16.510000
16.510000
16.510000
16.510000
16.510000
16.510000
16.510000
16.510000
16.510000
16.510000
16.510000
16.510000
16.510000
16.510000
16.510000
16.510000
16.870001
16.870001
16.870001
16.870001
16.870001
16.870001
16.870001
16.870001
16.870001
16.870001
16.870001
16.870001
16.870001
16.870001
16.870001
16.870001
16.870001
17.219999
17.219999
17.219999
17.219999
17.219999
17.219999
17.219999
17.219999
17.219999
17.219999
17.570000
17.570000
17.570000
17.570000
17.570000
17.570000
17.570000
17.570000
17.930000
17.930000
17.930000
17.930000
17.930000
17.930000
17.930000
17.930000
18.280001
18.280001
18.280001
18.280001
18.280001
18.629999
18.629999
18.629999
18.629999
18.629999
18.629999
18.629999
18.990000
18.990000
18.990000
18.990000
18.990000
18.990000
18.990000
18.990000
18.990000
18.990000
18.990000
18.990000
18.990000
19.340000
19.340000
19.340000
19.340000
19.340000
19.340000
19.340000
19.340000
19.340000
19.340000
19.340000
19.700001
19.700001
19.700001
19.700001
19.700001
19.700001
19.700001
19.700001
19.700001
20.049999
20.049999
20.049999
20.049999
20.049999
20.049999
20.049999
20.049999
20.049999
20.049999
22.049999
22.049999
22.049999
22.049999
24.049999
24.049999
24.049999
24.049999
24.049999
24.049999
24.049999
24.049999
24.049999
24.049999
24.049999
24.049999
24.049999
24.049999
24.049999
24.049999
26.059999
26.059999
26.059999
26.059999
26.059999
26.059999
26.059999
26.059999
26.059999
26.059999
26.059999
26.059999
26.059999
26.059999
28.059999
28.059999
28.059999
28.059999
28.059999
28.059999
28.059999
28.059999
28.059999
28.059999
29.559999
29.559999
29.559999
29.559999
29.559999
29.559999
29.559999
29.559999
29.559999
29.559999
