0.000000
0.000000
0.000000
0.000000
0.000000
0.000000
0.000000
0.000000
0.000000
0.000000
0.000000
0.000000
0.000000
0.000000
0.000000
0.000000
0.000000
0.000000
0.000000
0.000000
0.000000
0.000000
0.000000
0.000000
0.000000
0.000000
0.000000
0.000000
0.000000
0.000000
0.000000
0.000000
0.000000
0.000000
0.000000
0.000000
0.000000
0.000000
0.000000
0.000000
0.000000
0.000000
0.000000
0.000000
0.000000
0.000000
0.000000
0.000000
0.000000
0.000000
0.000000
0.000000
0.000000
0.000000
0.000000
0.000000
0.000000
0.000000
0.000000
0.017430
0.017430
0.017430
0.017430
0.017430
0.017430
0.017430
0.017430
0.066590
0.066590
0.066590
0.066590
0.066590
0.066590
0.066590
0.115700
0.115700
0.115700
0.115700
0.115700
0.115700
0.115700
0.115700
0.115700
0.115700
0.164900
0.164900
0.164900
0.164900
0.164900
0.164900
0.164900
0.164900
0.214000
0.214000
0.214000
0.214000
0.214000
0.214000
0.214000
0.263200
0.263200
0.263200
0.263200
0.263200
0.263200
0.263200
0.263200
0.312300
0.312300
0.312300
0.312300
0.312300
0.312300
0.361500
0.361500
0.361500
0.361500
0.361500
0.361500
0.361500
0.410600
0.410600
0.410600
0.410600
0.410600
0.410600
0.410600
0.410600
0.410600
0.410600
0.410600
0.459800
0.459800
0.459800
0.459800
0.459800
0.459800
0.459800
0.459800
0.459800
0.459800
0.459800
0.459800
0.459800
0.459800
0.508900
0.508900
0.508900
0.508900
0.508900
0.508900
0.508900
0.508900
0.508900
0.508900
0.508900
0.508900
0.558100
0.558100
0.558100
0.558100
0.558100
0.558100
0.558100
0.558100
0.558100
0.607200
0.607200
0.607200
0.607200
0.607200
0.607200
0.607200
0.607200
0.607200
0.656400
0.656400
0.656400
0.656400
0.656400
0.656400
0.656400
0.656400
0.656400
0.656400
0.656400
0.656400
0.656400
0.656400
0.656400
0.656400
0.656400
0.656400
0.656400
0.705500
0.705500
0.705500
0.705500
0.705500
0.705500
0.705500
0.705500
0.705500
0.705500
0.705500
0.705500
0.705500
0.705500
0.705500
0.705500
0.705500
0.705500
0.705500
0.754700
0.754700
0.754700
0.754700
0.754700
0.754700
0.754700
0.754700
0.754700
0.754700
0.754700
0.754700
0.803900
0.803900
0.803900
0.803900
0.803900
0.803900
0.803900
0.853000
0.853000
0.853000
0.853000
0.853000
0.853000
0.853000
0.853000
0.902200
0.902200
0.902200
0.902200
0.902200
0.902200
0.902200
0.902200
0.951300
0.951300
0.951300
0.951300
0.951300
0.951300
1.000000
1.000000
1.000000
1.000000
1.000000
1.000000
1.000000
1.000000
1.000000
1.050000
1.050000
1.050000
1.050000
1.050000
1.050000
1.050000
1.050000
1.050000
1.050000
1.050000
1.050000
1.099000
1.099000
1.099000
1.099000
1.099000
1.099000
1.099000
1.148000
1.148000
1.148000
1.148000
1.148000
1.197000
1.197000
1.197000
1.197000
1.197000
1.197000
1.197000
1.197000
1.197000
1.197000
1.197000
1.246000
1.246000
1.246000
1.246000
1.246000
1.246000
1.246000
1.246000
1.246000
1.246000
1.246000
1.246000
1.246000
1.295000
1.295000
1.295000
1.295000
1.295000
1.295000
1.295000
1.295000
1.295000
1.295000
1.295000
1.295000
1.295000
1.295000
1.295000
1.295000
1.345000
1.345000
1.345000
1.345000
1.345000
1.345000
1.345000
1.345000
1.394000
1.394000
1.394000
1.394000
1.394000
1.394000
1.394000
1.443000
1.443000
1.443000
1.443000
1.443000
1.443000
1.443000
1.443000
1.443000
1.443000
1.492000
1.492000
1.492000
1.492000
1.492000
1.492000
1.492000
1.492000
1.492000
1.492000
1.492000
1.492000
1.541000
1.541000
1.541000
1.541000
1.541000
1.541000
1.541000
1.541000
1.541000
1.541000
1.541000
1.541000
1.541000
1.590000
1.590000
1.590000
1.590000
1.590000
1.590000
1.590000
1.590000
1.590000
1.590000
1.590000
1.590000
1.590000
1.590000
1.590000
1.590000
1.590000
1.590000
1.639000
1.639000
1.639000
1.639000
1.639000
1.639000
1.639000
1.639000
1.639000
1.639000
1.689000
1.689000
1.689000
1.689000
1.689000
1.689000
1.689000
1.689000
1.689000
1.689000
1.738000
1.738000
1.738000
1.738000
1.787000
1.787000
1.787000
1.787000
1.787000
1.787000
1.787000
1.787000
1.787000
1.787000
1.836000
1.836000
1.836000
1.836000
1.836000
1.836000
1.836000
1.836000
1.836000
1.836000
1.836000
1.836000
1.885000
1.885000
1.885000
1.885000
1.885000
1.885000
1.885000
1.885000
1.885000
1.885000
1.885000
1.885000
1.934000
1.934000
1.934000
1.934000
1.934000
1.934000
1.934000
1.934000
1.934000
1.934000
1.934000
1.934000
1.983000
1.983000
1.983000
1.983000
1.983000
1.983000
1.983000
1.983000
2.033000
2.033000
2.033000
2.033000
2.033000
2.033000
2.082000
2.082000
2.082000
2.082000
2.082000
2.082000
2.082000
2.082000
2.131000
2.131000
2.131000
2.131000
2.131000
2.131000
2.131000
2.131000
2.131000
2.131000
2.131000
2.180000
2.180000
2.180000
2.180000
2.180000
2.180000
2.180000
2.180000
2.180000
2.180000
2.229000
2.229000
2.229000
2.229000
2.229000
2.229000
2.229000
2.229000
2.229000
2.229000
2.229000
3.010000
3.010000
3.010000
3.010000
3.010000
3.010000
3.010000
3.010000
3.010000
3.010000
3.010000
3.791000
3.791000
3.791000
3.791000
3.791000
3.791000
4.572000
4.572000
4.572000
4.572000
4.572000
4.572000
4.572000
4.572000
5.352000
5.352000
5.352000
5.352000
5.352000
5.352000
6.133000
6.133000
6.133000
6.133000
6.133000
6.133000
6.133000
6.133000
6.133000
6.133000
6.914000
6.914000
6.914000
6.914000
6.914000
6.914000
6.914000
7.695000
7.695000
7.695000
7.695000
7.695000
7.695000
7.695000
7.695000
7.695000
7.695000
7.695000
7.695000
8.476000
8.476000
8.476000
8.476000
8.476000
8.476000
8.476000
8.476000
8.476000
8.476000
8.476000
9.257000
9.257000
9.257000
9.257000
9.257000
9.257000
9.257000
9.257000
9.257000
9.257000
10.040000
10.040000
10.040000
10.040000
10.820000
10.820000
10.820000
10.820000
10.820000
10.820000
10.820000
10.820000
10.820000
10.820000
10.820000
10.820000
10.820000
10.820000
10.820000
10.820000
10.820000
10.820000
10.820000
11.600000
11.600000
11.600000
11.600000
11.600000
11.600000
11.600000
11.600000
11.600000
11.600000
11.600000
12.380000
12.380000
12.380000
12.380000
12.380000
12.380000
12.380000
12.380000
12.380000
13.160000
13.160000
13.160000
13.160000
13.160000
13.160000
13.160000
13.160000
13.160000
13.160000
13.940000
13.940000
13.940000
13.940000
13.940000
13.940000
13.940000
13.940000
13.940000
13.940000
13.940000
13.940000
14.720000
14.720000
14.720000
14.720000
14.720000
14.720000
14.720000
15.500000
15.500000
15.500000
15.500000
15.500000
15.500000
15.500000
16.280001
16.280001
16.280001
16.280001
16.280001
16.280001
16.280001
16.280001
16.280001
17.059999
17.059999
17.059999
17.059999
17.059999
17.850000
17.850000
17.850000
17.850000
17.850000
17.850000
17.850000
17.850000
17.850000
17.850000
17.850000
17.850000
17.850000
18.629999
18.629999
18.629999
18.629999
18.629999
18.629999
18.629999
18.629999
18.629999
18.629999
18.629999
18.629999
19.410000
19.410000
19.410000
19.410000
19.410000
19.410000
19.410000
19.410000
19.410000
20.190001
20.190001
20.190001
20.190001
20.190001
20.190001
20.969999
20.969999
20.969999
20.969999
20.969999
20.969999
20.969999
20.969999
20.969999
20.969999
20.969999
20.969999
20.969999
20.969999
20.969999
20.969999
20.969999
20.969999
20.969999
21.750000
21.750000
21.750000
21.750000
21.750000
21.750000
21.750000
21.750000
21.750000
22.530001
22.530001
22.530001
22.530001
22.530001
22.530001
22.530001
22.530001
23.309999
23.309999
23.309999
23.309999
23.309999
23.309999
24.090000
24.090000
24.090000
24.090000
24.090000
24.090000
24.090000
24.870001
24.870001
24.870001
24.870001
24.870001
24.870001
24.870001
24.870001
25.650000
25.650000
25.650000
25.650000
25.650000
25.650000
25.650000
25.650000
25.650000
25.650000
25.650000
25.650000
25.650000
26.430000
26.430000
26.430000
26.430000
26.430000
26.430000
26.430000
26.430000
27.219999
27.219999
27.219999
27.219999
27.219999
27.219999
27.219999
27.219999
27.219999
27.219999
27.219999
27.219999
27.219999
27.219999
27.219999
27.219999
28.000000
28.000000
28.000000
28.000000
28.000000
28.000000
28.000000
28.000000
28.000000
28.000000
28.000000
28.000000
28.000000
28.000000
28.780001
28.780001
28.780001
28.780001
28.780001
28.780001
28.780001
28.780001
28.780001
28.780001
29.559999
29.559999
29.559999
29.559999
29.559999
29.559999
29.559999
29.559999
29.559999
29.559999
29.559999
29.559999
30.340000
30.340000
30.340000
30.340000
30.340000
30.340000
30.340000
30.340000
30.340000
30.340000
30.340000
30.340000
30.340000
31.120001
31.120001
31.120001
31.120001
31.120001
31.120001
31.120001
31.120001
31.120001
31.120001
31.120001
31.900000
31.900000
31.900000
31.900000
31.900000
31.900000
31.900000
31.900000
31.900000
31.900000
31.900000
31.900000
32.680000
32.680000
32.680000
32.680000
32.680000
32.680000
32.680000
32.680000
32.680000
32.680000
32.680000
33.459999
33.459999
33.459999
33.459999
33.459999
33.459999
34.240002
34.240002
34.240002
34.240002
34.240002
34.240002
34.240002
34.240002
34.240002
35.020000
35.020000
35.020000
35.020000
35.020000
35.020000
35.020000
35.020000
35.020000
35.020000
35.020000
35.020000
35.020000
35.020000
35.799999
35.799999
35.799999
35.799999
35.799999
35.799999
35.799999
35.799999
36.580002
36.580002
36.580002
36.580002
36.580002
36.580002
36.580002
36.580002
36.580002
37.369999
37.369999
37.369999
49.419998
49.419998
49.419998
49.419998
49.419998
49.419998
49.419998
49.419998
49.419998
49.419998
61.459999
61.459999
61.459999
61.459999
61.459999
61.459999
73.510002
73.510002
73.510002
73.510002
73.510002
73.510002
73.510002
73.510002
73.510002
73.510002
73.510002
73.510002
85.559998
85.559998
85.559998
85.559998
85.559998
85.559998
85.559998
85.559998
85.559998
85.559998
94.599998
94.599998
94.599998
