0.000000
0.000000
0.000000
0.000000
0.000000
0.000000
0.000000
0.000000
0.000000
0.000000
0.000000
0.000000
0.000000
0.000000
0.000000
0.000000
0.000000
0.000000
0.000000
0.000000
0.000000
0.000000
0.000000
0.000000
0.000000
0.000000
0.000000
0.000000
0.000000
0.000000
0.000000
0.000000
0.000000
0.000000
0.000000
0.000000
0.000000
0.000000
0.576900
0.576900
0.576900
0.576900
0.576900
0.576900
0.576900
0.576900
0.576900
0.576900
0.576900
0.576900
0.576900
0.576900
0.576900
0.576900
0.909500
0.909500
0.909500
0.909500
0.909500
0.909500
0.909500
0.909500
0.909500
0.909500
0.909500
1.242000
1.242000
1.242000
1.242000
1.242000
1.242000
1.242000
1.575000
1.575000
1.575000
1.575000
1.575000
1.575000
1.575000
1.575000
1.575000
1.907000
1.907000
1.907000
1.907000
1.907000
1.907000
1.907000
1.907000
1.907000
2.240000
2.240000
2.240000
2.240000
2.240000
2.240000
2.573000
2.573000
2.573000
2.573000
2.573000
2.573000
2.573000
2.573000
2.573000
2.573000
2.573000
2.573000
2.573000
2.573000
2.573000
2.905000
2.905000
2.905000
2.905000
2.905000
2.905000
2.905000
2.905000
2.905000
2.905000
3.238000
3.238000
3.238000
3.238000
3.238000
3.238000
3.238000
3.238000
3.238000
3.238000
3.238000
3.238000
3.238000
3.238000
3.571000
3.571000
3.571000
3.571000
3.571000
3.571000
3.903000
3.903000
3.903000
3.903000
3.903000
3.903000
3.903000
3.903000
3.903000
3.903000
3.903000
4.236000
4.236000
4.236000
4.236000
4.236000
4.236000
4.236000
4.236000
4.236000
4.236000
4.568000
4.568000
4.568000
4.568000
4.568000
4.568000
4.568000
4.568000
4.568000
4.568000
4.568000
4.568000
4.568000
4.568000
4.568000
4.901000
4.901000
4.901000
4.901000
4.901000
4.901000
4.901000
4.901000
4.901000
4.901000
4.901000
4.901000
4.901000
5.234000
5.234000
5.234000
5.234000
5.234000
5.234000
5.566000
5.566000
5.566000
5.566000
5.566000
5.566000
5.566000
5.566000
5.566000
5.566000
5.566000
5.566000
5.566000
5.566000
5.566000
5.566000
5.566000
5.899000
5.899000
5.899000
5.899000
5.899000
5.899000
5.899000
5.899000
5.899000
5.899000
5.899000
5.899000
5.899000
5.899000
5.899000
6.231000
6.231000
6.231000
6.231000
6.231000
6.231000
6.231000
6.231000
6.231000
6.231000
6.231000
6.231000
6.231000
6.231000
6.564000
6.564000
6.564000
6.564000
6.564000
6.564000
6.564000
6.564000
6.564000
6.564000
6.564000
6.897000
6.897000
6.897000
6.897000
6.897000
6.897000
6.897000
6.897000
6.897000
6.897000
6.897000
6.897000
6.897000
7.229000
7.229000
7.229000
7.229000
7.229000
7.229000
7.229000
7.229000
7.229000
7.562000
7.562000
7.562000
7.562000
7.562000
7.562000
7.562000
7.562000
7.562000
7.562000
7.895000
7.895000
7.895000
7.895000
7.895000
7.895000
7.895000
7.895000
7.895000
7.895000
7.895000
7.895000
7.895000
7.895000
7.895000
8.227000
8.227000
8.227000
8.227000
8.227000
8.227000
8.227000
8.227000
8.227000
8.227000
8.227000
8.227000
8.227000
8.227000
8.227000
8.227000
8.227000
8.227000
8.227000
8.227000
8.227000
8.560000
8.560000
8.560000
8.560000
8.560000
8.560000
8.560000
8.560000
8.560000
8.560000
8.560000
8.560000
8.560000
8.892000
8.892000
8.892000
8.892000
8.892000
8.892000
8.892000
8.892000
8.892000
9.225000
9.225000
9.225000
9.225000
9.225000
9.225000
9.225000
9.225000
9.558000
9.558000
9.558000
9.558000
9.558000
9.558000
9.558000
9.558000
9.558000
9.558000
9.558000
9.558000
9.558000
9.558000
9.558000
9.558000
9.558000
9.558000
9.890000
9.890000
9.890000
9.890000
9.890000
9.890000
9.890000
9.890000
9.890000
9.890000
9.890000
9.890000
9.890000
10.220000
10.220000
10.220000
10.220000
10.220000
10.220000
10.220000
10.220000
10.560000
10.560000
10.560000
10.560000
10.560000
10.560000
10.560000
10.560000
10.890000
10.890000
10.890000
10.890000
10.890000
10.890000
10.890000
10.890000
10.890000
10.890000
10.890000
11.220000
11.220000
11.220000
11.220000
11.220000
11.220000
11.220000
11.220000
11.220000
11.220000
11.220000
11.220000
11.220000
11.550000
11.550000
11.550000
11.550000
11.550000
11.550000
11.890000
11.890000
11.890000
11.890000
11.890000
11.890000
12.220000
12.220000
12.220000
12.220000
12.220000
12.220000
12.220000
12.550000
12.550000
12.550000
12.550000
12.550000
12.550000
12.550000
12.880000
12.880000
12.880000
12.880000
12.880000
12.880000
12.880000
12.880000
12.880000
13.220000
13.220000
13.220000
13.220000
13.220000
13.220000
13.220000
13.220000
13.220000
13.220000
13.220000
13.220000
13.550000
13.550000
13.550000
13.550000
13.550000
13.550000
13.550000
13.550000
13.550000
13.550000
13.550000
13.880000
13.880000
13.880000
13.880000
13.880000
13.880000
13.880000
14.210000
14.210000
14.210000
14.210000
14.210000
14.210000
14.210000
14.210000
14.210000
14.210000
14.550000
14.550000
14.550000
14.550000
14.550000
14.880000
14.880000
14.880000
14.880000
14.880000
14.880000
15.210000
15.210000
15.210000
15.210000
15.210000
15.210000
15.210000
15.540000
15.540000
15.540000
15.540000
15.540000
15.540000
15.540000
15.540000
15.540000
15.540000
15.540000
16.740000
16.740000
16.740000
16.740000
16.740000
16.740000
17.930000
17.930000
17.930000
17.930000
17.930000
17.930000
17.930000
17.930000
17.930000
17.930000
17.930000
19.120001
19.120001
19.120001
19.120001
19.120001
19.120001
19.120001
19.120001
19.120001
19.120001
19.120001
19.120001
19.120001
19.120001
19.120001
19.120001
20.309999
20.309999
20.309999
20.309999
20.309999
20.309999
20.309999
20.309999
20.309999
20.309999
20.309999
20.309999
21.500000
21.500000
21.500000
21.500000
21.500000
21.500000
21.500000
21.500000
21.500000
21.500000
21.500000
21.500000
21.500000
21.500000
21.500000
22.700001
22.700001
22.700001
22.700001
22.700001
22.700001
22.700001
22.700001
22.700001
22.700001
22.700001
23.889999
23.889999
23.889999
23.889999
23.889999
23.889999
23.889999
23.889999
23.889999
23.889999
23.889999
23.889999
23.889999
25.080000
25.080000
25.080000
25.080000
25.080000
25.080000
25.080000
25.080000
25.080000
26.270000
26.270000
26.270000
26.270000
26.270000
26.270000
26.270000
26.270000
26.270000
26.270000
27.459999
27.459999
27.459999
27.459999
27.459999
27.459999
27.459999
27.459999
27.459999
28.650000
28.650000
28.650000
28.650000
28.650000
28.650000
28.650000
28.650000
29.850000
29.850000
29.850000
29.850000
29.850000
29.850000
29.850000
29.850000
29.850000
29.850000
29.850000
29.850000
29.850000
31.040001
31.040001
31.040001
31.040001
31.040001
31.040001
32.230000
32.230000
32.230000
32.230000
32.230000
32.230000
32.230000
33.419998
33.419998
33.419998
33.419998
33.419998
33.419998
33.419998
33.419998
34.610001
34.610001
34.610001
34.610001
34.610001
34.610001
34.610001
35.810001
35.810001
35.810001
35.810001
35.810001
35.810001
35.810001
35.810001
37.000000
37.000000
37.000000
37.000000
37.000000
37.000000
37.000000
37.000000
37.000000
37.000000
37.000000
37.000000
37.000000
38.189999
38.189999
38.189999
38.189999
38.189999
38.189999
38.189999
38.189999
38.189999
38.189999
38.189999
38.189999
38.189999
38.189999
38.189999
38.189999
38.189999
38.189999
39.380001
39.380001
39.380001
39.380001
39.380001
39.380001
39.380001
39.380001
40.570000
40.570000
40.570000
40.570000
40.570000
40.570000
40.570000
40.570000
40.570000
41.759998
41.759998
41.759998
41.759998
41.759998
41.759998
42.959999
42.959999
42.959999
42.959999
42.959999
42.959999
42.959999
42.959999
42.959999
42.959999
42.959999
42.959999
42.959999
44.150002
44.150002
44.150002
44.150002
44.150002
44.150002
44.150002
44.150002
44.150002
44.150002
45.340000
45.340000
45.340000
45.340000
45.340000
45.340000
45.340000
45.340000
45.340000
46.529999
46.529999
46.529999
46.529999
46.529999
46.529999
46.529999
46.529999
46.529999
46.529999
46.529999
47.720001
47.720001
47.720001
47.720001
47.720001
47.720001
47.720001
47.720001
48.919998
48.919998
48.919998
48.919998
48.919998
48.919998
48.919998
48.919998
50.110001
50.110001
50.110001
50.110001
50.110001
50.110001
50.110001
50.110001
50.110001
50.110001
50.110001
51.299999
51.299999
51.299999
51.299999
51.299999
51.299999
51.299999
51.299999
51.299999
52.490002
52.490002
52.490002
52.490002
52.490002
52.490002
52.490002
52.490002
53.680000
53.680000
53.680000
53.680000
53.680000
53.680000
53.680000
53.680000
53.680000
53.680000
53.680000
53.680000
54.869999
54.869999
54.869999
54.869999
54.869999
54.869999
54.869999
54.869999
54.869999
54.869999
56.070000
56.070000
56.070000
56.070000
56.070000
56.070000
56.070000
56.070000
56.070000
57.259998
57.259998
57.259998
57.259998
57.259998
57.259998
57.259998
57.259998
58.450001
58.450001
58.450001
58.450001
58.450001
58.450001
58.450001
58.450001
58.450001
58.450001
59.639999
59.639999
59.639999
59.639999
59.639999
59.639999
59.639999
59.639999
59.639999
59.639999
59.639999
60.830002
60.830002
60.830002
60.830002
60.830002
60.830002
60.830002
60.830002
60.830002
60.830002
62.029999
62.029999
62.029999
62.029999
62.029999
62.029999
63.220001
63.220001
64.410004
64.410004
64.410004
64.410004
64.410004
64.410004
64.410004
64.410004
65.599998
65.599998
65.599998
65.599998
65.599998
65.599998
65.599998
65.599998
65.599998
65.599998
65.599998
65.599998
65.599998
65.599998
66.790001
66.790001
66.790001
66.790001
66.790001
66.790001
66.790001
66.790001
66.790001
66.790001
66.790001
67.980003
67.980003
67.980003
67.980003
67.980003
67.980003
69.180000
69.180000
69.180000
69.180000
69.180000
69.180000
69.180000
69.180000
69.180000
69.180000
69.180000
69.180000
77.769997
77.769997
86.370003
86.370003
86.370003
86.370003
86.370003
86.370003
94.959999
94.959999
94.959999
94.959999
94.959999
94.959999
94.959999
94.959999
94.959999
94.959999
94.959999
103.599998
103.599998
103.599998
103.599998
103.599998
103.599998
103.599998
103.599998
103.599998
103.599998
110.000000
110.000000
110.000000
110.000000
110.000000
110.000000
