0.000000
0.000000
0.000000
0.000000
0.000000
0.000000
0.000000
0.000000
0.000000
0.000000
0.000000
0.000000
0.000000
0.000000
0.000000
0.000000
0.000000
0.000000
0.000000
0.000000
0.000000
0.000000
0.000000
0.000000
0.000000
0.000000
0.000000
0.000000
0.000000
0.000000
0.000000
0.000000
0.000000
0.000000
0.000000
0.000000
0.000000
0.000000
0.000000
0.000000
0.000000
0.000000
0.572100
0.572100
0.572100
0.572100
0.572100
0.572100
0.572100
0.572100
0.572100
0.724400
0.724400
0.724400
0.724400
0.724400
0.724400
0.876700
0.876700
0.876700
0.876700
0.876700
0.876700
0.876700
0.876700
0.876700
0.876700
1.029000
1.029000
1.029000
1.029000
1.029000
1.029000
1.029000
1.029000
1.029000
1.029000
1.029000
1.029000
1.029000
1.029000
1.029000
1.029000
1.029000
1.181000
1.181000
1.181000
1.181000
1.181000
1.181000
1.181000
1.181000
1.334000
1.334000
1.334000
1.334000
1.334000
1.334000
1.334000
1.334000
1.334000
1.486000
1.486000
1.486000
1.486000
1.486000
1.486000
1.486000
1.486000
1.486000
1.486000
1.486000
1.638000
1.638000
1.638000
1.638000
1.638000
1.638000
1.638000
1.638000
1.638000
1.638000
1.638000
1.638000
1.638000
1.638000
1.638000
1.638000
1.790000
1.790000
1.790000
1.790000
1.790000
1.790000
1.790000
1.790000
1.790000
1.790000
1.790000
1.790000
1.790000
1.943000
1.943000
1.943000
1.943000
1.943000
1.943000
1.943000
1.943000
1.943000
1.943000
1.943000
1.943000
1.943000
1.943000
1.943000
2.095000
2.095000
2.095000
2.095000
2.095000
2.095000
2.095000
2.095000
2.095000
2.095000
2.095000
2.247000
2.247000
2.247000
2.247000
2.247000
2.247000
2.247000
2.400000
2.400000
2.400000
2.400000
2.400000
2.400000
2.400000
2.552000
2.552000
2.552000
2.552000
2.552000
2.552000
2.552000
2.552000
2.552000
2.704000
2.704000
2.704000
2.704000
2.704000
2.704000
2.704000
2.704000
2.704000
2.704000
2.856000
2.856000
2.856000
2.856000
2.856000
2.856000
2.856000
2.856000
2.856000
3.009000
3.009000
3.009000
3.009000
3.009000
3.009000
3.009000
3.009000
3.009000
3.161000
3.161000
3.161000
3.161000
3.161000
3.161000
3.161000
3.161000
3.313000
3.313000
3.313000
3.313000
3.313000
3.313000
3.313000
3.313000
3.466000
3.466000
3.466000
3.466000
3.466000
3.466000
3.466000
3.466000
3.466000
3.618000
3.618000
3.618000
3.618000
3.618000
3.618000
3.618000
3.618000
3.618000
3.618000
3.618000
3.770000
3.770000
3.770000
3.770000
3.770000
3.770000
3.770000
3.770000
3.770000
3.922000
3.922000
3.922000
3.922000
3.922000
3.922000
3.922000
3.922000
3.922000
4.075000
4.075000
4.075000
4.075000
4.075000
4.075000
4.227000
4.227000
4.227000
4.227000
4.227000
4.227000
4.379000
4.379000
4.379000
4.379000
4.379000
4.379000
4.379000
4.379000
4.379000
4.379000
4.379000
4.379000
4.379000
4.379000
4.379000
4.379000
4.379000
4.532000
4.532000
4.532000
4.532000
4.532000
4.532000
4.532000
4.532000
4.532000
4.532000
4.684000
4.684000
4.684000
4.684000
4.684000
4.684000
4.684000
4.684000
4.684000
4.684000
4.684000
4.684000
4.684000
4.684000
4.836000
4.836000
4.836000
4.836000
4.836000
4.836000
4.836000
4.836000
4.836000
4.988000
4.988000
4.988000
4.988000
4.988000
4.988000
4.988000
4.988000
4.988000
5.141000
5.141000
5.141000
5.141000
5.141000
5.141000
5.141000
5.141000
5.293000
5.293000
5.293000
5.293000
5.293000
5.293000
5.293000
5.293000
5.445000
5.445000
5.445000
5.445000
5.445000
5.445000
5.445000
5.445000
5.445000
5.598000
5.598000
5.598000
5.598000
5.598000
5.750000
5.750000
5.750000
5.750000
5.750000
5.750000
5.750000
5.750000
5.750000
5.750000
5.750000
5.750000
5.902000
5.902000
5.902000
5.902000
5.902000
5.902000
5.902000
5.902000
5.902000
5.902000
5.902000
5.902000
5.902000
5.902000
6.054000
6.054000
6.054000
6.054000
6.054000
6.054000
6.054000
6.054000
6.054000
6.054000
6.207000
6.207000
6.207000
6.207000
6.207000
6.207000
6.207000
6.359000
6.359000
6.359000
6.359000
6.359000
6.359000
6.359000
6.359000
6.359000
6.511000
6.511000
6.511000
6.511000
6.511000
6.511000
6.511000
6.511000
6.511000
6.511000
6.511000
6.511000
6.511000
6.511000
6.664000
6.664000
6.664000
6.664000
6.664000
6.664000
6.664000
6.664000
6.664000
6.664000
6.664000
6.816000
6.816000
6.816000
6.816000
6.816000
6.816000
6.816000
6.816000
6.816000
6.816000
6.968000
6.968000
6.968000
6.968000
6.968000
6.968000
6.968000
6.968000
6.968000
6.968000
6.968000
7.121000
7.121000
7.121000
7.121000
7.121000
7.121000
7.273000
7.273000
7.273000
7.273000
7.273000
7.273000
7.273000
7.273000
7.273000
7.273000
7.273000
7.273000
7.273000
7.273000
7.273000
7.425000
7.425000
7.425000
7.425000
7.425000
7.425000
7.425000
7.425000
7.425000
7.425000
8.309000
8.309000
8.309000
8.309000
8.309000
8.309000
8.309000
8.309000
8.309000
8.309000
8.309000
8.309000
9.194000
9.194000
9.194000
9.194000
9.194000
9.194000
9.194000
9.194000
9.194000
9.194000
9.194000
9.194000
9.194000
9.194000
10.080000
10.080000
10.080000
10.080000
10.080000
10.080000
10.080000
10.080000
10.080000
10.960000
10.960000
10.960000
10.960000
10.960000
10.960000
10.960000
10.960000
10.960000
10.960000
10.960000
10.960000
10.960000
10.960000
11.850000
11.850000
11.850000
11.850000
11.850000
11.850000
11.850000
11.850000
11.850000
11.850000
11.850000
11.850000
12.730000
12.730000
12.730000
12.730000
12.730000
12.730000
12.730000
12.730000
12.730000
12.730000
13.610000
13.610000
13.610000
13.610000
13.610000
13.610000
13.610000
13.610000
13.610000
13.610000
13.610000
13.610000
14.500000
14.500000
14.500000
14.500000
14.500000
14.500000
14.500000
14.500000
15.380000
15.380000
15.380000
15.380000
15.380000
15.380000
15.380000
15.380000
15.380000
15.380000
16.270000
16.270000
16.270000
16.270000
16.270000
16.270000
16.270000
16.270000
16.270000
16.270000
17.150000
17.150000
17.150000
17.150000
17.150000
17.150000
17.150000
17.150000
17.150000
17.150000
17.150000
18.040001
18.040001
18.040001
18.040001
18.040001
18.040001
18.040001
18.040001
18.920000
18.920000
18.920000
18.920000
18.920000
18.920000
18.920000
18.920000
18.920000
18.920000
18.920000
18.920000
18.920000
19.799999
19.799999
19.799999
19.799999
19.799999
19.799999
19.799999
19.799999
19.799999
20.690001
20.690001
20.690001
20.690001
20.690001
20.690001
20.690001
20.690001
20.690001
20.690001
20.690001
20.690001
20.690001
20.690001
20.690001
20.690001
21.570000
21.570000
21.570000
21.570000
21.570000
21.570000
21.570000
21.570000
21.570000
21.570000
21.570000
21.570000
21.570000
21.570000
21.570000
21.570000
22.459999
22.459999
22.459999
22.459999
22.459999
22.459999
22.459999
22.459999
22.459999
22.459999
23.340000
23.340000
23.340000
23.340000
23.340000
23.340000
23.340000
23.340000
23.340000
23.340000
23.340000
23.340000
24.230000
24.230000
24.230000
24.230000
24.230000
24.230000
24.230000
24.230000
24.230000
24.230000
24.230000
24.230000
25.110001
25.110001
25.110001
25.110001
25.110001
25.110001
25.110001
25.110001
25.110001
25.110001
25.110001
25.110001
25.990000
25.990000
25.990000
25.990000
25.990000
25.990000
25.990000
25.990000
25.990000
25.990000
25.990000
25.990000
26.879999
26.879999
26.879999
26.879999
26.879999
26.879999
26.879999
26.879999
26.879999
27.760000
27.760000
28.650000
28.650000
28.650000
28.650000
28.650000
28.650000
28.650000
28.650000
28.650000
28.650000
28.650000
28.650000
29.530001
29.530001
29.530001
29.530001
29.530001
29.530001
29.530001
29.530001
29.530001
29.530001
29.530001
29.530001
30.420000
30.420000
30.420000
30.420000
30.420000
30.420000
30.420000
30.420000
30.420000
30.420000
31.299999
31.299999
31.299999
31.299999
31.299999
31.299999
31.299999
31.299999
31.299999
31.299999
32.180000
32.180000
32.180000
32.180000
32.180000
32.180000
32.180000
32.180000
33.070000
33.070000
33.070000
33.070000
33.070000
33.070000
33.070000
33.950001
33.950001
33.950001
33.950001
33.950001
33.950001
33.950001
34.840000
34.840000
34.840000
34.840000
34.840000
35.720001
35.720001
35.720001
35.720001
35.720001
35.720001
35.720001
35.720001
36.610001
36.610001
36.610001
36.610001
36.610001
36.610001
36.610001
36.610001
36.610001
36.610001
36.610001
36.610001
37.490002
37.490002
37.490002
37.490002
37.490002
37.490002
37.490002
37.490002
37.490002
38.369999
38.369999
38.369999
38.369999
38.369999
38.369999
38.369999
38.369999
38.369999
39.259998
39.259998
39.259998
39.259998
39.259998
39.259998
39.259998
39.259998
40.139999
40.139999
40.139999
40.139999
40.139999
40.139999
40.139999
40.139999
40.139999
40.139999
40.139999
41.029999
41.029999
41.029999
41.029999
41.029999
41.029999
41.029999
41.029999
41.029999
41.029999
41.910000
41.910000
41.910000
41.910000
41.910000
41.910000
41.910000
41.910000
42.799999
42.799999
42.799999
42.799999
42.799999
43.680000
43.680000
43.680000
43.680000
43.680000
43.680000
43.680000
43.680000
43.680000
43.680000
44.560001
44.560001
44.560001
44.560001
44.560001
44.560001
44.560001
44.560001
44.560001
44.560001
44.560001
44.560001
44.560001
44.560001
44.560001
45.450001
45.450001
45.450001
45.450001
45.450001
45.450001
45.450001
46.330002
46.330002
46.330002
46.330002
46.330002
46.330002
46.330002
46.330002
46.330002
46.330002
46.330002
46.330002
46.330002
46.330002
46.330002
47.220001
47.220001
47.220001
47.220001
47.220001
47.220001
51.520000
51.520000
51.520000
51.520000
51.520000
51.520000
55.820000
55.820000
55.820000
55.820000
55.820000
55.820000
55.820000
55.820000
55.820000
55.820000
55.820000
60.119999
60.119999
64.419998
64.419998
64.419998
64.419998
64.419998
64.419998
64.419998
64.419998
64.419998
64.419998
64.419998
64.419998
64.419998
64.419998
67.650002
67.650002
67.650002
67.650002
67.650002
67.650002
67.650002
67.650002
