0.000000
0.000000
0.000000
0.000000
0.000000
0.000000
0.000000
0.000000
0.000000
0.000000
0.000000
0.000000
0.000000
0.000000
0.000000
0.000000
0.000000
0.000000
0.000000
0.000000
0.000000
0.000000
0.000000
0.000000
0.000000
0.000000
0.000000
0.000000
0.000000
0.000000
0.000000
0.000000
0.000000
0.000000
0.000000
0.000000
0.000000
0.000000
0.000000
0.000000
0.000000
0.000000
0.136200
0.136200
0.136200
0.136200
0.136200
0.136200
0.136200
0.136200
0.136200
0.259300
0.259300
0.259300
0.259300
0.259300
0.382400
0.382400
0.382400
0.382400
0.382400
0.382400
0.382400
0.382400
0.382400
0.382400
0.382400
0.382400
0.505500
0.505500
0.505500
0.505500
0.505500
0.505500
0.505500
0.505500
0.505500
0.505500
0.505500
0.628600
0.628600
0.628600
0.628600
0.628600
0.628600
0.628600
0.628600
0.628600
0.751700
0.751700
0.751700
0.751700
0.751700
0.751700
0.751700
0.874800
0.874800
0.874800
0.874800
0.874800
0.874800
0.874800
0.874800
0.874800
0.874800
0.874800
0.874800
0.874800
0.874800
0.998000
0.998000
0.998000
0.998000
0.998000
0.998000
0.998000
0.998000
1.121000
1.121000
1.121000
1.121000
1.121000
1.121000
1.121000
1.121000
1.244000
1.244000
1.244000
1.244000
1.244000
1.244000
1.244000
1.367000
1.367000
1.367000
1.367000
1.367000
1.367000
1.367000
1.490000
1.490000
1.490000
1.490000
1.490000
1.490000
1.490000
1.490000
1.490000
1.490000
1.490000
1.490000
1.614000
1.614000
1.614000
1.614000
1.614000
1.614000
1.614000
1.614000
1.614000
1.614000
1.737000
1.737000
1.737000
1.737000
1.737000
1.737000
1.737000
1.737000
1.737000
1.737000
1.737000
1.860000
1.860000
1.860000
1.860000
1.860000
1.860000
1.860000
1.860000
1.860000
1.860000
1.983000
1.983000
1.983000
1.983000
1.983000
1.983000
1.983000
1.983000
2.106000
2.106000
2.106000
2.106000
2.106000
2.106000
2.106000
2.106000
2.229000
2.229000
2.229000
2.229000
2.229000
2.229000
2.229000
2.229000
2.229000
2.229000
2.229000
2.229000
2.229000
2.229000
2.229000
2.352000
2.352000
2.352000
2.352000
2.352000
2.352000
2.352000
2.352000
2.352000
2.352000
2.352000
2.475000
2.475000
2.475000
2.475000
2.475000
2.475000
2.475000
2.475000
2.475000
2.475000
2.475000
2.475000
2.598000
2.598000
2.598000
2.598000
2.598000
2.598000
2.598000
2.598000
2.598000
2.598000
2.598000
2.598000
2.598000
2.598000
2.598000
2.598000
2.722000
2.722000
2.722000
2.722000
2.722000
2.722000
2.845000
2.845000
2.845000
2.845000
2.845000
2.845000
2.968000
2.968000
2.968000
2.968000
2.968000
2.968000
2.968000
2.968000
2.968000
2.968000
3.091000
3.091000
3.091000
3.091000
3.091000
3.091000
3.091000
3.091000
3.091000
3.091000
3.091000
3.214000
3.214000
3.214000
3.214000
3.214000
3.214000
3.214000
3.214000
3.214000
3.214000
3.337000
3.337000
3.337000
3.337000
3.337000
3.337000
3.337000
3.337000
3.337000
3.337000
3.460000
3.460000
3.460000
3.460000
3.460000
3.460000
3.460000
3.460000
3.460000
3.460000
3.583000
3.583000
3.583000
3.583000
3.583000
3.583000
3.583000
3.706000
3.706000
3.706000
3.706000
3.706000
3.829000
3.829000
3.829000
3.829000
3.829000
3.829000
3.829000
3.829000
3.829000
3.829000
3.829000
3.829000
3.829000
3.829000
3.829000
3.953000
3.953000
3.953000
3.953000
3.953000
3.953000
3.953000
4.076000
4.076000
4.076000
4.076000
4.076000
4.076000
4.076000
4.076000
4.076000
4.076000
4.199000
4.199000
4.199000
4.199000
4.199000
4.199000
4.199000
4.199000
4.199000
4.199000
4.199000
4.199000
4.199000
4.199000
4.199000
4.199000
4.322000
4.322000
4.322000
4.322000
4.322000
4.322000
4.322000
4.322000
4.322000
4.445000
4.445000
4.445000
4.445000
4.445000
4.445000
4.445000
4.445000
4.445000
4.445000
4.568000
4.568000
4.568000
4.568000
4.568000
4.568000
4.568000
4.568000
4.568000
4.568000
4.568000
4.568000
4.568000
4.568000
4.568000
4.568000
4.568000
4.691000
4.691000
4.691000
4.691000
4.691000
4.691000
4.691000
4.691000
4.691000
4.691000
4.691000
4.814000
4.814000
4.814000
4.814000
4.814000
4.814000
4.814000
4.814000
4.814000
4.814000
4.937000
4.937000
4.937000
4.937000
4.937000
4.937000
4.937000
4.937000
4.937000
4.937000
4.937000
5.061000
5.061000
5.061000
5.061000
5.061000
5.061000
5.061000
5.061000
5.061000
5.061000
5.184000
5.184000
5.184000
5.184000
5.184000
5.184000
5.184000
5.184000
5.184000
5.184000
5.184000
5.184000
5.184000
5.307000
5.307000
5.307000
5.307000
5.307000
5.307000
5.307000
5.307000
5.307000
5.307000
5.430000
5.430000
5.430000
5.430000
5.430000
5.430000
5.430000
5.430000
5.430000
5.430000
5.430000
5.430000
5.553000
5.553000
5.553000
5.553000
5.553000
5.553000
5.553000
5.553000
5.553000
5.553000
5.553000
5.553000
5.676000
5.676000
5.676000
5.676000
6.532000
6.532000
6.532000
6.532000
6.532000
6.532000
6.532000
6.532000
6.532000
6.532000
6.532000
7.388000
7.388000
7.388000
7.388000
7.388000
7.388000
7.388000
7.388000
8.244000
8.244000
8.244000
8.244000
8.244000
8.244000
8.244000
8.244000
8.244000
9.099000
9.099000
9.099000
9.099000
9.099000
9.099000
9.099000
9.099000
9.099000
9.099000
9.099000
9.099000
9.955000
9.955000
9.955000
9.955000
9.955000
9.955000
9.955000
10.810000
10.810000
10.810000
10.810000
10.810000
10.810000
11.670000
11.670000
11.670000
11.670000
11.670000
11.670000
11.670000
11.670000
11.670000
11.670000
11.670000
12.520000
12.520000
12.520000
12.520000
12.520000
12.520000
12.520000
12.520000
12.520000
12.520000
12.520000
12.520000
12.520000
13.380000
13.380000
13.380000
13.380000
13.380000
13.380000
14.230000
14.230000
14.230000
14.230000
14.230000
14.230000
15.090000
15.090000
15.090000
15.090000
15.090000
15.090000
15.090000
15.090000
15.090000
15.090000
15.090000
15.090000
15.090000
15.090000
15.950000
15.950000
15.950000
15.950000
15.950000
15.950000
15.950000
15.950000
15.950000
15.950000
15.950000
16.799999
16.799999
16.799999
16.799999
16.799999
16.799999
16.799999
16.799999
16.799999
16.799999
16.799999
17.660000
17.660000
17.660000
17.660000
17.660000
17.660000
17.660000
17.660000
17.660000
18.510000
18.510000
18.510000
18.510000
18.510000
18.510000
18.510000
18.510000
18.510000
19.370001
19.370001
19.370001
19.370001
19.370001
19.370001
19.370001
19.370001
19.370001
19.370001
19.370001
19.370001
19.370001
19.370001
19.370001
19.370001
20.219999
20.219999
20.219999
20.219999
20.219999
20.219999
20.219999
20.219999
20.219999
21.080000
21.080000
21.080000
21.080000
21.080000
21.080000
21.080000
21.080000
21.080000
21.080000
21.940001
21.940001
21.940001
21.940001
21.940001
21.940001
21.940001
21.940001
21.940001
22.790001
22.790001
22.790001
22.790001
22.790001
22.790001
22.790001
22.790001
22.790001
23.650000
23.650000
23.650000
23.650000
24.500000
24.500000
24.500000
24.500000
24.500000
24.500000
24.500000
25.360001
25.360001
25.360001
25.360001
25.360001
25.360001
25.360001
25.360001
25.360001
26.219999
26.219999
26.219999
27.070000
27.070000
27.070000
27.070000
27.070000
27.070000
27.070000
27.070000
27.070000
27.070000
27.070000
27.930000
27.930000
27.930000
27.930000
27.930000
27.930000
27.930000
27.930000
27.930000
27.930000
27.930000
27.930000
27.930000
27.930000
27.930000
27.930000
28.780001
28.780001
28.780001
28.780001
28.780001
28.780001
28.780001
29.639999
29.639999
29.639999
29.639999
29.639999
29.639999
29.639999
29.639999
29.639999
30.490000
30.490000
30.490000
30.490000
30.490000
30.490000
30.490000
30.490000
30.490000
30.490000
31.350000
31.350000
31.350000
31.350000
32.209999
32.209999
32.209999
32.209999
32.209999
32.209999
32.209999
32.209999
32.209999
32.209999
33.060001
33.060001
33.060001
33.060001
33.060001
33.060001
33.060001
33.060001
33.060001
33.919998
33.919998
33.919998
33.919998
33.919998
33.919998
33.919998
33.919998
33.919998
33.919998
33.919998
34.770000
34.770000
34.770000
34.770000
34.770000
34.770000
34.770000
34.770000
35.630001
35.630001
35.630001
35.630001
35.630001
35.630001
35.630001
35.630001
35.630001
35.630001
36.480000
36.480000
36.480000
36.480000
36.480000
36.480000
36.480000
37.340000
37.340000
37.340000
37.340000
37.340000
37.340000
37.340000
37.340000
37.340000
37.340000
37.340000
37.340000
37.340000
37.340000
37.340000
37.340000
37.340000
37.340000
37.340000
37.340000
38.200001
38.200001
38.200001
38.200001
38.200001
38.200001
38.200001
38.200001
38.200001
38.200001
39.049999
39.049999
39.049999
39.049999
39.049999
39.049999
39.049999
39.049999
39.049999
39.049999
39.049999
39.049999
39.049999
39.910000
39.910000
39.910000
39.910000
39.910000
39.910000
39.910000
39.910000
39.910000
39.910000
40.759998
40.759998
40.759998
40.759998
40.759998
40.759998
40.759998
40.759998
40.759998
40.759998
40.759998
41.619999
41.619999
41.619999
41.619999
41.619999
41.619999
41.619999
42.480000
42.480000
42.480000
42.480000
42.480000
42.480000
42.480000
42.480000
42.480000
42.480000
42.480000
42.480000
42.480000
42.480000
42.480000
42.480000
43.330002
43.330002
43.330002
43.330002
43.330002
43.330002
43.330002
43.330002
43.330002
43.330002
43.330002
43.330002
43.330002
43.330002
44.189999
44.189999
44.189999
44.189999
44.189999
44.189999
44.189999
44.189999
44.189999
44.189999
48.779999
48.779999
48.779999
48.779999
48.779999
48.779999
48.779999
48.779999
48.779999
48.779999
53.369999
53.369999
53.369999
53.369999
53.369999
53.369999
53.369999
53.369999
53.369999
53.369999
53.369999
53.369999
53.369999
57.959999
57.959999
57.959999
57.959999
57.959999
57.959999
57.959999
57.959999
57.959999
57.959999
57.959999
57.959999
57.959999
57.959999
62.560001
62.560001
62.560001
62.560001
62.560001
62.560001
62.560001
66.000000
66.000000
66.000000
66.000000
66.000000
66.000000
66.000000
66.000000
66.000000
66.000000
