0.000000
0.000000
0.000000
0.000000
0.000000
0.000000
0.000000
0.000000
0.000000
0.000000
0.000000
0.000000
0.000000
0.000000
0.000000
0.000000
0.000000
0.000000
0.000000
0.000000
0.000000
0.000000
0.000000
0.000000
0.000000
0.000000
0.000000
0.000000
0.000000
0.000000
0.000000
0.000000
0.000000
0.000000
0.000000
0.000000
0.000000
0.000000
0.000000
0.000000
0.000000
0.000000
0.000000
0.000000
0.000000
0.000000
0.000000
0.000000
0.000000
0.000000
0.000000
0.024400
0.024400
0.024400
0.024400
0.024400
0.024400
0.024400
0.024400
0.024400
0.024400
0.024400
0.024400
0.024400
0.024400
0.024400
0.024400
0.024400
0.140900
0.140900
0.140900
0.140900
0.140900
0.257400
0.257400
0.257400
0.257400
0.257400
0.257400
0.257400
0.257400
0.257400
0.257400
0.257400
0.373900
0.373900
0.373900
0.373900
0.373900
0.373900
0.373900
0.373900
0.373900
0.490400
0.490400
0.490400
0.490400
0.490400
0.490400
0.490400
0.490400
0.490400
0.490400
0.490400
0.606900
0.606900
0.606900
0.606900
0.606900
0.606900
0.606900
0.723500
0.723500
0.723500
0.723500
0.723500
0.723500
0.723500
0.840000
0.840000
0.840000
0.840000
0.840000
0.840000
0.840000
0.840000
0.840000
0.840000
0.840000
0.840000
0.956500
0.956500
0.956500
0.956500
0.956500
1.073000
1.073000
1.073000
1.073000
1.073000
1.073000
1.073000
1.189000
1.189000
1.189000
1.189000
1.189000
1.189000
1.306000
1.306000
1.306000
1.306000
1.306000
1.306000
1.306000
1.306000
1.306000
1.306000
1.306000
1.306000
1.306000
1.306000
1.423000
1.423000
1.423000
1.423000
1.423000
1.423000
1.423000
1.423000
1.423000
1.423000
1.423000
1.539000
1.539000
1.539000
1.539000
1.539000
1.539000
1.539000
1.539000
1.539000
1.539000
1.539000
1.539000
1.656000
1.656000
1.656000
1.656000
1.656000
1.656000
1.656000
1.656000
1.656000
1.772000
1.772000
1.772000
1.772000
1.772000
1.772000
1.772000
1.772000
1.772000
1.889000
1.889000
1.889000
1.889000
1.889000
1.889000
1.889000
1.889000
1.889000
2.005000
2.005000
2.005000
2.005000
2.005000
2.005000
2.122000
2.122000
2.122000
2.122000
2.122000
2.122000
2.122000
2.122000
2.122000
2.122000
2.122000
2.122000
2.238000
2.238000
2.238000
2.238000
2.238000
2.238000
2.238000
2.238000
2.238000
2.355000
2.355000
2.355000
2.355000
2.355000
2.355000
2.355000
2.355000
2.355000
2.471000
2.471000
2.471000
2.471000
2.471000
2.471000
2.471000
2.471000
2.588000
2.588000
2.588000
2.588000
2.588000
2.588000
2.588000
2.588000
2.588000
2.588000
2.704000
2.704000
2.704000
2.704000
2.704000
2.704000
2.821000
2.821000
2.821000
2.821000
2.821000
2.821000
2.821000
2.821000
2.937000
2.937000
2.937000
2.937000
2.937000
2.937000
2.937000
2.937000
2.937000
2.937000
2.937000
2.937000
3.054000
3.054000
3.054000
3.054000
3.054000
3.054000
3.054000
3.054000
3.170000
3.170000
3.170000
3.170000
3.170000
3.170000
3.170000
3.170000
3.170000
3.170000
3.170000
3.287000
3.287000
3.287000
3.287000
3.287000
3.287000
3.287000
3.287000
3.403000
3.403000
3.403000
3.403000
3.403000
3.520000
3.520000
3.520000
3.520000
3.520000
3.520000
3.520000
3.520000
3.520000
3.520000
3.520000
3.520000
3.636000
3.636000
3.636000
3.636000
3.636000
3.753000
3.753000
3.753000
3.753000
3.753000
3.753000
3.753000
3.753000
3.753000
3.753000
3.753000
3.753000
3.869000
3.869000
3.869000
3.869000
3.869000
3.869000
3.869000
3.869000
3.869000
3.869000
3.986000
3.986000
3.986000
3.986000
3.986000
3.986000
3.986000
3.986000
3.986000
3.986000
3.986000
3.986000
3.986000
3.986000
3.986000
4.102000
4.102000
4.102000
4.102000
4.102000
4.102000
4.102000
4.102000
4.102000
4.102000
4.102000
4.102000
4.102000
4.219000
4.219000
4.219000
4.219000
4.219000
4.219000
4.219000
4.219000
4.219000
4.219000
4.219000
4.219000
4.335000
4.335000
4.335000
4.335000
4.335000
4.335000
4.335000
4.335000
4.335000
4.452000
4.452000
4.452000
4.452000
4.452000
4.452000
4.452000
4.452000
4.452000
4.452000
4.452000
4.452000
4.452000
4.568000
4.568000
4.568000
4.568000
4.568000
4.568000
4.568000
4.568000
4.685000
4.685000
4.685000
4.685000
4.685000
4.685000
4.685000
4.685000
4.685000
4.685000
4.685000
4.685000
4.685000
4.801000
4.801000
4.801000
4.801000
4.801000
4.918000
4.918000
4.918000
4.918000
4.918000
4.918000
4.918000
4.918000
4.918000
4.918000
4.918000
4.918000
4.918000
4.918000
4.918000
4.918000
5.034000
5.034000
5.034000
5.034000
5.034000
5.151000
5.151000
5.151000
5.151000
5.151000
5.151000
5.151000
5.151000
5.151000
5.151000
5.151000
5.267000
5.267000
5.267000
5.267000
5.267000
5.267000
5.267000
5.267000
5.267000
5.267000
5.267000
5.267000
5.267000
5.886000
5.886000
5.886000
5.886000
5.886000
5.886000
5.886000
5.886000
6.506000
6.506000
6.506000
6.506000
6.506000
6.506000
6.506000
6.506000
6.506000
6.506000
6.506000
6.506000
6.506000
6.506000
6.506000
7.125000
7.125000
7.125000
7.125000
7.125000
7.125000
7.125000
7.744000
7.744000
7.744000
7.744000
7.744000
7.744000
7.744000
7.744000
7.744000
8.363000
8.363000
8.363000
8.363000
8.363000
8.982000
8.982000
8.982000
8.982000
8.982000
8.982000
9.601000
9.601000
9.601000
9.601000
9.601000
9.601000
9.601000
9.601000
9.601000
10.220000
10.220000
10.220000
10.220000
10.220000
10.220000
10.220000
10.220000
10.220000
10.220000
10.840000
10.840000
10.840000
10.840000
10.840000
10.840000
10.840000
10.840000
10.840000
10.840000
10.840000
10.840000
10.840000
10.840000
10.840000
10.840000
11.460000
11.460000
11.460000
11.460000
11.460000
11.460000
11.460000
11.460000
11.460000
11.460000
12.080000
12.080000
12.080000
12.080000
12.080000
12.080000
12.080000
12.080000
12.080000
12.080000
12.080000
12.080000
12.700000
12.700000
12.700000
12.700000
12.700000
12.700000
12.700000
12.700000
12.700000
12.700000
12.700000
12.700000
13.320000
13.320000
13.320000
13.320000
13.320000
13.320000
13.320000
13.930000
13.930000
13.930000
13.930000
13.930000
13.930000
13.930000
13.930000
13.930000
13.930000
13.930000
13.930000
13.930000
13.930000
13.930000
14.550000
14.550000
14.550000
14.550000
14.550000
14.550000
14.550000
14.550000
14.550000
14.550000
14.550000
15.170000
15.170000
15.170000
15.170000
15.170000
15.170000
15.170000
15.170000
15.170000
15.170000
15.170000
15.170000
15.790000
15.790000
15.790000
15.790000
15.790000
15.790000
15.790000
15.790000
15.790000
15.790000
15.790000
15.790000
16.410000
16.410000
16.410000
16.410000
16.410000
16.410000
16.410000
16.410000
17.030001
17.030001
17.030001
17.030001
17.030001
17.030001
17.030001
17.030001
17.650000
17.650000
17.650000
17.650000
17.650000
17.650000
17.650000
18.270000
18.270000
18.270000
18.270000
18.270000
18.270000
18.270000
18.270000
18.270000
18.889999
18.889999
18.889999
18.889999
18.889999
18.889999
18.889999
18.889999
18.889999
18.889999
18.889999
18.889999
18.889999
19.510000
19.510000
19.510000
19.510000
19.510000
19.510000
19.510000
20.129999
20.129999
20.129999
20.129999
20.750000
20.750000
20.750000
20.750000
20.750000
20.750000
20.750000
20.750000
20.750000
20.750000
20.750000
21.360001
21.360001
21.360001
21.360001
21.360001
21.360001
21.360001
21.360001
21.360001
21.360001
21.360001
21.980000
21.980000
21.980000
21.980000
21.980000
21.980000
21.980000
21.980000
21.980000
21.980000
21.980000
21.980000
21.980000
21.980000
21.980000
22.600000
22.600000
22.600000
22.600000
22.600000
22.600000
22.600000
22.600000
22.600000
22.600000
22.600000
22.600000
22.600000
23.219999
23.219999
23.219999
23.219999
23.219999
23.840000
23.840000
23.840000
23.840000
23.840000
24.459999
24.459999
24.459999
24.459999
24.459999
24.459999
24.459999
24.459999
24.459999
25.080000
25.080000
25.080000
25.080000
25.080000
25.080000
25.080000
25.080000
25.080000
25.080000
25.080000
25.080000
25.080000
25.700001
25.700001
25.700001
25.700001
25.700001
25.700001
25.700001
25.700001
25.700001
25.700001
25.700001
25.700001
25.700001
25.700001
26.320000
26.320000
26.320000
26.320000
26.320000
26.320000
26.940001
26.940001
26.940001
26.940001
26.940001
26.940001
26.940001
26.940001
26.940001
27.559999
27.559999
27.559999
27.559999
27.559999
27.559999
27.559999
28.170000
28.170000
28.170000
28.170000
28.170000
28.170000
28.170000
28.170000
28.170000
28.170000
28.170000
28.170000
28.170000
28.170000
28.790001
28.790001
28.790001
28.790001
28.790001
28.790001
28.790001
28.790001
28.790001
28.790001
28.790001
29.410000
29.410000
29.410000
29.410000
29.410000
30.030001
30.030001
30.030001
30.030001
30.030001
30.030001
30.030001
30.030001
30.030001
30.030001
30.030001
30.650000
30.650000
30.650000
30.650000
30.650000
30.650000
30.650000
30.650000
30.650000
30.650000
30.650000
30.650000
30.650000
31.270000
31.270000
31.270000
31.270000
31.270000
31.270000
31.270000
31.889999
31.889999
31.889999
31.889999
31.889999
31.889999
31.889999
31.889999
31.889999
31.889999
31.889999
31.889999
32.509998
32.509998
32.509998
32.509998
32.509998
32.509998
32.509998
32.509998
32.509998
33.130001
33.130001
33.130001
33.130001
33.130001
33.130001
33.130001
37.650002
37.650002
37.650002
37.650002
37.650002
37.650002
37.650002
37.650002
37.650002
37.650002
37.650002
37.650002
37.650002
42.169998
42.169998
42.169998
42.169998
42.169998
42.169998
42.169998
42.169998
42.169998
42.169998
42.169998
42.169998
42.169998
42.169998
42.169998
46.689999
46.689999
46.689999
46.689999
46.689999
46.689999
46.689999
46.689999
46.689999
46.689999
46.689999
46.689999
46.689999
46.689999
51.209999
51.209999
51.209999
51.209999
51.209999
51.209999
51.209999
51.209999
51.209999
51.209999
51.209999
51.209999
51.209999
51.209999
54.599998
54.599998
54.599998
54.599998
54.599998
54.599998
54.599998
54.599998
54.599998
