0.000000
0.000000
0.000000
0.000000
0.000000
0.000000
0.000000
0.000000
0.000000
0.000000
0.000000
0.000000
0.000000
0.000000
0.000000
0.000000
0.000000
0.000000
0.000000
0.000000
0.000000
0.000000
0.000000
0.000000
0.000000
0.000000
0.000000
0.000000
0.000000
0.000000
0.000000
0.000000
0.000000
0.000000
0.000000
0.000000
0.000000
0.000000
0.000000
0.000000
0.000000
0.000000
0.000000
0.000000
0.000000
0.000000
0.000000
0.000000
0.337700
0.337700
0.337700
0.337700
0.337700
0.337700
0.337700
0.337700
0.337700
0.337700
0.456200
0.456200
0.456200
0.456200
0.456200
0.456200
0.456200
0.574700
0.574700
0.574700
0.574700
0.574700
0.574700
0.574700
0.574700
0.693200
0.693200
0.693200
0.693200
0.693200
0.693200
0.693200
0.693200
0.693200
0.693200
0.693200
0.811700
0.811700
0.811700
0.811700
0.811700
0.811700
0.811700
0.811700
0.930200
0.930200
0.930200
0.930200
0.930200
0.930200
0.930200
0.930200
1.049000
1.049000
1.049000
1.049000
1.049000
1.049000
1.167000
1.167000
1.167000
1.167000
1.167000
1.167000
1.167000
1.167000
1.167000
1.167000
1.286000
1.286000
1.286000
1.286000
1.286000
1.286000
1.286000
1.404000
1.404000
1.404000
1.404000
1.404000
1.404000
1.404000
1.404000
1.523000
1.523000
1.523000
1.523000
1.523000
1.523000
1.523000
1.523000
1.641000
1.641000
1.641000
1.641000
1.641000
1.641000
1.641000
1.641000
1.641000
1.641000
1.760000
1.760000
1.760000
1.760000
1.760000
1.760000
1.760000
1.760000
1.760000
1.760000
1.760000
1.760000
1.878000
1.878000
1.878000
1.878000
1.878000
1.878000
1.878000
1.878000
1.878000
1.878000
1.878000
1.878000
1.997000
1.997000
1.997000
1.997000
1.997000
1.997000
1.997000
1.997000
2.115000
2.115000
2.115000
2.115000
2.115000
2.115000
2.115000
2.115000
2.115000
2.115000
2.115000
2.115000
2.115000
2.115000
2.115000
2.234000
2.234000
2.234000
2.234000
2.234000
2.234000
2.234000
2.234000
2.234000
2.234000
2.234000
2.234000
2.234000
2.352000
2.352000
2.352000
2.352000
2.352000
2.352000
2.352000
2.352000
2.352000
2.352000
2.352000
2.352000
2.352000
2.352000
2.352000
2.352000
2.352000
2.471000
2.471000
2.471000
2.471000
2.471000
2.471000
2.471000
2.471000
2.589000
2.589000
2.589000
2.589000
2.589000
2.589000
2.589000
2.589000
2.589000
2.589000
2.589000
2.589000
2.589000
2.589000
2.589000
2.589000
2.589000
2.708000
2.708000
2.708000
2.708000
2.708000
2.708000
2.708000
2.708000
2.826000
2.826000
2.826000
2.826000
2.826000
2.826000
2.826000
2.826000
2.826000
2.826000
2.826000
2.945000
2.945000
2.945000
2.945000
2.945000
2.945000
2.945000
2.945000
2.945000
2.945000
2.945000
2.945000
2.945000
2.945000
2.945000
2.945000
3.063000
3.063000
3.063000
3.182000
3.182000
3.182000
3.182000
3.182000
3.182000
3.182000
3.182000
3.182000
3.182000
3.182000
3.300000
3.300000
3.300000
3.300000
3.300000
3.300000
3.300000
3.300000
3.300000
3.300000
3.419000
3.419000
3.419000
3.419000
3.419000
3.419000
3.419000
3.537000
3.537000
3.537000
3.537000
3.537000
3.537000
3.537000
3.537000
3.537000
3.537000
3.656000
3.656000
3.656000
3.656000
3.656000
3.656000
3.656000
3.656000
3.656000
3.656000
3.656000
3.656000
3.656000
3.774000
3.774000
3.774000
3.774000
3.774000
3.774000
3.774000
3.774000
3.774000
3.774000
3.774000
3.893000
3.893000
3.893000
3.893000
3.893000
3.893000
3.893000
3.893000
3.893000
3.893000
3.893000
4.011000
4.011000
4.011000
4.011000
4.011000
4.011000
4.011000
4.011000
4.011000
4.011000
4.011000
4.011000
4.011000
4.011000
4.011000
4.130000
4.130000
4.130000
4.130000
4.130000
4.130000
4.130000
4.130000
4.130000
4.130000
4.130000
4.130000
4.248000
4.248000
4.248000
4.248000
4.248000
4.248000
4.248000
4.248000
4.248000
4.248000
4.248000
4.248000
4.367000
4.367000
4.367000
4.367000
4.367000
4.367000
4.367000
4.367000
4.367000
4.367000
4.485000
4.485000
4.485000
4.485000
4.485000
4.485000
4.485000
4.485000
4.485000
4.485000
4.485000
4.485000
4.485000
4.485000
4.485000
4.485000
4.604000
4.604000
4.604000
4.604000
4.604000
4.604000
4.604000
4.722000
4.722000
4.722000
4.722000
4.722000
4.722000
4.722000
4.841000
4.841000
4.841000
4.841000
4.841000
4.841000
4.841000
4.841000
4.841000
4.841000
4.841000
4.841000
4.841000
4.959000
4.959000
4.959000
4.959000
4.959000
4.959000
4.959000
4.959000
4.959000
4.959000
4.959000
4.959000
4.959000
4.959000
5.078000
5.078000
5.078000
5.078000
5.078000
5.078000
5.078000
5.078000
5.078000
5.078000
5.078000
5.196000
5.196000
5.196000
5.196000
5.196000
5.196000
5.196000
5.196000
5.196000
5.196000
5.196000
5.196000
5.315000
5.315000
5.315000
5.315000
5.315000
5.315000
5.315000
5.315000
5.315000
5.315000
5.315000
5.433000
5.433000
5.433000
5.433000
5.433000
5.433000
5.433000
5.433000
5.433000
5.433000
5.433000
5.433000
5.552000
5.552000
5.552000
5.552000
5.552000
5.552000
5.552000
5.552000
5.552000
5.552000
5.552000
5.670000
5.670000
5.670000
5.670000
5.670000
5.670000
5.670000
5.670000
5.670000
5.670000
5.670000
5.670000
5.670000
6.207000
6.207000
6.207000
6.207000
6.207000
6.207000
6.207000
6.744000
6.744000
6.744000
6.744000
6.744000
6.744000
6.744000
6.744000
6.744000
6.744000
6.744000
6.744000
6.744000
6.744000
6.744000
7.280000
7.280000
7.280000
7.280000
7.280000
7.280000
7.280000
7.817000
7.817000
7.817000
7.817000
7.817000
7.817000
7.817000
8.354000
8.354000
8.354000
8.354000
8.890000
8.890000
8.890000
8.890000
8.890000
8.890000
8.890000
9.427000
9.427000
9.427000
9.427000
9.427000
9.427000
9.427000
9.427000
9.964000
9.964000
9.964000
9.964000
9.964000
9.964000
9.964000
9.964000
10.500000
10.500000
10.500000
10.500000
10.500000
10.500000
11.040000
11.040000
11.040000
11.040000
11.040000
11.040000
11.040000
11.040000
11.040000
11.040000
11.570000
11.570000
11.570000
11.570000
11.570000
11.570000
11.570000
11.570000
11.570000
12.110000
12.110000
12.110000
12.110000
12.110000
12.110000
12.110000
12.650000
12.650000
12.650000
13.180000
13.180000
13.180000
13.180000
13.180000
13.180000
13.720000
13.720000
13.720000
13.720000
13.720000
13.720000
13.720000
13.720000
13.720000
13.720000
13.720000
13.720000
14.260000
14.260000
14.260000
14.260000
14.260000
14.260000
14.260000
14.260000
14.260000
14.260000
14.260000
14.260000
14.260000
14.260000
14.260000
14.790000
14.790000
14.790000
14.790000
14.790000
14.790000
14.790000
15.330000
15.330000
15.330000
15.330000
15.330000
15.330000
15.330000
15.330000
15.330000
15.330000
15.330000
15.870000
15.870000
15.870000
15.870000
15.870000
15.870000
15.870000
15.870000
15.870000
15.870000
16.400000
16.400000
16.400000
16.400000
16.400000
16.400000
16.400000
16.400000
16.400000
16.940001
16.940001
16.940001
16.940001
16.940001
16.940001
16.940001
16.940001
16.940001
16.940001
16.940001
16.940001
17.480000
17.480000
17.480000
17.480000
17.480000
17.480000
17.480000
17.480000
18.010000
18.010000
18.010000
18.010000
18.010000
18.010000
18.010000
18.010000
18.010000
18.010000
18.010000
18.010000
18.010000
18.010000
18.010000
18.010000
18.010000
18.549999
18.549999
18.549999
18.549999
18.549999
18.549999
18.549999
18.549999
18.549999
18.549999
19.090000
19.090000
19.090000
19.090000
19.090000
19.090000
19.090000
19.090000
19.090000
19.090000
19.620001
19.620001
19.620001
19.620001
19.620001
19.620001
19.620001
19.620001
19.620001
20.160000
20.160000
20.160000
20.160000
20.160000
20.160000
20.160000
20.160000
20.160000
20.160000
20.160000
20.700001
20.700001
20.700001
20.700001
20.700001
20.700001
20.700001
20.700001
20.700001
20.700001
20.700001
20.700001
20.700001
21.230000
21.230000
21.230000
21.230000
21.230000
21.230000
21.230000
21.230000
21.230000
21.230000
21.230000
21.230000
21.230000
21.230000
21.230000
21.770000
21.770000
21.770000
21.770000
21.770000
21.770000
21.770000
21.770000
22.309999
22.309999
22.309999
22.309999
22.309999
22.309999
22.850000
22.850000
22.850000
22.850000
22.850000
23.379999
23.379999
23.379999
23.379999
23.379999
23.379999
23.379999
23.379999
23.379999
23.379999
23.379999
23.379999
23.920000
23.920000
23.920000
23.920000
23.920000
23.920000
23.920000
23.920000
23.920000
23.920000
24.459999
24.459999
24.459999
24.459999
24.459999
24.459999
24.459999
24.459999
24.990000
24.990000
24.990000
24.990000
24.990000
24.990000
24.990000
24.990000
25.530001
25.530001
25.530001
25.530001
25.530001
25.530001
25.530001
25.530001
25.530001
25.530001
25.530001
26.070000
26.070000
26.070000
26.070000
26.070000
26.070000
26.070000
26.070000
26.070000
26.070000
26.070000
26.070000
26.070000
26.070000
26.070000
26.600000
26.600000
26.600000
26.600000
26.600000
26.600000
26.600000
26.600000
26.600000
27.139999
27.139999
27.139999
27.139999
27.139999
27.139999
27.139999
27.139999
27.139999
27.139999
27.139999
27.139999
27.139999
27.680000
27.680000
27.680000
27.680000
27.680000
27.680000
27.680000
27.680000
27.680000
28.209999
28.209999
28.209999
28.209999
28.209999
28.209999
28.209999
28.209999
28.209999
28.750000
28.750000
28.750000
28.750000
28.750000
28.750000
28.750000
28.750000
28.750000
28.750000
28.750000
29.290001
29.290001
29.820000
29.820000
29.820000
33.240002
33.240002
33.240002
33.240002
33.240002
33.240002
33.240002
33.240002
33.240002
33.240002
33.240002
33.240002
33.240002
33.240002
36.660000
36.660000
36.660000
36.660000
36.660000
36.660000
36.660000
36.660000
36.660000
40.080002
40.080002
40.080002
40.080002
40.080002
43.500000
43.500000
43.500000
43.500000
43.500000
43.500000
43.500000
43.500000
43.500000
43.500000
43.500000
43.500000
43.500000
46.060001
46.060001
46.060001
46.060001
46.060001
46.060001
46.060001
46.060001
46.060001
