0.000000
0.000000
0.000000
0.000000
0.000000
0.000000
0.000000
0.000000
0.000000
0.000000
0.000000
0.000000
0.000000
0.000000
0.000000
0.000000
0.000000
0.000000
0.000000
0.000000
0.000000
0.000000
0.000000
0.000000
0.000000
0.000000
0.000000
0.000000
0.000000
0.000000
0.000000
0.000000
0.000000
0.000000
0.000000
0.000000
0.000000
0.000000
0.000000
0.000000
0.000000
0.000000
0.000000
0.000000
0.000000
0.000000
0.685500
0.685500
0.685500
0.685500
0.685500
0.685500
0.685500
0.685500
0.685500
0.918900
0.918900
0.918900
0.918900
0.918900
0.918900
0.918900
0.918900
1.152000
1.152000
1.152000
1.152000
1.152000
1.152000
1.152000
1.152000
1.152000
1.386000
1.386000
1.386000
1.386000
1.386000
1.386000
1.386000
1.386000
1.386000
1.386000
1.619000
1.619000
1.619000
1.619000
1.619000
1.853000
1.853000
1.853000
1.853000
1.853000
1.853000
1.853000
2.086000
2.086000
2.086000
2.086000
2.086000
2.086000
2.086000
2.086000
2.086000
2.320000
2.320000
2.320000
2.320000
2.320000
2.320000
2.320000
2.320000
2.320000
2.553000
2.553000
2.553000
2.553000
2.553000
2.553000
2.553000
2.787000
2.787000
2.787000
2.787000
2.787000
2.787000
2.787000
2.787000
2.787000
2.787000
2.787000
2.787000
2.787000
3.020000
3.020000
3.020000
3.020000
3.020000
3.020000
3.020000
3.020000
3.020000
3.020000
3.020000
3.254000
3.254000
3.254000
3.254000
3.254000
3.254000
3.487000
3.487000
3.487000
3.487000
3.487000
3.487000
3.487000
3.487000
3.487000
3.487000
3.487000
3.487000
3.487000
3.487000
3.721000
3.721000
3.721000
3.721000
3.721000
3.721000
3.721000
3.721000
3.954000
3.954000
3.954000
3.954000
3.954000
3.954000
3.954000
4.188000
4.188000
4.188000
4.188000
4.188000
4.188000
4.188000
4.421000
4.421000
4.421000
4.421000
4.421000
4.421000
4.421000
4.421000
4.421000
4.421000
4.421000
4.421000
4.421000
4.421000
4.655000
4.655000
4.655000
4.655000
4.655000
4.655000
4.655000
4.655000
4.655000
4.888000
4.888000
4.888000
4.888000
4.888000
4.888000
4.888000
4.888000
4.888000
4.888000
4.888000
5.122000
5.122000
5.122000
5.122000
5.122000
5.122000
5.122000
5.122000
5.122000
5.355000
5.355000
5.355000
5.355000
5.355000
5.355000
5.355000
5.589000
5.589000
5.589000
5.589000
5.589000
5.589000
5.589000
5.589000
5.589000
5.589000
5.822000
5.822000
5.822000
5.822000
5.822000
5.822000
5.822000
5.822000
6.056000
6.056000
6.056000
6.056000
6.056000
6.056000
6.056000
6.056000
6.056000
6.056000
6.056000
6.056000
6.289000
6.289000
6.289000
6.289000
6.289000
6.289000
6.289000
6.523000
6.523000
6.523000
6.523000
6.523000
6.523000
6.523000
6.523000
6.523000
6.523000
6.523000
6.523000
6.523000
6.523000
6.523000
6.756000
6.756000
6.756000
6.756000
6.756000
6.756000
6.756000
6.756000
6.756000
6.756000
6.756000
6.756000
6.756000
6.756000
6.756000
6.756000
6.756000
6.990000
6.990000
6.990000
6.990000
6.990000
6.990000
6.990000
6.990000
7.223000
7.223000
7.223000
7.223000
7.223000
7.223000
7.457000
7.457000
7.457000
7.457000
7.457000
7.457000
7.457000
7.457000
7.457000
7.457000
7.457000
7.457000
7.690000
7.690000
7.690000
7.690000
7.690000
7.690000
7.690000
7.690000
7.690000
7.690000
7.690000
7.690000
7.690000
7.690000
7.690000
7.690000
7.924000
7.924000
7.924000
7.924000
7.924000
7.924000
7.924000
8.157000
8.157000
8.157000
8.157000
8.157000
8.157000
8.157000
8.157000
8.157000
8.157000
8.157000
8.157000
8.391000
8.391000
8.391000
8.391000
8.391000
8.391000
8.391000
8.391000
8.391000
8.391000
8.391000
8.624000
8.624000
8.624000
8.624000
8.624000
8.624000
8.624000
8.624000
8.624000
8.858000
8.858000
8.858000
8.858000
8.858000
8.858000
8.858000
9.091000
9.091000
9.091000
9.091000
9.091000
9.091000
9.091000
9.325000
9.325000
9.325000
9.325000
9.325000
9.325000
9.558000
9.558000
9.558000
9.558000
9.558000
9.558000
9.558000
9.558000
9.558000
9.558000
9.558000
9.792000
9.792000
9.792000
9.792000
9.792000
9.792000
9.792000
9.792000
9.792000
9.792000
9.792000
9.792000
9.792000
9.792000
9.792000
9.792000
9.792000
9.792000
10.030000
10.030000
10.030000
10.030000
10.030000
10.030000
10.260000
10.260000
10.260000
10.260000
10.260000
10.260000
10.260000
10.490000
10.490000
10.490000
10.490000
10.490000
10.490000
10.490000
10.490000
10.490000
10.730000
10.730000
10.730000
10.730000
10.730000
10.730000
10.730000
10.730000
10.730000
10.730000
10.730000
10.730000
10.730000
10.960000
10.960000
10.960000
10.960000
10.960000
10.960000
10.960000
10.960000
10.960000
10.960000
10.960000
10.960000
10.960000
10.960000
11.190000
11.190000
11.190000
11.190000
11.190000
11.190000
11.190000
11.190000
11.190000
11.190000
11.190000
11.190000
11.190000
12.130000
12.130000
12.130000
12.130000
12.130000
12.130000
12.130000
12.130000
12.130000
13.070000
13.070000
13.070000
13.070000
13.070000
13.070000
13.070000
13.070000
13.070000
14.010000
14.010000
14.010000
14.010000
14.010000
14.010000
14.010000
14.010000
14.010000
14.010000
14.010000
14.010000
14.010000
14.010000
14.010000
14.950000
14.950000
14.950000
14.950000
14.950000
14.950000
14.950000
14.950000
14.950000
14.950000
14.950000
15.890000
15.890000
15.890000
15.890000
15.890000
15.890000
15.890000
15.890000
15.890000
15.890000
15.890000
15.890000
15.890000
15.890000
16.830000
16.830000
16.830000
16.830000
16.830000
16.830000
16.830000
16.830000
16.830000
17.770000
17.770000
17.770000
17.770000
17.770000
17.770000
17.770000
17.770000
17.770000
17.770000
18.709999
18.709999
18.709999
18.709999
18.709999
18.709999
18.709999
19.650000
19.650000
19.650000
19.650000
19.650000
19.650000
19.650000
19.650000
19.650000
19.650000
20.590000
20.590000
20.590000
20.590000
20.590000
20.590000
20.590000
20.590000
20.590000
20.590000
20.590000
20.590000
20.590000
21.530001
21.530001
21.530001
21.530001
21.530001
21.530001
21.530001
21.530001
21.530001
21.530001
21.530001
21.530001
21.530001
22.469999
22.469999
22.469999
22.469999
22.469999
22.469999
22.469999
22.469999
22.469999
22.469999
22.469999
22.469999
23.410000
23.410000
23.410000
23.410000
23.410000
23.410000
23.410000
23.410000
23.410000
24.340000
24.340000
24.340000
24.340000
24.340000
24.340000
24.340000
24.340000
24.340000
24.340000
24.340000
24.340000
24.340000
24.340000
24.340000
25.280001
25.280001
25.280001
25.280001
25.280001
25.280001
25.280001
25.280001
25.280001
25.280001
25.280001
25.280001
25.280001
26.219999
26.219999
26.219999
26.219999
26.219999
26.219999
26.219999
26.219999
26.219999
26.219999
27.160000
27.160000
27.160000
27.160000
27.160000
27.160000
28.100000
28.100000
28.100000
28.100000
28.100000
28.100000
28.100000
28.100000
29.040001
29.040001
29.040001
29.040001
29.040001
29.040001
29.040001
29.040001
29.040001
29.040001
29.040001
29.040001
29.040001
29.040001
29.040001
29.980000
29.980000
29.980000
29.980000
29.980000
29.980000
30.920000
30.920000
30.920000
30.920000
30.920000
30.920000
30.920000
30.920000
31.860001
31.860001
31.860001
31.860001
31.860001
31.860001
31.860001
31.860001
31.860001
31.860001
31.860001
32.799999
32.799999
32.799999
32.799999
32.799999
32.799999
32.799999
32.799999
32.799999
33.740002
33.740002
33.740002
33.740002
33.740002
33.740002
33.740002
33.740002
33.740002
33.740002
34.680000
34.680000
34.680000
34.680000
34.680000
34.680000
34.680000
34.680000
34.680000
34.680000
35.619999
35.619999
35.619999
35.619999
35.619999
35.619999
35.619999
35.619999
35.619999
35.619999
35.619999
36.560001
36.560001
36.560001
36.560001
36.560001
36.560001
36.560001
36.560001
36.560001
36.560001
37.500000
37.500000
37.500000
37.500000
37.500000
37.500000
37.500000
37.500000
38.439999
38.439999
38.439999
38.439999
38.439999
38.439999
38.439999
38.439999
38.439999
38.439999
38.439999
38.439999
39.380001
39.380001
39.380001
39.380001
39.380001
40.320000
40.320000
40.320000
40.320000
40.320000
40.320000
40.320000
40.320000
40.320000
40.320000
40.320000
40.320000
40.320000
41.259998
41.259998
41.259998
41.259998
41.259998
41.259998
41.259998
41.259998
41.259998
41.259998
42.189999
42.189999
42.189999
42.189999
42.189999
42.189999
42.189999
42.189999
42.189999
42.189999
43.130001
43.130001
43.130001
43.130001
43.130001
43.130001
43.130001
43.130001
43.130001
43.130001
43.130001
43.130001
44.070000
44.070000
44.070000
44.070000
44.070000
44.070000
44.070000
44.070000
44.070000
44.070000
45.009998
45.009998
45.009998
45.009998
45.009998
45.009998
45.009998
45.009998
45.009998
45.009998
45.950001
45.950001
45.950001
45.950001
45.950001
45.950001
46.889999
46.889999
46.889999
46.889999
46.889999
46.889999
46.889999
46.889999
46.889999
46.889999
46.889999
46.889999
46.889999
47.830002
47.830002
47.830002
47.830002
47.830002
47.830002
47.830002
47.830002
47.830002
47.830002
47.830002
47.830002
47.830002
48.770000
48.770000
48.770000
48.770000
48.770000
48.770000
48.770000
48.770000
48.770000
48.770000
48.770000
49.709999
49.709999
49.709999
49.709999
49.709999
49.709999
49.709999
50.650002
50.650002
50.650002
50.650002
50.650002
50.650002
50.650002
50.650002
50.650002
50.650002
51.590000
51.590000
51.590000
51.590000
51.590000
51.590000
51.590000
51.590000
51.590000
51.590000
52.529999
52.529999
52.529999
52.529999
52.529999
52.529999
52.529999
53.470001
53.470001
53.470001
53.470001
53.470001
53.470001
53.470001
53.470001
53.470001
53.470001
53.470001
60.740002
60.740002
60.740002
60.740002
60.740002
60.740002
68.010002
68.010002
68.010002
68.010002
68.010002
68.010002
68.010002
68.010002
68.010002
68.010002
68.010002
68.010002
75.279999
75.279999
75.279999
75.279999
75.279999
75.279999
82.550003
82.550003
82.550003
82.550003
82.550003
82.550003
82.550003
82.550003
82.550003
88.000000
88.000000
88.000000
88.000000
88.000000
88.000000
88.000000
88.000000
88.000000
88.000000
