0.000000
0.000000
0.000000
0.000000
0.000000
0.000000
0.000000
0.000000
0.000000
0.000000
0.000000
0.000000
0.000000
0.000000
0.000000
0.000000
0.000000
0.000000
0.000000
0.000000
0.000000
0.000000
0.000000
0.000000
0.000000
0.000000
0.000000
0.000000
0.000000
0.000000
0.000000
0.000000
0.000000
0.000000
0.000000
0.000000
0.000000
0.000000
0.000000
0.000000
0.000000
0.000000
0.000000
0.000000
0.000000
0.000000
0.230500
0.230500
0.230500
0.230500
0.230500
0.373100
0.373100
0.373100
0.373100
0.373100
0.373100
0.373100
0.373100
0.373100
0.373100
0.373100
0.373100
0.373100
0.373100
0.515700
0.515700
0.515700
0.515700
0.515700
0.515700
0.515700
0.515700
0.515700
0.515700
0.658300
0.658300
0.658300
0.658300
0.658300
0.658300
0.658300
0.658300
0.658300
0.658300
0.658300
0.800900
0.800900
0.800900
0.800900
0.943500
0.943500
0.943500
0.943500
0.943500
0.943500
0.943500
0.943500
0.943500
0.943500
0.943500
1.086000
1.086000
1.086000
1.086000
1.086000
1.086000
1.086000
1.086000
1.086000
1.086000
1.086000
1.086000
1.086000
1.086000
1.086000
1.229000
1.229000
1.229000
1.229000
1.229000
1.229000
1.229000
1.229000
1.371000
1.371000
1.371000
1.371000
1.371000
1.371000
1.371000
1.371000
1.371000
1.371000
1.371000
1.514000
1.514000
1.514000
1.514000
1.514000
1.514000
1.514000
1.657000
1.657000
1.657000
1.657000
1.657000
1.657000
1.657000
1.657000
1.657000
1.657000
1.657000
1.657000
1.657000
1.657000
1.799000
1.799000
1.799000
1.942000
1.942000
1.942000
1.942000
1.942000
1.942000
1.942000
1.942000
1.942000
1.942000
1.942000
2.084000
2.084000
2.084000
2.084000
2.084000
2.084000
2.084000
2.084000
2.084000
2.084000
2.084000
2.084000
2.227000
2.227000
2.227000
2.227000
2.227000
2.227000
2.227000
2.227000
2.227000
2.227000
2.227000
2.227000
2.227000
2.370000
2.370000
2.370000
2.370000
2.370000
2.370000
2.370000
2.370000
2.370000
2.512000
2.512000
2.512000
2.512000
2.512000
2.512000
2.512000
2.512000
2.655000
2.655000
2.655000
2.655000
2.655000
2.655000
2.655000
2.655000
2.655000
2.798000
2.798000
2.798000
2.798000
2.798000
2.798000
2.798000
2.798000
2.798000
2.798000
2.798000
2.798000
2.940000
2.940000
2.940000
2.940000
2.940000
2.940000
2.940000
2.940000
2.940000
2.940000
2.940000
3.083000
3.083000
3.083000
3.083000
3.083000
3.083000
3.083000
3.083000
3.083000
3.083000
3.083000
3.083000
3.083000
3.083000
3.083000
3.225000
3.225000
3.225000
3.225000
3.225000
3.225000
3.225000
3.225000
3.225000
3.225000
3.368000
3.368000
3.368000
3.368000
3.368000
3.368000
3.368000
3.368000
3.368000
3.368000
3.368000
3.368000
3.511000
3.511000
3.511000
3.511000
3.511000
3.511000
3.511000
3.511000
3.653000
3.653000
3.653000
3.653000
3.653000
3.653000
3.653000
3.653000
3.653000
3.653000
3.796000
3.796000
3.796000
3.796000
3.796000
3.796000
3.796000
3.938000
3.938000
3.938000
3.938000
3.938000
3.938000
3.938000
3.938000
3.938000
3.938000
3.938000
4.081000
4.081000
4.081000
4.081000
4.081000
4.081000
4.081000
4.081000
4.081000
4.081000
4.081000
4.081000
4.081000
4.081000
4.081000
4.224000
4.224000
4.224000
4.224000
4.224000
4.224000
4.224000
4.224000
4.366000
4.366000
4.366000
4.366000
4.366000
4.366000
4.366000
4.366000
4.509000
4.509000
4.509000
4.509000
4.509000
4.509000
4.509000
4.509000
4.509000
4.509000
4.509000
4.509000
4.509000
4.652000
4.652000
4.652000
4.652000
4.652000
4.652000
4.794000
4.794000
4.794000
4.794000
4.794000
4.794000
4.794000
4.794000
4.794000
4.794000
4.794000
4.794000
4.937000
4.937000
4.937000
4.937000
4.937000
4.937000
4.937000
4.937000
4.937000
4.937000
4.937000
4.937000
5.079000
5.079000
5.079000
5.079000
5.079000
5.079000
5.079000
5.079000
5.079000
5.079000
5.079000
5.222000
5.222000
5.222000
5.222000
5.222000
5.222000
5.222000
5.222000
5.222000
5.222000
5.365000
5.365000
5.365000
5.365000
5.365000
5.365000
5.365000
5.365000
5.365000
5.365000
5.365000
5.365000
5.365000
5.507000
5.507000
5.507000
5.507000
5.507000
5.507000
5.650000
5.650000
5.650000
5.650000
5.650000
5.650000
5.650000
5.650000
5.650000
5.793000
5.793000
5.793000
5.793000
5.793000
5.793000
5.793000
5.935000
5.935000
5.935000
5.935000
5.935000
5.935000
5.935000
5.935000
5.935000
5.935000
5.935000
5.935000
5.935000
6.078000
6.078000
6.078000
6.078000
6.078000
6.078000
6.078000
6.078000
6.078000
6.078000
6.220000
6.220000
6.220000
6.220000
6.220000
6.220000
6.220000
6.220000
6.220000
6.220000
6.220000
6.220000
6.220000
6.363000
6.363000
6.363000
6.363000
6.363000
6.363000
6.506000
6.506000
6.506000
6.506000
6.506000
6.506000
6.506000
6.506000
6.506000
6.506000
6.506000
6.648000
6.648000
6.648000
6.648000
6.648000
6.648000
6.648000
6.648000
7.354000
7.354000
7.354000
7.354000
7.354000
7.354000
7.354000
7.354000
7.354000
7.354000
8.059000
8.059000
8.059000
8.059000
8.059000
8.059000
8.059000
8.059000
8.764000
8.764000
8.764000
8.764000
8.764000
8.764000
8.764000
8.764000
8.764000
8.764000
8.764000
8.764000
8.764000
8.764000
8.764000
9.469000
9.469000
9.469000
9.469000
9.469000
9.469000
9.469000
9.469000
9.469000
10.170000
10.170000
10.170000
10.170000
10.170000
10.170000
10.170000
10.170000
10.880000
10.880000
10.880000
10.880000
10.880000
11.590000
11.590000
11.590000
11.590000
11.590000
11.590000
11.590000
11.590000
11.590000
12.290000
12.290000
12.290000
12.290000
12.290000
12.290000
12.290000
12.290000
13.000000
13.000000
13.000000
13.000000
13.000000
13.000000
13.000000
13.000000
13.000000
13.000000
13.000000
13.000000
13.700000
13.700000
13.700000
13.700000
13.700000
13.700000
13.700000
13.700000
14.410000
14.410000
14.410000
14.410000
14.410000
14.410000
14.410000
14.410000
14.410000
14.410000
15.110000
15.110000
15.110000
15.110000
15.110000
15.110000
15.110000
15.110000
15.110000
15.820000
15.820000
15.820000
15.820000
15.820000
15.820000
15.820000
15.820000
15.820000
15.820000
15.820000
15.820000
15.820000
16.520000
16.520000
16.520000
16.520000
16.520000
16.520000
16.520000
16.520000
16.520000
16.520000
16.520000
16.520000
17.230000
17.230000
17.230000
17.230000
17.230000
17.230000
17.930000
17.930000
17.930000
17.930000
17.930000
17.930000
17.930000
17.930000
18.639999
18.639999
18.639999
18.639999
18.639999
18.639999
18.639999
18.639999
19.340000
19.340000
19.340000
19.340000
19.340000
19.340000
19.340000
19.340000
19.340000
19.340000
19.340000
20.049999
20.049999
20.049999
20.049999
20.049999
20.049999
20.049999
20.049999
20.049999
20.049999
20.049999
20.049999
20.049999
20.049999
20.049999
20.750000
20.750000
20.750000
20.750000
20.750000
20.750000
21.459999
21.459999
21.459999
21.459999
21.459999
21.459999
21.459999
22.160000
22.160000
22.160000
22.160000
22.160000
22.160000
22.160000
22.160000
22.160000
22.160000
22.870001
22.870001
22.870001
22.870001
22.870001
22.870001
22.870001
22.870001
22.870001
22.870001
22.870001
22.870001
22.870001
23.570000
23.570000
23.570000
23.570000
23.570000
23.570000
23.570000
23.570000
23.570000
23.570000
23.570000
23.570000
23.570000
23.570000
23.570000
24.280001
24.280001
24.280001
24.280001
24.280001
24.280001
24.280001
24.280001
24.280001
24.280001
24.280001
24.280001
24.280001
24.990000
24.990000
24.990000
24.990000
24.990000
24.990000
25.690001
25.690001
25.690001
25.690001
25.690001
25.690001
25.690001
26.400000
26.400000
26.400000
26.400000
26.400000
26.400000
26.400000
26.400000
26.400000
26.400000
26.400000
26.400000
26.400000
26.400000
27.100000
27.100000
27.100000
27.100000
27.100000
27.100000
27.100000
27.100000
27.100000
27.100000
27.100000
27.100000
27.809999
27.809999
27.809999
27.809999
27.809999
27.809999
27.809999
27.809999
27.809999
28.510000
28.510000
28.510000
28.510000
28.510000
28.510000
28.510000
28.510000
28.510000
28.510000
28.510000
28.510000
29.219999
29.219999
29.219999
29.219999
29.219999
29.219999
29.920000
29.920000
29.920000
29.920000
29.920000
29.920000
29.920000
29.920000
29.920000
30.629999
30.629999
30.629999
30.629999
30.629999
30.629999
30.629999
30.629999
30.629999
30.629999
30.629999
30.629999
30.629999
30.629999
30.629999
31.330000
31.330000
31.330000
31.330000
31.330000
31.330000
31.330000
31.330000
31.330000
31.330000
32.040001
32.040001
32.040001
32.040001
32.040001
32.040001
32.040001
32.040001
32.740002
32.740002
32.740002
32.740002
32.740002
32.740002
33.450001
33.450001
33.450001
33.450001
33.450001
33.450001
33.450001
33.450001
34.150002
34.150002
34.150002
34.150002
34.150002
34.150002
34.150002
34.860001
34.860001
34.860001
34.860001
34.860001
34.860001
34.860001
34.860001
34.860001
34.860001
35.560001
35.560001
35.560001
35.560001
35.560001
35.560001
35.560001
35.560001
35.560001
35.560001
35.560001
35.560001
35.560001
35.560001
35.560001
35.560001
36.270000
36.270000
36.270000
36.270000
36.270000
36.270000
36.270000
36.980000
36.980000
36.980000
36.980000
36.980000
36.980000
36.980000
36.980000
36.980000
37.680000
37.680000
37.680000
37.680000
37.680000
38.389999
38.389999
38.389999
38.389999
38.389999
38.389999
38.389999
38.389999
38.389999
38.389999
38.389999
38.389999
38.389999
38.389999
42.320000
42.320000
42.320000
42.320000
42.320000
42.320000
42.320000
42.320000
42.320000
42.320000
42.320000
42.320000
42.320000
42.320000
42.320000
42.320000
46.250000
46.250000
46.250000
46.250000
46.250000
50.180000
50.180000
50.180000
50.180000
50.180000
50.180000
50.180000
50.180000
50.180000
50.180000
50.180000
54.110001
54.110001
54.110001
54.110001
54.110001
54.110001
54.110001
54.110001
54.110001
54.110001
57.060001
57.060001
57.060001
57.060001
57.060001
57.060001
57.060001
57.060001
57.060001
57.060001
57.060001
57.060001
