0.000000
0.000000
0.000000
0.000000
0.000000
0.000000
0.000000
0.000000
0.000000
0.000000
0.000000
0.000000
0.000000
0.000000
0.000000
0.000000
0.000000
0.000000
0.000000
0.000000
0.000000
0.000000
0.000000
0.000000
0.000000
0.000000
0.000000
0.000000
0.000000
0.000000
0.000000
0.000000
0.000000
0.000000
0.000000
0.000000
0.000000
0.000000
0.000000
0.000000
0.000000
0.000000
0.000000
0.000000
0.000000
0.000000
0.000000
0.000000
0.000000
0.071890
0.071890
0.071890
0.071890
0.071890
0.071890
0.071890
0.071890
0.071890
0.071890
0.071890
0.071890
0.071890
0.071890
0.071890
0.208600
0.208600
0.208600
0.208600
0.208600
0.345200
0.345200
0.345200
0.345200
0.345200
0.345200
0.345200
0.345200
0.345200
0.345200
0.345200
0.345200
0.481900
0.481900
0.481900
0.481900
0.481900
0.481900
0.481900
0.481900
0.618600
0.618600
0.618600
0.618600
0.618600
0.618600
0.618600
0.755200
0.755200
0.755200
0.755200
0.755200
0.755200
0.755200
0.755200
0.755200
0.755200
0.891900
0.891900
0.891900
0.891900
0.891900
0.891900
0.891900
0.891900
0.891900
0.891900
0.891900
1.029000
1.029000
1.029000
1.029000
1.029000
1.029000
1.029000
1.029000
1.165000
1.165000
1.165000
1.165000
1.165000
1.165000
1.165000
1.302000
1.302000
1.302000
1.302000
1.302000
1.302000
1.302000
1.302000
1.302000
1.302000
1.302000
1.302000
1.302000
1.302000
1.302000
1.439000
1.439000
1.439000
1.439000
1.439000
1.439000
1.439000
1.439000
1.439000
1.439000
1.439000
1.575000
1.575000
1.575000
1.575000
1.575000
1.575000
1.575000
1.575000
1.575000
1.575000
1.575000
1.575000
1.712000
1.712000
1.712000
1.712000
1.712000
1.712000
1.712000
1.712000
1.712000
1.712000
1.712000
1.712000
1.712000
1.712000
1.849000
1.849000
1.849000
1.849000
1.849000
1.849000
1.849000
1.849000
1.849000
1.849000
1.849000
1.849000
1.849000
1.849000
1.985000
1.985000
1.985000
1.985000
1.985000
1.985000
1.985000
1.985000
1.985000
1.985000
1.985000
1.985000
1.985000
2.122000
2.122000
2.122000
2.122000
2.122000
2.122000
2.122000
2.122000
2.122000
2.259000
2.259000
2.259000
2.259000
2.259000
2.259000
2.259000
2.395000
2.395000
2.395000
2.395000
2.395000
2.395000
2.395000
2.395000
2.532000
2.532000
2.532000
2.532000
2.532000
2.532000
2.532000
2.532000
2.532000
2.532000
2.669000
2.669000
2.669000
2.669000
2.669000
2.669000
2.669000
2.669000
2.669000
2.805000
2.805000
2.805000
2.805000
2.805000
2.805000
2.805000
2.805000
2.805000
2.805000
2.805000
2.805000
2.805000
2.805000
2.805000
2.805000
2.805000
2.942000
2.942000
2.942000
2.942000
2.942000
2.942000
3.079000
3.079000
3.079000
3.079000
3.079000
3.079000
3.079000
3.215000
3.215000
3.215000
3.215000
3.215000
3.215000
3.215000
3.352000
3.352000
3.352000
3.352000
3.352000
3.352000
3.352000
3.489000
3.489000
3.489000
3.489000
3.489000
3.489000
3.489000
3.489000
3.489000
3.489000
3.489000
3.489000
3.625000
3.625000
3.625000
3.625000
3.625000
3.625000
3.625000
3.625000
3.762000
3.762000
3.762000
3.762000
3.762000
3.762000
3.762000
3.762000
3.762000
3.762000
3.762000
3.762000
3.899000
3.899000
3.899000
3.899000
3.899000
3.899000
3.899000
3.899000
3.899000
3.899000
4.035000
4.035000
4.035000
4.035000
4.035000
4.035000
4.172000
4.172000
4.172000
4.172000
4.172000
4.172000
4.172000
4.172000
4.172000
4.172000
4.308000
4.308000
4.308000
4.308000
4.308000
4.308000
4.445000
4.445000
4.445000
4.445000
4.445000
4.445000
4.445000
4.445000
4.445000
4.445000
4.582000
4.582000
4.582000
4.582000
4.582000
4.582000
4.582000
4.582000
4.582000
4.582000
4.582000
4.718000
4.718000
4.718000
4.718000
4.718000
4.718000
4.718000
4.718000
4.718000
4.718000
4.855000
4.855000
4.855000
4.855000
4.855000
4.855000
4.855000
4.855000
4.855000
4.855000
4.855000
4.992000
4.992000
4.992000
4.992000
4.992000
4.992000
5.128000
5.128000
5.128000
5.128000
5.128000
5.128000
5.128000
5.265000
5.265000
5.265000
5.265000
5.265000
5.265000
5.265000
5.265000
5.265000
5.265000
5.402000
5.402000
5.402000
5.402000
5.402000
5.402000
5.402000
5.402000
5.538000
5.538000
5.538000
5.538000
5.538000
5.538000
5.538000
5.675000
5.675000
5.675000
5.675000
5.675000
5.675000
5.812000
5.812000
5.812000
5.812000
5.812000
5.812000
5.812000
5.812000
5.812000
5.812000
5.812000
5.812000
5.812000
5.812000
5.948000
5.948000
5.948000
5.948000
5.948000
5.948000
5.948000
6.085000
6.085000
6.085000
6.085000
6.085000
6.085000
6.085000
6.085000
6.085000
6.085000
6.085000
6.085000
6.085000
6.085000
6.085000
6.222000
6.222000
6.222000
6.222000
6.222000
6.222000
6.222000
6.222000
6.222000
6.836000
6.836000
6.836000
7.451000
7.451000
7.451000
7.451000
7.451000
7.451000
7.451000
7.451000
7.451000
8.066000
8.066000
8.066000
8.066000
8.066000
8.066000
8.066000
8.066000
8.066000
8.066000
8.066000
8.066000
8.680000
8.680000
8.680000
8.680000
8.680000
8.680000
8.680000
8.680000
8.680000
8.680000
9.295000
9.295000
9.295000
9.295000
9.295000
9.295000
9.295000
9.909000
9.909000
9.909000
9.909000
9.909000
9.909000
9.909000
9.909000
9.909000
9.909000
9.909000
10.520000
10.520000
10.520000
10.520000
10.520000
10.520000
10.520000
10.520000
10.520000
10.520000
10.520000
10.520000
10.520000
10.520000
10.520000
10.520000
10.520000
10.520000
10.520000
10.520000
10.520000
10.520000
11.140000
11.140000
11.140000
11.140000
11.140000
11.140000
11.140000
11.140000
11.140000
11.140000
11.140000
11.750000
11.750000
11.750000
11.750000
11.750000
11.750000
11.750000
11.750000
11.750000
11.750000
12.370000
12.370000
12.370000
12.370000
12.370000
12.370000
12.370000
12.370000
12.370000
12.370000
12.370000
12.370000
12.370000
12.370000
12.980000
12.980000
12.980000
12.980000
12.980000
12.980000
12.980000
12.980000
12.980000
12.980000
12.980000
12.980000
12.980000
12.980000
13.600000
13.600000
13.600000
13.600000
13.600000
13.600000
13.600000
13.600000
13.600000
13.600000
14.210000
14.210000
14.210000
14.210000
14.210000
14.210000
14.210000
14.210000
14.210000
14.830000
14.830000
14.830000
14.830000
14.830000
14.830000
15.440000
15.440000
15.440000
15.440000
15.440000
15.440000
16.049999
16.049999
16.049999
16.049999
16.049999
16.049999
16.049999
16.049999
16.049999
16.049999
16.049999
16.049999
16.049999
16.049999
16.049999
16.670000
16.670000
16.670000
16.670000
16.670000
16.670000
16.670000
16.670000
16.670000
16.670000
17.280001
17.280001
17.280001
17.280001
17.280001
17.280001
17.280001
17.280001
17.280001
17.280001
17.280001
17.280001
17.280001
17.900000
17.900000
17.900000
17.900000
17.900000
18.510000
18.510000
18.510000
18.510000
18.510000
18.510000
18.510000
18.510000
18.510000
19.129999
19.129999
19.129999
19.129999
19.129999
19.129999
19.129999
19.129999
19.129999
19.129999
19.740000
19.740000
19.740000
19.740000
19.740000
19.740000
19.740000
19.740000
19.740000
20.360001
20.360001
20.360001
20.360001
20.360001
20.360001
20.360001
20.360001
20.360001
20.969999
20.969999
20.969999
20.969999
20.969999
20.969999
20.969999
20.969999
20.969999
20.969999
21.590000
21.590000
21.590000
21.590000
21.590000
21.590000
21.590000
21.590000
22.200001
22.200001
22.200001
22.200001
22.200001
22.820000
22.820000
22.820000
22.820000
22.820000
22.820000
22.820000
23.430000
23.430000
23.430000
23.430000
23.430000
23.430000
23.430000
23.430000
23.430000
23.430000
23.430000
23.430000
23.430000
24.040001
24.040001
24.040001
24.040001
24.040001
24.040001
24.040001
24.040001
24.040001
24.040001
24.040001
24.040001
24.040001
24.660000
24.660000
24.660000
24.660000
24.660000
24.660000
24.660000
24.660000
25.270000
25.270000
25.270000
25.270000
25.270000
25.270000
25.270000
25.270000
25.270000
25.889999
25.889999
25.889999
25.889999
25.889999
25.889999
25.889999
25.889999
26.500000
26.500000
26.500000
26.500000
26.500000
26.500000
26.500000
26.500000
26.500000
27.120001
27.120001
27.120001
27.120001
27.120001
27.120001
27.120001
27.120001
27.120001
27.120001
27.120001
27.120001
27.120001
27.730000
27.730000
27.730000
27.730000
27.730000
27.730000
27.730000
27.730000
27.730000
27.730000
27.730000
27.730000
28.350000
28.350000
28.350000
28.350000
28.350000
28.350000
28.350000
28.350000
28.350000
28.350000
28.350000
28.959999
28.959999
28.959999
28.959999
28.959999
28.959999
28.959999
28.959999
28.959999
28.959999
29.580000
29.580000
29.580000
29.580000
29.580000
29.580000
29.580000
29.580000
29.580000
29.580000
29.580000
30.190001
30.190001
30.190001
30.190001
30.190001
30.190001
30.190001
30.190001
30.190001
30.190001
30.799999
30.799999
30.799999
30.799999
30.799999
30.799999
30.799999
30.799999
30.799999
31.420000
31.420000
31.420000
31.420000
31.420000
31.420000
31.420000
31.420000
31.420000
31.420000
31.420000
31.420000
31.420000
31.420000
31.420000
31.420000
31.420000
32.029999
32.029999
32.029999
32.029999
32.029999
32.029999
32.029999
32.029999
32.029999
32.029999
32.650002
32.650002
32.650002
32.650002
32.650002
32.650002
32.650002
32.650002
32.650002
33.259998
33.259998
33.259998
33.259998
33.259998
33.259998
33.259998
33.259998
33.259998
33.880001
33.880001
33.880001
33.880001
33.880001
33.880001
33.880001
33.880001
33.880001
33.880001
40.549999
40.549999
40.549999
40.549999
40.549999
40.549999
40.549999
40.549999
40.549999
40.549999
47.220001
47.220001
47.220001
47.220001
47.220001
47.220001
47.220001
47.220001
53.900002
53.900002
53.900002
53.900002
53.900002
53.900002
53.900002
53.900002
53.900002
53.900002
53.900002
53.900002
53.900002
53.900002
60.570000
60.570000
60.570000
60.570000
60.570000
60.570000
60.570000
60.570000
60.570000
60.570000
60.570000
60.570000
65.580002
65.580002
65.580002
65.580002
65.580002
65.580002
65.580002
65.580002
