0.000000
0.000000
0.000000
0.000000
0.000000
0.000000
0.000000
0.000000
0.000000
0.000000
0.000000
0.000000
0.000000
0.000000
0.000000
0.000000
0.000000
0.000000
0.000000
0.000000
0.000000
0.000000
0.000000
0.000000
0.000000
0.000000
0.000000
0.000000
0.000000
0.000000
0.000000
0.000000
0.000000
0.000000
0.000000
0.000000
0.000000
0.000000
0.000000
0.000000
0.310200
0.310200
0.310200
0.310200
0.310200
0.310200
0.310200
0.310200
0.420600
0.420600
0.420600
0.420600
0.420600
0.420600
0.420600
0.420600
0.420600
0.420600
0.420600
0.531000
0.531000
0.531000
0.531000
0.531000
0.531000
0.531000
0.531000
0.641300
0.641300
0.641300
0.641300
0.641300
0.641300
0.641300
0.641300
0.641300
0.641300
0.641300
0.641300
0.641300
0.751700
0.751700
0.751700
0.751700
0.751700
0.751700
0.751700
0.751700
0.751700
0.751700
0.751700
0.751700
0.862100
0.862100
0.862100
0.862100
0.972500
0.972500
0.972500
0.972500
0.972500
0.972500
0.972500
0.972500
0.972500
0.972500
1.083000
1.083000
1.083000
1.083000
1.083000
1.083000
1.083000
1.083000
1.083000
1.083000
1.083000
1.083000
1.083000
1.083000
1.193000
1.193000
1.193000
1.193000
1.193000
1.193000
1.193000
1.193000
1.193000
1.304000
1.304000
1.304000
1.304000
1.304000
1.304000
1.304000
1.304000
1.304000
1.304000
1.414000
1.414000
1.414000
1.414000
1.414000
1.414000
1.524000
1.524000
1.524000
1.524000
1.524000
1.524000
1.524000
1.524000
1.524000
1.524000
1.524000
1.524000
1.635000
1.635000
1.635000
1.635000
1.635000
1.635000
1.635000
1.635000
1.635000
1.635000
1.635000
1.635000
1.745000
1.745000
1.745000
1.745000
1.745000
1.745000
1.745000
1.745000
1.745000
1.856000
1.856000
1.856000
1.856000
1.856000
1.856000
1.856000
1.856000
1.856000
1.856000
1.856000
1.856000
1.856000
1.856000
1.856000
1.856000
1.856000
1.966000
1.966000
1.966000
1.966000
1.966000
1.966000
1.966000
1.966000
1.966000
1.966000
1.966000
1.966000
2.076000
2.076000
2.076000
2.076000
2.076000
2.076000
2.076000
2.076000
2.076000
2.076000
2.076000
2.076000
2.076000
2.187000
2.187000
2.187000
2.297000
2.297000
2.297000
2.297000
2.297000
2.297000
2.297000
2.297000
2.297000
2.297000
2.297000
2.408000
2.408000
2.408000
2.408000
2.518000
2.518000
2.518000
2.518000
2.518000
2.518000
2.518000
2.518000
2.518000
2.518000
2.518000
2.518000
2.628000
2.628000
2.628000
2.628000
2.628000
2.628000
2.628000
2.628000
2.628000
2.628000
2.628000
2.739000
2.739000
2.739000
2.739000
2.739000
2.739000
2.849000
2.849000
2.849000
2.849000
2.849000
2.849000
2.849000
2.849000
2.849000
2.849000
2.849000
2.849000
2.849000
2.849000
2.849000
2.849000
2.960000
2.960000
2.960000
2.960000
2.960000
2.960000
2.960000
2.960000
3.070000
3.070000
3.070000
3.070000
3.070000
3.070000
3.070000
3.070000
3.180000
3.180000
3.180000
3.180000
3.180000
3.180000
3.180000
3.180000
3.180000
3.291000
3.291000
3.291000
3.401000
3.401000
3.401000
3.401000
3.401000
3.401000
3.401000
3.401000
3.401000
3.511000
3.511000
3.511000
3.511000
3.511000
3.511000
3.511000
3.511000
3.511000
3.511000
3.622000
3.622000
3.622000
3.622000
3.622000
3.622000
3.622000
3.732000
3.732000
3.732000
3.732000
3.732000
3.732000
3.732000
3.732000
3.843000
3.843000
3.843000
3.843000
3.843000
3.843000
3.843000
3.843000
3.843000
3.843000
3.843000
3.843000
3.953000
3.953000
3.953000
3.953000
3.953000
3.953000
3.953000
3.953000
3.953000
3.953000
3.953000
3.953000
3.953000
3.953000
4.063000
4.063000
4.063000
4.063000
4.063000
4.063000
4.063000
4.063000
4.063000
4.063000
4.063000
4.063000
4.174000
4.174000
4.174000
4.284000
4.284000
4.284000
4.284000
4.284000
4.284000
4.284000
4.284000
4.284000
4.284000
4.284000
4.284000
4.284000
4.284000
4.284000
4.284000
4.284000
4.284000
4.284000
4.395000
4.395000
4.395000
4.395000
4.395000
4.395000
4.395000
4.395000
4.505000
4.505000
4.505000
4.505000
4.505000
4.505000
4.505000
4.505000
4.505000
4.615000
4.615000
4.615000
4.615000
4.615000
4.615000
4.615000
4.726000
4.726000
4.726000
4.726000
4.726000
4.726000
4.726000
4.726000
4.726000
4.726000
4.726000
4.836000
4.836000
4.836000
4.836000
4.836000
4.836000
4.836000
4.836000
4.836000
4.836000
4.947000
4.947000
4.947000
4.947000
4.947000
4.947000
4.947000
4.947000
4.947000
4.947000
4.947000
4.947000
4.947000
4.947000
4.947000
4.947000
5.057000
5.057000
5.057000
5.057000
5.057000
5.057000
5.057000
5.057000
5.057000
5.057000
5.057000
5.167000
5.167000
5.167000
5.167000
5.167000
5.167000
5.167000
5.278000
5.278000
5.278000
5.278000
5.278000
5.278000
5.278000
5.278000
5.278000
5.278000
5.278000
6.089000
6.089000
6.089000
6.089000
6.089000
6.089000
6.089000
6.089000
6.089000
6.089000
6.089000
6.089000
6.089000
6.089000
6.089000
6.901000
6.901000
6.901000
6.901000
6.901000
6.901000
6.901000
6.901000
6.901000
7.712000
7.712000
7.712000
7.712000
7.712000
7.712000
7.712000
7.712000
7.712000
7.712000
8.524000
8.524000
8.524000
8.524000
8.524000
8.524000
8.524000
8.524000
8.524000
8.524000
8.524000
8.524000
8.524000
8.524000
9.335000
9.335000
9.335000
9.335000
9.335000
9.335000
9.335000
9.335000
9.335000
9.335000
9.335000
9.335000
9.335000
9.335000
9.335000
9.335000
9.335000
9.335000
9.335000
10.150000
10.150000
10.150000
10.960000
10.960000
10.960000
10.960000
10.960000
10.960000
10.960000
10.960000
10.960000
10.960000
10.960000
10.960000
11.770000
11.770000
11.770000
11.770000
11.770000
11.770000
11.770000
11.770000
12.580000
12.580000
12.580000
12.580000
12.580000
12.580000
12.580000
12.580000
12.580000
12.580000
12.580000
12.580000
12.580000
13.390000
13.390000
13.390000
13.390000
13.390000
13.390000
13.390000
13.390000
14.200000
14.200000
14.200000
14.200000
14.200000
14.200000
15.020000
15.020000
15.020000
15.020000
15.020000
15.020000
15.020000
15.020000
15.830000
15.830000
15.830000
15.830000
15.830000
15.830000
15.830000
15.830000
15.830000
15.830000
15.830000
15.830000
15.830000
15.830000
15.830000
15.830000
16.639999
16.639999
16.639999
16.639999
16.639999
16.639999
16.639999
16.639999
16.639999
16.639999
16.639999
16.639999
16.639999
16.639999
16.639999
16.639999
17.450001
17.450001
17.450001
17.450001
17.450001
17.450001
17.450001
17.450001
17.450001
17.450001
17.450001
17.450001
17.450001
17.450001
17.450001
17.450001
18.260000
18.260000
18.260000
18.260000
18.260000
18.260000
18.260000
18.260000
18.260000
18.260000
19.070000
19.070000
19.070000
19.070000
19.070000
19.070000
19.070000
19.070000
19.070000
19.879999
19.879999
19.879999
19.879999
19.879999
19.879999
20.700001
20.700001
20.700001
20.700001
20.700001
20.700001
20.700001
20.700001
20.700001
20.700001
21.510000
21.510000
21.510000
21.510000
21.510000
21.510000
21.510000
21.510000
21.510000
21.510000
22.320000
22.320000
22.320000
22.320000
22.320000
22.320000
22.320000
22.320000
22.320000
23.129999
23.129999
23.129999
23.129999
23.129999
23.129999
23.129999
23.129999
23.940001
23.940001
23.940001
23.940001
23.940001
23.940001
24.750000
24.750000
24.750000
24.750000
24.750000
24.750000
24.750000
24.750000
24.750000
24.750000
25.559999
25.559999
25.559999
25.559999
25.559999
25.559999
25.559999
25.559999
26.379999
26.379999
26.379999
26.379999
26.379999
26.379999
26.379999
26.379999
26.379999
26.379999
26.379999
26.379999
27.190001
27.190001
27.190001
27.190001
27.190001
27.190001
27.190001
27.190001
27.190001
27.190001
27.190001
27.190001
27.190001
27.190001
27.190001
27.190001
28.000000
28.000000
28.000000
28.000000
28.000000
28.000000
28.000000
28.000000
28.000000
28.809999
28.809999
28.809999
28.809999
28.809999
28.809999
29.620001
29.620001
29.620001
29.620001
29.620001
29.620001
29.620001
29.620001
30.430000
30.430000
30.430000
30.430000
30.430000
30.430000
30.430000
30.430000
30.430000
30.430000
31.240000
31.240000
31.240000
31.240000
31.240000
31.240000
31.240000
31.240000
31.240000
31.240000
32.060001
32.060001
32.060001
32.060001
32.060001
32.060001
32.060001
32.060001
32.060001
32.060001
32.060001
32.060001
32.060001
32.060001
32.060001
32.060001
32.060001
32.869999
32.869999
32.869999
32.869999
32.869999
32.869999
32.869999
32.869999
32.869999
32.869999
33.680000
33.680000
33.680000
33.680000
33.680000
33.680000
33.680000
33.680000
34.490002
34.490002
34.490002
34.490002
34.490002
34.490002
34.490002
34.490002
34.490002
34.490002
34.490002
35.299999
35.299999
35.299999
35.299999
35.299999
35.299999
35.299999
35.299999
35.299999
36.110001
36.110001
36.110001
36.110001
36.110001
36.110001
36.110001
36.919998
36.919998
36.919998
36.919998
36.919998
36.919998
36.919998
36.919998
36.919998
36.919998
36.919998
36.919998
37.740002
37.740002
37.740002
37.740002
37.740002
37.740002
37.740002
37.740002
37.740002
37.740002
37.740002
37.740002
38.549999
38.549999
38.549999
38.549999
38.549999
38.549999
38.549999
38.549999
38.549999
38.549999
38.549999
39.360001
39.360001
39.360001
39.360001
39.360001
40.169998
40.169998
40.169998
40.169998
40.169998
40.169998
40.169998
40.169998
40.169998
40.169998
40.169998
40.169998
40.169998
40.980000
40.980000
40.980000
40.980000
40.980000
40.980000
40.980000
40.980000
40.980000
40.980000
40.980000
40.980000
40.980000
41.790001
41.790001
41.790001
41.790001
41.790001
41.790001
41.790001
52.450001
52.450001
52.450001
52.450001
52.450001
52.450001
52.450001
52.450001
52.450001
52.450001
63.099998
63.099998
63.099998
63.099998
63.099998
73.760002
73.760002
73.760002
73.760002
73.760002
73.760002
73.760002
73.760002
84.410004
84.410004
84.410004
84.410004
84.410004
84.410004
84.410004
84.410004
84.410004
84.410004
92.400002
92.400002
92.400002
92.400002
92.400002
92.400002
92.400002
