0.000000
0.000000
0.000000
0.000000
0.000000
0.000000
0.000000
0.000000
0.000000
0.000000
0.000000
0.000000
0.000000
0.000000
0.000000
0.000000
0.000000
0.000000
0.000000
0.000000
0.000000
0.000000
0.000000
0.000000
0.000000
0.000000
0.000000
0.000000
0.000000
0.000000
0.000000
0.000000
0.000000
0.000000
0.000000
0.000000
0.000000
0.000000
0.000000
0.000000
0.000000
0.000000
0.000000
0.000000
0.000000
0.000000
0.000000
0.000000
0.116500
0.116500
0.116500
0.116500
0.116500
0.116500
0.116500
0.116500
0.116500
0.116500
0.116500
0.116500
0.116500
0.116500
0.206100
0.206100
0.206100
0.206100
0.206100
0.206100
0.206100
0.206100
0.206100
0.295800
0.295800
0.295800
0.295800
0.295800
0.295800
0.295800
0.295800
0.295800
0.295800
0.385400
0.385400
0.385400
0.385400
0.385400
0.385400
0.475000
0.475000
0.475000
0.475000
0.475000
0.475000
0.475000
0.475000
0.475000
0.475000
0.475000
0.475000
0.475000
0.475000
0.564600
0.564600
0.564600
0.564600
0.564600
0.564600
0.564600
0.564600
0.564600
0.564600
0.654200
0.654200
0.654200
0.654200
0.654200
0.654200
0.654200
0.654200
0.654200
0.654200
0.654200
0.654200
0.743800
0.743800
0.743800
0.743800
0.743800
0.743800
0.743800
0.743800
0.743800
0.833400
0.833400
0.833400
0.833400
0.833400
0.833400
0.833400
0.833400
0.833400
0.833400
0.833400
0.833400
0.833400
0.833400
0.923000
0.923000
0.923000
0.923000
0.923000
0.923000
1.013000
1.013000
1.013000
1.013000
1.013000
1.013000
1.013000
1.013000
1.013000
1.102000
1.102000
1.102000
1.102000
1.102000
1.102000
1.102000
1.102000
1.102000
1.102000
1.102000
1.102000
1.192000
1.192000
1.192000
1.192000
1.192000
1.281000
1.281000
1.281000
1.281000
1.281000
1.281000
1.281000
1.281000
1.281000
1.281000
1.281000
1.371000
1.371000
1.371000
1.371000
1.371000
1.371000
1.371000
1.371000
1.371000
1.371000
1.461000
1.461000
1.461000
1.461000
1.461000
1.461000
1.461000
1.461000
1.461000
1.461000
1.461000
1.461000
1.550000
1.550000
1.550000
1.550000
1.550000
1.550000
1.550000
1.550000
1.550000
1.550000
1.550000
1.550000
1.550000
1.550000
1.550000
1.640000
1.640000
1.640000
1.640000
1.640000
1.640000
1.640000
1.640000
1.640000
1.640000
1.640000
1.729000
1.729000
1.819000
1.819000
1.819000
1.819000
1.819000
1.909000
1.909000
1.909000
1.909000
1.909000
1.909000
1.909000
1.909000
1.909000
1.909000
1.909000
1.909000
1.998000
1.998000
1.998000
1.998000
1.998000
1.998000
1.998000
1.998000
1.998000
1.998000
1.998000
1.998000
1.998000
1.998000
2.088000
2.088000
2.088000
2.088000
2.088000
2.088000
2.088000
2.088000
2.088000
2.088000
2.088000
2.088000
2.178000
2.178000
2.178000
2.178000
2.178000
2.178000
2.178000
2.178000
2.178000
2.178000
2.178000
2.267000
2.267000
2.267000
2.267000
2.267000
2.267000
2.267000
2.267000
2.267000
2.357000
2.357000
2.357000
2.357000
2.357000
2.357000
2.357000
2.357000
2.357000
2.446000
2.446000
2.446000
2.446000
2.446000
2.446000
2.446000
2.446000
2.536000
2.536000
2.536000
2.536000
2.536000
2.536000
2.536000
2.626000
2.626000
2.626000
2.626000
2.626000
2.626000
2.626000
2.626000
2.715000
2.715000
2.715000
2.715000
2.715000
2.715000
2.715000
2.715000
2.715000
2.715000
2.715000
2.805000
2.805000
2.805000
2.805000
2.805000
2.805000
2.894000
2.894000
2.894000
2.984000
2.984000
2.984000
2.984000
2.984000
2.984000
2.984000
2.984000
3.074000
3.074000
3.074000
3.074000
3.074000
3.074000
3.074000
3.163000
3.163000
3.163000
3.163000
3.163000
3.163000
3.163000
3.163000
3.163000
3.163000
3.163000
3.253000
3.253000
3.253000
3.253000
3.253000
3.253000
3.253000
3.253000
3.253000
3.253000
3.253000
3.342000
3.342000
3.342000
3.342000
3.342000
3.342000
3.342000
3.342000
3.342000
3.342000
3.432000
3.432000
3.432000
3.432000
3.432000
3.432000
3.432000
3.522000
3.522000
3.522000
3.522000
3.522000
3.522000
3.522000
3.522000
3.522000
3.611000
3.611000
3.611000
3.611000
3.611000
3.611000
3.611000
3.611000
3.611000
3.701000
3.701000
3.701000
3.701000
3.701000
3.701000
3.701000
3.701000
3.701000
3.701000
3.701000
3.701000
3.790000
3.790000
3.790000
3.790000
3.790000
3.790000
3.790000
3.880000
3.880000
3.880000
3.880000
3.880000
3.880000
3.880000
3.970000
3.970000
3.970000
3.970000
3.970000
3.970000
4.059000
4.059000
4.059000
4.059000
4.059000
4.059000
4.059000
4.059000
4.059000
4.059000
4.059000
4.059000
4.149000
4.149000
4.149000
4.149000
4.149000
4.149000
4.149000
4.149000
4.149000
4.149000
4.149000
4.767000
4.767000
4.767000
4.767000
4.767000
4.767000
4.767000
4.767000
4.767000
4.767000
4.767000
5.386000
5.386000
5.386000
5.386000
5.386000
5.386000
5.386000
5.386000
5.386000
6.005000
6.005000
6.005000
6.005000
6.005000
6.005000
6.005000
6.005000
6.005000
6.005000
6.005000
6.005000
6.005000
6.623000
6.623000
6.623000
6.623000
6.623000
6.623000
6.623000
7.242000
7.242000
7.242000
7.242000
7.860000
7.860000
7.860000
7.860000
7.860000
7.860000
7.860000
7.860000
7.860000
7.860000
7.860000
7.860000
7.860000
7.860000
8.479000
8.479000
8.479000
8.479000
8.479000
8.479000
8.479000
8.479000
8.479000
8.479000
8.479000
8.479000
8.479000
8.479000
8.479000
9.097000
9.097000
9.097000
9.097000
9.097000
9.097000
9.097000
9.097000
9.097000
9.097000
9.097000
9.097000
9.097000
9.716000
9.716000
9.716000
9.716000
9.716000
9.716000
9.716000
9.716000
9.716000
10.330000
10.330000
10.330000
10.330000
10.330000
10.330000
10.330000
10.330000
10.330000
10.330000
10.330000
10.330000
10.330000
10.330000
10.950000
10.950000
10.950000
10.950000
10.950000
10.950000
10.950000
10.950000
10.950000
11.570000
11.570000
11.570000
11.570000
11.570000
11.570000
11.570000
11.570000
11.570000
12.190000
12.190000
12.190000
12.190000
12.190000
12.190000
12.190000
12.190000
12.190000
12.190000
12.810000
12.810000
12.810000
12.810000
12.810000
12.810000
12.810000
13.430000
13.430000
13.430000
13.430000
13.430000
13.430000
13.430000
13.430000
13.430000
13.430000
13.430000
13.430000
13.430000
13.430000
13.430000
13.430000
14.050000
14.050000
14.050000
14.050000
14.050000
14.050000
14.050000
14.050000
14.050000
14.660000
14.660000
14.660000
14.660000
14.660000
14.660000
14.660000
15.280000
15.280000
15.280000
15.280000
15.280000
15.280000
15.280000
15.280000
15.900000
15.900000
15.900000
15.900000
15.900000
15.900000
16.520000
16.520000
16.520000
16.520000
16.520000
16.520000
16.520000
16.520000
16.520000
16.520000
16.520000
17.139999
17.139999
17.139999
17.139999
17.139999
17.139999
17.139999
17.139999
17.139999
17.139999
17.139999
17.139999
17.139999
17.139999
17.760000
17.760000
17.760000
17.760000
17.760000
17.760000
17.760000
17.760000
17.760000
17.760000
17.760000
17.760000
17.760000
17.760000
17.760000
17.760000
18.379999
18.379999
18.379999
18.379999
18.379999
18.379999
18.379999
18.379999
18.379999
18.990000
18.990000
18.990000
18.990000
18.990000
18.990000
18.990000
18.990000
18.990000
19.610001
19.610001
19.610001
19.610001
19.610001
19.610001
19.610001
20.230000
20.230000
20.230000
20.230000
20.230000
20.230000
20.230000
20.230000
20.230000
20.850000
20.850000
20.850000
20.850000
20.850000
20.850000
20.850000
21.469999
21.469999
21.469999
21.469999
21.469999
22.090000
22.090000
22.090000
22.090000
22.090000
22.090000
22.090000
22.090000
22.090000
22.090000
22.709999
22.709999
22.709999
22.709999
22.709999
22.709999
22.709999
22.709999
23.320000
23.320000
23.320000
23.320000
23.320000
23.320000
23.320000
23.320000
23.940001
23.940001
23.940001
23.940001
23.940001
23.940001
23.940001
23.940001
23.940001
23.940001
23.940001
24.559999
24.559999
24.559999
24.559999
24.559999
24.559999
24.559999
24.559999
24.559999
25.180000
25.180000
25.180000
25.180000
25.180000
25.180000
25.180000
25.180000
25.180000
25.180000
25.799999
25.799999
25.799999
25.799999
25.799999
25.799999
25.799999
25.799999
25.799999
25.799999
25.799999
25.799999
25.799999
26.420000
26.420000
26.420000
26.420000
26.420000
26.420000
26.420000
26.420000
26.420000
26.420000
26.420000
26.420000
26.420000
27.030001
27.030001
27.030001
27.030001
27.030001
27.030001
27.030001
27.030001
27.030001
27.030001
27.030001
27.650000
27.650000
27.650000
27.650000
27.650000
27.650000
27.650000
27.650000
27.650000
27.650000
27.650000
27.650000
27.650000
27.650000
28.270000
28.270000
28.270000
28.270000
28.270000
28.270000
28.270000
28.270000
28.270000
28.270000
28.270000
28.889999
28.889999
28.889999
28.889999
28.889999
28.889999
28.889999
29.510000
29.510000
29.510000
29.510000
29.510000
29.510000
29.510000
29.510000
29.510000
29.510000
29.510000
29.510000
30.129999
30.129999
30.129999
30.129999
30.129999
30.129999
30.129999
30.129999
30.129999
30.750000
30.750000
30.750000
30.750000
30.750000
30.750000
30.750000
30.750000
31.360001
31.360001
31.360001
31.360001
31.360001
31.360001
31.360001
31.360001
31.360001
31.360001
31.360001
31.360001
31.360001
31.980000
31.980000
31.980000
31.980000
31.980000
31.980000
31.980000
31.980000
31.980000
31.980000
31.980000
31.980000
31.980000
38.150002
38.150002
38.150002
38.150002
38.150002
38.150002
38.150002
38.150002
38.150002
44.320000
44.320000
44.320000
44.320000
44.320000
44.320000
44.320000
44.320000
44.320000
44.320000
44.320000
50.490002
50.490002
50.490002
50.490002
50.490002
50.490002
50.490002
50.490002
50.490002
50.490002
50.490002
50.490002
50.490002
50.490002
50.490002
50.490002
56.660000
56.660000
56.660000
56.660000
56.660000
56.660000
56.660000
56.660000
56.660000
56.660000
56.660000
56.660000
56.660000
61.290001
61.290001
61.290001
61.290001
61.290001
61.290001
61.290001
61.290001
61.290001
61.290001
61.290001
61.290001
61.290001
