0.000000
0.000000
0.000000
0.000000
0.000000
0.000000
0.000000
0.000000
0.000000
0.000000
0.000000
0.000000
0.000000
0.000000
0.000000
0.000000
0.000000
0.000000
0.000000
0.000000
0.000000
0.000000
0.000000
0.000000
0.000000
0.000000
0.000000
0.000000
0.000000
0.000000
0.000000
0.000000
0.000000
0.000000
0.000000
0.000000
0.000000
0.000000
0.000000
0.000000
0.000000
0.000000
0.000000
0.000000
0.000000
0.000000
0.000000
0.000000
0.000000
0.000000
0.000000
0.000000
0.000000
0.000000
0.000000
0.000000
0.000000
0.000000
0.000000
0.000000
0.000000
0.000000
0.000000
0.000000
0.000000
0.000000
0.000000
0.000000
0.000000
0.000000
0.000000
0.000000
0.000000
0.000000
0.000000
0.000000
0.000000
0.000000
1.091000
1.091000
1.091000
1.091000
1.091000
1.091000
1.091000
1.091000
1.091000
1.091000
1.091000
1.091000
1.091000
1.091000
1.317000
1.317000
1.317000
1.317000
1.317000
1.317000
1.317000
1.543000
1.543000
1.543000
1.543000
1.543000
1.543000
1.543000
1.543000
1.543000
1.543000
1.543000
1.543000
1.543000
1.770000
1.770000
1.770000
1.770000
1.770000
1.770000
1.770000
1.770000
1.770000
1.996000
1.996000
1.996000
1.996000
1.996000
1.996000
1.996000
1.996000
1.996000
2.223000
2.223000
2.223000
2.223000
2.223000
2.223000
2.223000
2.223000
2.223000
2.449000
2.449000
2.449000
2.449000
2.449000
2.449000
2.449000
2.449000
2.449000
2.449000
2.449000
2.449000
2.675000
2.675000
2.675000
2.675000
2.675000
2.675000
2.675000
2.902000
2.902000
2.902000
2.902000
2.902000
2.902000
2.902000
2.902000
2.902000
2.902000
2.902000
2.902000
3.128000
3.128000
3.128000
3.128000
3.128000
3.128000
3.128000
3.128000
3.128000
3.128000
3.128000
3.128000
3.355000
3.355000
3.355000
3.355000
3.355000
3.581000
3.581000
3.581000
3.581000
3.581000
3.581000
3.581000
3.581000
3.581000
3.581000
3.581000
3.581000
3.807000
3.807000
3.807000
3.807000
3.807000
3.807000
3.807000
3.807000
3.807000
3.807000
3.807000
3.807000
3.807000
3.807000
4.034000
4.034000
4.034000
4.034000
4.034000
4.034000
4.034000
4.034000
4.034000
4.034000
4.260000
4.260000
4.260000
4.260000
4.260000
4.260000
4.260000
4.486000
4.486000
4.486000
4.486000
4.486000
4.486000
4.486000
4.486000
4.486000
4.486000
4.486000
4.713000
4.713000
4.713000
4.713000
4.713000
4.713000
4.713000
4.713000
4.713000
4.939000
4.939000
4.939000
4.939000
4.939000
4.939000
4.939000
4.939000
5.166000
5.166000
5.166000
5.166000
5.166000
5.392000
5.392000
5.392000
5.392000
5.392000
5.392000
5.392000
5.392000
5.392000
5.618000
5.618000
5.618000
5.618000
5.618000
5.618000
5.618000
5.618000
5.618000
5.618000
5.618000
5.618000
5.845000
5.845000
5.845000
5.845000
5.845000
5.845000
6.071000
6.071000
6.071000
6.071000
6.071000
6.071000
6.071000
6.071000
6.298000
6.298000
6.298000
6.298000
6.298000
6.298000
6.298000
6.524000
6.524000
6.524000
6.524000
6.524000
6.524000
6.524000
6.524000
6.524000
6.524000
6.524000
6.524000
6.524000
6.524000
6.750000
6.750000
6.750000
6.750000
6.750000
6.750000
6.750000
6.977000
6.977000
6.977000
6.977000
6.977000
6.977000
6.977000
6.977000
6.977000
6.977000
7.203000
7.203000
7.203000
7.203000
7.203000
7.203000
7.430000
7.430000
7.430000
7.430000
7.430000
7.430000
7.430000
7.430000
7.430000
7.430000
7.430000
7.430000
7.656000
7.656000
7.656000
7.656000
7.656000
7.656000
7.656000
7.656000
7.656000
7.656000
7.882000
7.882000
7.882000
7.882000
7.882000
7.882000
7.882000
7.882000
7.882000
7.882000
7.882000
7.882000
8.109000
8.109000
8.109000
8.109000
8.109000
8.109000
8.109000
8.109000
8.109000
8.109000
8.335000
8.335000
8.335000
8.335000
8.335000
8.335000
8.335000
8.335000
8.335000
8.335000
8.335000
8.335000
8.335000
8.335000
8.335000
8.335000
8.335000
8.335000
8.335000
8.335000
8.561000
8.561000
8.561000
8.561000
8.561000
8.561000
8.561000
8.561000
8.561000
8.561000
8.561000
8.788000
8.788000
8.788000
8.788000
8.788000
8.788000
8.788000
8.788000
8.788000
8.788000
8.788000
9.014000
9.014000
9.014000
9.014000
9.014000
9.014000
9.014000
9.014000
9.241000
9.241000
9.241000
9.241000
9.241000
9.241000
9.241000
9.241000
9.241000
9.467000
9.467000
9.467000
9.467000
9.467000
9.467000
9.467000
9.467000
9.467000
9.467000
9.467000
9.693000
9.693000
9.693000
9.693000
9.693000
9.693000
9.693000
9.693000
9.693000
9.693000
9.920000
9.920000
9.920000
9.920000
9.920000
9.920000
9.920000
10.150000
10.150000
10.150000
10.150000
10.150000
10.150000
10.150000
10.150000
10.150000
10.150000
10.370000
10.370000
10.370000
10.370000
10.370000
10.370000
10.370000
10.370000
10.370000
10.600000
10.600000
10.600000
10.600000
10.600000
10.600000
10.600000
10.600000
10.830000
10.830000
10.830000
10.830000
10.830000
10.830000
11.050000
11.050000
11.050000
11.050000
11.050000
11.050000
11.050000
11.050000
11.050000
11.050000
11.050000
11.050000
11.280000
11.280000
11.280000
11.280000
11.280000
11.280000
11.280000
11.280000
11.280000
11.280000
11.280000
11.280000
11.280000
11.280000
11.280000
11.280000
12.330000
12.330000
12.330000
12.330000
12.330000
12.330000
12.330000
13.370000
13.370000
13.370000
13.370000
13.370000
13.370000
13.370000
13.370000
13.370000
14.420000
14.420000
14.420000
14.420000
14.420000
15.470000
15.470000
15.470000
15.470000
15.470000
15.470000
15.470000
15.470000
15.470000
16.510000
16.510000
16.510000
16.510000
16.510000
16.510000
16.510000
16.510000
16.510000
16.510000
16.510000
17.559999
17.559999
17.559999
17.559999
17.559999
18.610001
18.610001
18.610001
18.610001
18.610001
18.610001
18.610001
18.610001
18.610001
18.610001
18.610001
18.610001
19.660000
19.660000
19.660000
19.660000
19.660000
20.700001
20.700001
20.700001
20.700001
20.700001
20.700001
20.700001
20.700001
20.700001
20.700001
20.700001
21.750000
21.750000
22.799999
22.799999
22.799999
22.799999
22.799999
22.799999
22.799999
22.799999
22.799999
23.840000
23.840000
23.840000
23.840000
23.840000
23.840000
24.889999
24.889999
24.889999
24.889999
24.889999
24.889999
24.889999
24.889999
25.940001
25.940001
25.940001
25.940001
25.940001
25.940001
25.940001
25.940001
25.940001
25.940001
25.940001
25.940001
26.990000
26.990000
26.990000
26.990000
26.990000
26.990000
26.990000
26.990000
28.030001
28.030001
28.030001
28.030001
28.030001
28.030001
28.030001
28.030001
28.030001
28.030001
28.030001
28.030001
29.080000
29.080000
29.080000
29.080000
30.129999
30.129999
30.129999
30.129999
30.129999
30.129999
30.129999
30.129999
30.129999
30.129999
30.129999
30.129999
31.170000
31.170000
31.170000
31.170000
31.170000
31.170000
31.170000
32.220001
32.220001
32.220001
32.220001
32.220001
32.220001
32.220001
32.220001
32.220001
32.220001
33.270000
33.270000
33.270000
33.270000
33.270000
33.270000
33.270000
33.270000
34.320000
34.320000
34.320000
34.320000
35.360001
35.360001
35.360001
35.360001
35.360001
36.410000
36.410000
36.410000
36.410000
36.410000
36.410000
36.410000
36.410000
36.410000
36.410000
37.459999
37.459999
37.459999
37.459999
37.459999
37.459999
38.500000
38.500000
38.500000
38.500000
38.500000
38.500000
38.500000
38.500000
38.500000
38.500000
38.500000
38.500000
39.549999
39.549999
39.549999
39.549999
39.549999
39.549999
39.549999
39.549999
39.549999
39.549999
39.549999
39.549999
39.549999
39.549999
39.549999
40.599998
40.599998
40.599998
40.599998
40.599998
40.599998
40.599998
40.599998
40.599998
40.599998
40.599998
40.599998
40.599998
40.599998
40.599998
40.599998
40.599998
40.599998
41.650002
41.650002
41.650002
41.650002
41.650002
41.650002
41.650002
41.650002
41.650002
41.650002
42.689999
42.689999
42.689999
42.689999
42.689999
42.689999
42.689999
42.689999
43.740002
43.740002
43.740002
43.740002
43.740002
43.740002
43.740002
43.740002
43.740002
43.740002
43.740002
43.740002
43.740002
44.790001
44.790001
44.790001
44.790001
44.790001
44.790001
44.790001
44.790001
44.790001
44.790001
44.790001
44.790001
44.790001
45.830002
45.830002
45.830002
45.830002
45.830002
45.830002
45.830002
45.830002
45.830002
45.830002
45.830002
45.830002
45.830002
45.830002
45.830002
45.830002
46.880001
46.880001
46.880001
46.880001
46.880001
47.930000
47.930000
47.930000
47.930000
47.930000
47.930000
47.930000
47.930000
47.930000
47.930000
47.930000
47.930000
48.970001
48.970001
48.970001
48.970001
48.970001
48.970001
48.970001
48.970001
50.020000
50.020000
50.020000
50.020000
50.020000
50.020000
50.020000
50.020000
50.020000
51.070000
51.070000
51.070000
51.070000
51.070000
51.070000
51.070000
51.070000
51.070000
51.070000
51.070000
51.070000
51.070000
51.070000
51.070000
51.070000
52.119999
52.119999
52.119999
52.119999
52.119999
52.119999
53.160000
53.160000
53.160000
53.160000
53.160000
53.160000
53.160000
53.160000
53.160000
54.209999
54.209999
54.209999
54.209999
54.209999
54.209999
55.259998
55.259998
55.259998
55.259998
55.259998
55.259998
55.259998
55.259998
55.259998
55.259998
55.259998
56.299999
56.299999
56.299999
56.299999
56.299999
56.299999
56.299999
56.299999
56.299999
56.299999
56.299999
57.349998
57.349998
57.349998
57.349998
57.349998
57.349998
57.349998
57.349998
58.400002
58.400002
58.400002
58.400002
58.400002
58.400002
58.400002
58.400002
58.400002
58.400002
65.089996
65.089996
65.089996
65.089996
65.089996
65.089996
65.089996
65.089996
71.790001
71.790001
71.790001
71.790001
71.790001
71.790001
71.790001
71.790001
71.790001
71.790001
71.790001
78.480003
78.480003
78.480003
78.480003
78.480003
78.480003
78.480003
78.480003
85.180000
85.180000
85.180000
85.180000
85.180000
85.180000
85.180000
85.180000
85.180000
85.180000
85.180000
85.180000
90.199997
90.199997
90.199997
90.199997
90.199997
90.199997
90.199997
90.199997
90.199997
90.199997
90.199997
90.199997
90.199997
90.199997
