0.000000
0.000000
0.000000
0.000000
0.000000
0.000000
0.000000
0.000000
0.000000
0.000000
0.000000
0.000000
0.000000
0.000000
0.000000
0.000000
0.000000
0.000000
0.000000
0.000000
0.000000
0.000000
0.000000
0.000000
0.000000
0.000000
0.000000
0.000000
0.000000
0.000000
0.000000
0.000000
0.000000
0.000000
0.000000
0.000000
0.000000
0.000000
0.000000
0.000000
0.000000
0.000000
0.000000
0.000000
0.000000
0.000000
0.000000
0.000000
0.000000
0.000000
0.000000
0.000000
0.000000
0.000000
0.000000
1.820000
1.820000
1.820000
1.820000
1.820000
1.820000
1.820000
1.820000
1.820000
1.820000
1.820000
1.820000
2.543000
2.543000
2.543000
2.543000
2.543000
2.543000
2.543000
2.543000
2.543000
2.543000
2.543000
2.543000
3.266000
3.266000
3.266000
3.266000
3.266000
3.266000
3.266000
3.266000
3.989000
3.989000
3.989000
3.989000
3.989000
3.989000
3.989000
3.989000
3.989000
3.989000
3.989000
4.712000
4.712000
4.712000
4.712000
4.712000
4.712000
4.712000
4.712000
4.712000
4.712000
5.435000
5.435000
5.435000
5.435000
5.435000
5.435000
5.435000
5.435000
5.435000
5.435000
6.158000
6.158000
6.158000
6.158000
6.158000
6.158000
6.158000
6.158000
6.158000
6.881000
6.881000
6.881000
6.881000
6.881000
6.881000
6.881000
6.881000
6.881000
7.604000
7.604000
7.604000
7.604000
7.604000
7.604000
7.604000
7.604000
7.604000
7.604000
7.604000
7.604000
7.604000
7.604000
8.327000
8.327000
8.327000
8.327000
8.327000
8.327000
8.327000
8.327000
8.327000
8.327000
8.327000
8.327000
9.050000
9.050000
9.050000
9.050000
9.050000
9.050000
9.050000
9.050000
9.773000
9.773000
9.773000
9.773000
9.773000
9.773000
9.773000
9.773000
9.773000
9.773000
9.773000
10.500000
10.500000
10.500000
10.500000
10.500000
10.500000
10.500000
10.500000
10.500000
10.500000
11.220000
11.220000
11.220000
11.220000
11.220000
11.220000
11.220000
11.220000
11.220000
11.220000
11.220000
11.220000
11.940000
11.940000
11.940000
11.940000
11.940000
11.940000
11.940000
12.660000
12.660000
12.660000
12.660000
12.660000
12.660000
12.660000
12.660000
12.660000
12.660000
12.660000
12.660000
12.660000
12.660000
13.390000
13.390000
13.390000
13.390000
13.390000
13.390000
13.390000
13.390000
13.390000
13.390000
13.390000
14.110000
14.110000
14.830000
14.830000
14.830000
14.830000
14.830000
14.830000
14.830000
14.830000
14.830000
14.830000
14.830000
14.830000
14.830000
14.830000
14.830000
14.830000
15.560000
15.560000
15.560000
15.560000
15.560000
15.560000
15.560000
15.560000
15.560000
15.560000
15.560000
16.280001
16.280001
16.280001
16.280001
16.280001
16.280001
16.280001
16.280001
16.280001
16.280001
17.000000
17.000000
17.000000
17.000000
17.000000
17.000000
17.000000
17.000000
17.000000
17.000000
17.000000
17.000000
17.000000
17.000000
17.000000
17.000000
17.730000
17.730000
17.730000
17.730000
17.730000
17.730000
17.730000
17.730000
17.730000
17.730000
18.450001
18.450001
18.450001
18.450001
18.450001
18.450001
18.450001
18.450001
18.450001
18.450001
18.450001
18.450001
18.450001
18.450001
18.450001
19.170000
19.170000
19.170000
19.170000
19.889999
19.889999
19.889999
19.889999
19.889999
19.889999
19.889999
19.889999
20.620001
20.620001
20.620001
20.620001
20.620001
20.620001
20.620001
20.620001
20.620001
20.620001
21.340000
21.340000
21.340000
21.340000
21.340000
21.340000
21.340000
21.340000
21.340000
21.340000
22.059999
22.059999
22.059999
22.059999
22.059999
22.059999
22.059999
22.790001
22.790001
22.790001
22.790001
22.790001
23.510000
23.510000
23.510000
23.510000
23.510000
23.510000
23.510000
23.510000
24.230000
24.230000
24.230000
24.230000
24.230000
24.230000
24.230000
24.230000
24.230000
24.230000
24.950001
24.950001
24.950001
24.950001
24.950001
24.950001
24.950001
24.950001
24.950001
24.950001
24.950001
24.950001
25.680000
25.680000
25.680000
25.680000
25.680000
26.400000
26.400000
26.400000
26.400000
26.400000
26.400000
26.400000
26.400000
26.400000
26.400000
26.400000
26.400000
26.400000
27.120001
27.120001
27.120001
27.120001
27.120001
27.120001
27.120001
27.120001
27.120001
27.120001
27.850000
27.850000
27.850000
27.850000
27.850000
27.850000
27.850000
27.850000
27.850000
28.570000
28.570000
28.570000
28.570000
28.570000
28.570000
28.570000
29.290001
29.290001
29.290001
29.290001
29.290001
29.290001
29.290001
30.020000
30.020000
30.020000
30.020000
30.020000
30.740000
30.740000
30.740000
30.740000
30.740000
30.740000
30.740000
31.459999
31.459999
31.459999
31.459999
31.459999
32.180000
32.180000
32.180000
32.180000
32.180000
32.180000
32.180000
32.180000
32.180000
32.180000
32.910000
32.910000
32.910000
32.910000
32.910000
32.910000
32.910000
32.910000
33.630001
33.630001
33.630001
33.630001
33.630001
34.349998
34.349998
34.349998
34.349998
34.349998
34.349998
34.349998
34.349998
34.349998
34.349998
34.349998
34.349998
34.349998
34.349998
34.349998
34.349998
34.349998
35.410000
35.410000
35.410000
35.410000
35.410000
35.410000
35.410000
35.410000
36.459999
36.459999
36.459999
36.459999
36.459999
36.459999
36.459999
36.459999
36.459999
36.459999
37.509998
37.509998
37.509998
37.509998
37.509998
37.509998
37.509998
37.509998
37.509998
37.509998
38.560001
38.560001
38.560001
38.560001
38.560001
38.560001
38.560001
38.560001
38.560001
38.560001
38.560001
39.610001
39.610001
39.610001
39.610001
39.610001
39.610001
39.610001
39.610001
40.660000
40.660000
40.660000
40.660000
40.660000
40.660000
40.660000
40.660000
41.720001
41.720001
41.720001
41.720001
41.720001
41.720001
41.720001
41.720001
42.770000
42.770000
42.770000
42.770000
42.770000
42.770000
42.770000
42.770000
43.820000
43.820000
43.820000
43.820000
43.820000
43.820000
43.820000
43.820000
43.820000
43.820000
44.869999
44.869999
44.869999
44.869999
44.869999
44.869999
44.869999
45.919998
45.919998
45.919998
45.919998
45.919998
45.919998
45.919998
45.919998
45.919998
45.919998
45.919998
45.919998
45.919998
46.980000
46.980000
46.980000
46.980000
46.980000
46.980000
48.029999
48.029999
48.029999
48.029999
48.029999
48.029999
48.029999
48.029999
48.029999
48.029999
48.029999
48.029999
48.029999
48.029999
49.080002
49.080002
49.080002
49.080002
49.080002
49.080002
49.080002
49.080002
49.080002
50.130001
50.130001
50.130001
50.130001
50.130001
50.130001
50.130001
50.130001
50.130001
51.180000
51.180000
51.180000
51.180000
51.180000
51.180000
51.180000
51.180000
51.180000
51.180000
51.180000
51.180000
51.180000
51.180000
52.240002
52.240002
52.240002
52.240002
52.240002
52.240002
52.240002
52.240002
52.240002
52.240002
53.290001
53.290001
53.290001
53.290001
53.290001
53.290001
53.290001
53.290001
53.290001
53.290001
53.290001
54.340000
54.340000
54.340000
54.340000
54.340000
54.340000
54.340000
54.340000
54.340000
54.340000
55.389999
55.389999
55.389999
55.389999
55.389999
55.389999
55.389999
56.439999
56.439999
56.439999
56.439999
56.439999
56.439999
56.439999
56.439999
56.439999
57.500000
57.500000
57.500000
57.500000
57.500000
57.500000
57.500000
58.549999
58.549999
58.549999
58.549999
58.549999
58.549999
59.599998
59.599998
59.599998
59.599998
59.599998
59.599998
59.599998
59.599998
59.599998
59.599998
60.650002
60.650002
60.650002
60.650002
60.650002
60.650002
60.650002
61.700001
61.700001
61.700001
61.700001
61.700001
61.700001
61.700001
61.700001
61.700001
61.700001
61.700001
61.700001
62.759998
62.759998
62.759998
62.759998
62.759998
62.759998
62.759998
62.759998
62.759998
63.810001
63.810001
63.810001
63.810001
63.810001
63.810001
63.810001
63.810001
63.810001
63.810001
64.860001
64.860001
64.860001
64.860001
64.860001
64.860001
64.860001
64.860001
64.860001
64.860001
64.860001
65.910004
65.910004
65.910004
65.910004
65.910004
65.910004
65.910004
65.910004
65.910004
65.910004
65.910004
65.910004
66.959999
66.959999
66.959999
66.959999
66.959999
66.959999
66.959999
66.959999
66.959999
66.959999
66.959999
66.959999
66.959999
68.010002
68.010002
68.010002
68.010002
68.010002
68.010002
68.010002
68.010002
69.070000
69.070000
69.070000
69.070000
69.070000
70.120003
70.120003
70.120003
70.120003
70.120003
70.120003
70.120003
70.120003
70.120003
70.120003
70.120003
70.120003
70.120003
71.169998
71.169998
71.169998
71.169998
71.169998
71.169998
71.169998
71.169998
71.169998
71.169998
71.169998
72.220001
72.220001
72.220001
72.220001
72.220001
72.220001
72.220001
72.220001
72.220001
72.220001
72.220001
72.220001
73.269997
73.269997
73.269997
73.269997
73.269997
73.269997
73.269997
73.269997
74.330002
74.330002
74.330002
74.330002
74.330002
74.330002
74.330002
74.330002
74.330002
75.379997
75.379997
75.379997
75.379997
75.379997
75.379997
75.379997
75.379997
75.379997
75.379997
75.379997
75.379997
75.379997
75.379997
75.379997
76.430000
76.430000
76.430000
76.430000
76.430000
76.430000
76.430000
76.430000
76.430000
76.430000
76.430000
76.430000
76.430000
77.480003
77.480003
77.480003
77.480003
77.480003
77.480003
77.480003
78.529999
78.529999
78.529999
78.529999
78.529999
78.529999
78.529999
78.529999
78.529999
78.529999
78.529999
78.529999
78.529999
78.529999
78.529999
79.589996
79.589996
79.589996
79.589996
79.589996
79.589996
79.589996
79.589996
79.589996
79.589996
79.589996
79.589996
79.589996
80.639999
80.639999
80.639999
80.639999
80.639999
80.639999
80.639999
80.639999
80.639999
80.639999
80.639999
80.639999
80.639999
80.639999
81.690002
81.690002
81.690002
81.690002
81.690002
81.690002
81.690002
81.690002
81.690002
86.959999
86.959999
86.959999
86.959999
86.959999
86.959999
86.959999
86.959999
86.959999
86.959999
86.959999
86.959999
86.959999
86.959999
92.220001
92.220001
92.220001
92.220001
92.220001
92.220001
92.220001
97.489998
97.489998
97.489998
97.489998
97.489998
97.489998
97.489998
97.489998
97.489998
97.489998
97.489998
97.489998
97.489998
97.489998
97.489998
102.800003
102.800003
102.800003
102.800003
102.800003
102.800003
102.800003
102.800003
102.800003
102.800003
102.800003
102.800003
106.699997
106.699997
106.699997
106.699997
106.699997
106.699997
