0.000000
0.000000
0.000000
0.000000
0.000000
0.000000
0.000000
0.000000
0.000000
0.000000
0.000000
0.000000
0.000000
0.000000
0.000000
0.000000
0.000000
0.000000
0.000000
0.000000
0.000000
0.000000
0.000000
0.000000
0.000000
0.000000
0.000000
0.000000
0.000000
0.000000
0.000000
0.000000
0.000000
0.000000
0.000000
0.000000
0.000000
0.031390
0.031390
0.031390
0.031390
0.031390
0.031390
0.031390
0.031390
0.031390
0.031390
0.031390
0.031390
0.031390
0.031390
0.091140
0.091140
0.091140
0.091140
0.091140
0.091140
0.091140
0.091140
0.091140
0.091140
0.091140
0.091140
0.091140
0.091140
0.150900
0.150900
0.150900
0.150900
0.150900
0.150900
0.150900
0.150900
0.150900
0.150900
0.150900
0.210600
0.210600
0.210600
0.210600
0.210600
0.210600
0.210600
0.210600
0.210600
0.270400
0.270400
0.270400
0.270400
0.270400
0.270400
0.270400
0.270400
0.270400
0.270400
0.270400
0.270400
0.270400
0.330100
0.330100
0.330100
0.330100
0.330100
0.330100
0.330100
0.330100
0.330100
0.330100
0.330100
0.389900
0.389900
0.389900
0.389900
0.389900
0.389900
0.389900
0.389900
0.389900
0.389900
0.449600
0.449600
0.449600
0.449600
0.449600
0.449600
0.449600
0.449600
0.449600
0.449600
0.449600
0.449600
0.449600
0.449600
0.449600
0.509400
0.509400
0.509400
0.509400
0.509400
0.509400
0.509400
0.509400
0.509400
0.509400
0.509400
0.509400
0.509400
0.509400
0.569100
0.569100
0.569100
0.569100
0.569100
0.569100
0.569100
0.569100
0.569100
0.569100
0.569100
0.628900
0.628900
0.628900
0.628900
0.628900
0.688600
0.688600
0.688600
0.688600
0.688600
0.688600
0.688600
0.688600
0.688600
0.688600
0.748300
0.748300
0.748300
0.748300
0.748300
0.748300
0.748300
0.748300
0.748300
0.748300
0.748300
0.748300
0.748300
0.748300
0.748300
0.748300
0.748300
0.748300
0.748300
0.748300
0.808100
0.808100
0.808100
0.808100
0.808100
0.808100
0.808100
0.808100
0.867800
0.867800
0.867800
0.867800
0.867800
0.867800
0.867800
0.867800
0.867800
0.867800
0.867800
0.927600
0.927600
0.927600
0.927600
0.927600
0.927600
0.927600
0.927600
0.927600
0.927600
0.987300
0.987300
0.987300
0.987300
0.987300
0.987300
0.987300
0.987300
0.987300
0.987300
0.987300
0.987300
0.987300
1.047000
1.047000
1.047000
1.047000
1.047000
1.047000
1.047000
1.047000
1.047000
1.047000
1.047000
1.047000
1.047000
1.047000
1.047000
1.107000
1.107000
1.107000
1.107000
1.107000
1.107000
1.107000
1.107000
1.107000
1.107000
1.107000
1.107000
1.107000
1.107000
1.107000
1.107000
1.167000
1.167000
1.167000
1.167000
1.167000
1.167000
1.167000
1.167000
1.167000
1.226000
1.226000
1.226000
1.226000
1.226000
1.226000
1.226000
1.286000
1.286000
1.286000
1.286000
1.286000
1.286000
1.286000
1.286000
1.286000
1.346000
1.346000
1.346000
1.346000
1.346000
1.346000
1.346000
1.406000
1.406000
1.406000
1.406000
1.406000
1.406000
1.406000
1.406000
1.465000
1.465000
1.465000
1.465000
1.465000
1.465000
1.465000
1.465000
1.465000
1.465000
1.465000
1.525000
1.525000
1.525000
1.525000
1.525000
1.525000
1.525000
1.525000
1.525000
1.525000
1.525000
1.585000
1.585000
1.585000
1.585000
1.585000
1.585000
1.585000
1.585000
1.585000
1.585000
1.645000
1.645000
1.645000
1.645000
1.645000
1.645000
1.645000
1.645000
1.645000
1.645000
1.704000
1.704000
1.704000
1.704000
1.704000
1.704000
1.704000
1.704000
1.704000
1.764000
1.764000
1.764000
1.764000
1.764000
1.764000
1.764000
1.764000
1.764000
1.764000
1.764000
1.764000
1.764000
1.824000
1.824000
1.824000
1.824000
1.824000
1.824000
1.824000
1.824000
1.884000
1.884000
1.884000
1.884000
1.884000
1.884000
1.884000
1.884000
1.884000
1.884000
1.943000
1.943000
1.943000
1.943000
1.943000
1.943000
1.943000
1.943000
1.943000
1.943000
1.943000
1.943000
2.003000
2.003000
2.003000
2.003000
2.003000
2.003000
2.003000
2.003000
2.063000
2.063000
2.122000
2.122000
2.122000
2.122000
2.122000
2.122000
2.122000
2.122000
2.122000
2.122000
2.122000
2.122000
2.122000
2.122000
2.182000
2.182000
2.182000
2.182000
2.182000
2.182000
2.182000
2.182000
2.182000
2.182000
2.182000
2.182000
2.182000
2.242000
2.242000
2.242000
2.242000
2.242000
2.302000
2.302000
2.302000
2.302000
2.302000
2.302000
2.302000
2.361000
2.361000
2.361000
2.361000
2.361000
2.421000
2.421000
2.421000
2.421000
2.421000
2.421000
2.421000
2.421000
2.481000
2.481000
2.481000
2.481000
2.481000
2.481000
2.481000
2.481000
2.481000
2.541000
2.541000
2.541000
2.541000
2.541000
2.541000
2.541000
2.541000
2.541000
2.541000
2.600000
2.600000
2.600000
2.600000
2.600000
2.600000
2.660000
2.660000
2.660000
2.660000
2.660000
2.660000
2.660000
2.720000
2.720000
2.720000
2.720000
2.720000
2.720000
2.720000
2.720000
2.720000
3.157000
3.157000
3.157000
3.157000
3.157000
3.157000
3.157000
3.157000
3.157000
3.157000
3.157000
3.157000
3.157000
3.157000
3.157000
3.595000
3.595000
3.595000
3.595000
3.595000
3.595000
3.595000
3.595000
3.595000
3.595000
4.032000
4.032000
4.032000
4.032000
4.032000
4.032000
4.032000
4.032000
4.032000
4.032000
4.470000
4.470000
4.470000
4.470000
4.470000
4.470000
4.907000
4.907000
4.907000
4.907000
4.907000
4.907000
5.344000
5.344000
5.344000
5.344000
5.344000
5.344000
5.344000
5.344000
5.344000
5.782000
5.782000
5.782000
5.782000
5.782000
5.782000
5.782000
5.782000
5.782000
5.782000
5.782000
6.219000
6.219000
6.219000
6.219000
6.219000
6.656000
6.656000
6.656000
6.656000
6.656000
6.656000
6.656000
6.656000
6.656000
6.656000
6.656000
7.094000
7.094000
7.094000
7.094000
7.094000
7.094000
7.094000
7.094000
7.531000
7.531000
7.531000
7.531000
7.531000
7.531000
7.531000
7.969000
7.969000
7.969000
7.969000
7.969000
7.969000
7.969000
7.969000
7.969000
7.969000
7.969000
7.969000
7.969000
7.969000
7.969000
8.406000
8.406000
8.406000
8.406000
8.406000
8.406000
8.406000
8.406000
8.406000
8.406000
8.843000
8.843000
8.843000
8.843000
8.843000
8.843000
8.843000
8.843000
8.843000
8.843000
8.843000
8.843000
8.843000
9.281000
9.281000
9.281000
9.281000
9.281000
9.281000
9.281000
9.281000
9.281000
9.718000
9.718000
9.718000
9.718000
9.718000
9.718000
9.718000
9.718000
9.718000
9.718000
9.718000
10.160000
10.160000
10.160000
10.160000
10.160000
10.160000
10.160000
10.160000
10.160000
10.160000
10.590000
10.590000
10.590000
10.590000
10.590000
10.590000
10.590000
10.590000
11.030000
11.030000
11.030000
11.030000
11.470000
11.470000
11.470000
11.470000
11.470000
11.470000
11.470000
11.910000
11.910000
11.910000
11.910000
11.910000
11.910000
11.910000
11.910000
12.340000
12.340000
12.340000
12.340000
12.340000
12.340000
12.340000
12.340000
12.340000
12.340000
12.340000
12.340000
12.340000
12.340000
12.780000
12.780000
12.780000
12.780000
12.780000
12.780000
12.780000
12.780000
12.780000
13.220000
13.220000
13.220000
13.220000
13.220000
13.220000
13.220000
13.650000
13.650000
13.650000
13.650000
13.650000
13.650000
14.090000
14.090000
14.090000
14.090000
14.090000
14.090000
14.090000
14.090000
14.090000
14.090000
14.090000
14.090000
14.090000
14.090000
14.090000
14.090000
14.090000
14.090000
14.090000
14.090000
14.090000
14.090000
14.090000
14.530000
14.530000
14.530000
14.530000
14.530000
14.530000
14.530000
14.530000
14.530000
14.530000
14.970000
14.970000
14.970000
14.970000
14.970000
14.970000
14.970000
14.970000
14.970000
14.970000
15.400000
15.400000
15.400000
15.400000
15.400000
15.400000
15.400000
15.400000
15.400000
15.400000
15.400000
15.400000
15.400000
15.400000
15.400000
15.400000
15.400000
15.840000
15.840000
15.840000
15.840000
15.840000
15.840000
15.840000
16.280001
16.280001
16.280001
16.280001
16.280001
16.280001
16.280001
16.719999
16.719999
16.719999
16.719999
16.719999
16.719999
16.719999
16.719999
16.719999
16.719999
16.719999
17.150000
17.150000
17.150000
17.150000
17.150000
17.150000
17.150000
17.150000
17.150000
17.150000
17.150000
17.150000
17.150000
17.590000
17.590000
17.590000
17.590000
17.590000
17.590000
17.590000
17.590000
17.590000
17.590000
18.030001
18.030001
18.030001
18.030001
18.030001
18.030001
18.469999
18.469999
18.469999
18.469999
18.469999
18.469999
18.900000
18.900000
18.900000
18.900000
18.900000
18.900000
18.900000
18.900000
18.900000
18.900000
18.900000
19.340000
19.340000
19.340000
19.340000
19.340000
19.340000
19.340000
19.340000
19.780001
19.780001
19.780001
19.780001
19.780001
19.780001
20.219999
20.219999
20.219999
20.219999
20.219999
20.219999
20.219999
20.219999
20.219999
20.219999
20.650000
20.650000
20.650000
20.650000
20.650000
20.650000
20.650000
20.650000
20.650000
20.650000
20.650000
21.090000
21.090000
21.090000
21.090000
21.090000
21.090000
21.090000
21.090000
21.090000
21.090000
21.090000
21.530001
21.530001
21.530001
21.530001
21.530001
21.530001
21.530001
21.530001
21.530001
21.530001
21.530001
21.530001
21.530001
21.959999
21.959999
21.959999
21.959999
21.959999
21.959999
21.959999
21.959999
21.959999
21.959999
21.959999
21.959999
21.959999
21.959999
22.400000
22.400000
22.400000
22.400000
22.400000
22.400000
22.400000
22.400000
24.750000
24.750000
24.750000
24.750000
24.750000
27.100000
27.100000
27.100000
27.100000
27.100000
27.100000
27.100000
27.100000
27.100000
27.100000
29.440001
29.440001
29.440001
29.440001
29.440001
29.440001
29.440001
29.440001
29.440001
29.440001
29.440001
31.790001
31.790001
31.790001
31.790001
31.790001
31.790001
31.790001
31.790001
31.790001
31.790001
31.790001
31.790001
31.790001
31.790001
31.790001
31.790001
33.549999
33.549999
33.549999
33.549999
33.549999
33.549999
33.549999
33.549999
33.549999
33.549999
33.549999
33.549999
33.549999
