0.000000
0.000000
0.000000
0.000000
0.000000
0.000000
0.000000
0.000000
0.000000
0.000000
0.000000
0.000000
0.000000
0.000000
0.000000
0.000000
0.000000
0.000000
0.000000
0.000000
0.000000
0.000000
0.000000
0.000000
0.000000
0.000000
0.000000
0.000000
0.000000
0.000000
0.000000
0.000000
0.000000
0.000000
0.000000
0.000000
0.018470
0.018470
0.018470
0.018470
0.018470
0.018470
0.018470
0.071590
0.071590
0.071590
0.071590
0.071590
0.071590
0.071590
0.071590
0.124700
0.124700
0.124700
0.124700
0.124700
0.124700
0.124700
0.124700
0.124700
0.124700
0.177800
0.177800
0.177800
0.177800
0.177800
0.177800
0.177800
0.177800
0.177800
0.177800
0.177800
0.177800
0.177800
0.177800
0.230900
0.230900
0.230900
0.230900
0.230900
0.230900
0.230900
0.230900
0.230900
0.230900
0.230900
0.284000
0.284000
0.284000
0.284000
0.284000
0.284000
0.284000
0.284000
0.337100
0.337100
0.337100
0.337100
0.337100
0.337100
0.337100
0.337100
0.337100
0.337100
0.337100
0.337100
0.390300
0.390300
0.390300
0.390300
0.390300
0.390300
0.390300
0.390300
0.390300
0.390300
0.390300
0.390300
0.443400
0.443400
0.443400
0.443400
0.443400
0.443400
0.443400
0.443400
0.443400
0.443400
0.443400
0.443400
0.443400
0.443400
0.443400
0.443400
0.443400
0.443400
0.496500
0.496500
0.496500
0.496500
0.496500
0.496500
0.496500
0.496500
0.496500
0.496500
0.496500
0.549600
0.549600
0.549600
0.549600
0.549600
0.549600
0.549600
0.549600
0.549600
0.549600
0.549600
0.549600
0.602700
0.602700
0.602700
0.602700
0.602700
0.602700
0.602700
0.602700
0.655800
0.655800
0.655800
0.655800
0.655800
0.708900
0.708900
0.708900
0.708900
0.708900
0.708900
0.708900
0.762000
0.762000
0.762000
0.762000
0.762000
0.762000
0.762000
0.762000
0.762000
0.762000
0.762000
0.815100
0.815100
0.815100
0.815100
0.815100
0.815100
0.815100
0.815100
0.815100
0.815100
0.868300
0.868300
0.868300
0.868300
0.868300
0.868300
0.868300
0.868300
0.868300
0.868300
0.868300
0.868300
0.868300
0.868300
0.868300
0.868300
0.868300
0.868300
0.868300
0.868300
0.868300
0.868300
0.921400
0.921400
0.921400
0.921400
0.921400
0.921400
0.921400
0.921400
0.921400
0.921400
0.921400
0.974500
0.974500
0.974500
0.974500
0.974500
0.974500
0.974500
0.974500
0.974500
0.974500
1.028000
1.028000
1.028000
1.028000
1.028000
1.028000
1.028000
1.028000
1.028000
1.028000
1.028000
1.081000
1.081000
1.081000
1.081000
1.081000
1.081000
1.081000
1.081000
1.081000
1.081000
1.134000
1.134000
1.134000
1.134000
1.134000
1.134000
1.134000
1.134000
1.134000
1.187000
1.187000
1.187000
1.187000
1.187000
1.187000
1.240000
1.240000
1.240000
1.240000
1.240000
1.240000
1.240000
1.240000
1.240000
1.240000
1.240000
1.240000
1.240000
1.240000
1.240000
1.293000
1.293000
1.293000
1.293000
1.293000
1.293000
1.293000
1.293000
1.293000
1.293000
1.293000
1.293000
1.346000
1.346000
1.346000
1.346000
1.346000
1.346000
1.346000
1.346000
1.346000
1.346000
1.346000
1.346000
1.346000
1.346000
1.346000
1.346000
1.399000
1.399000
1.399000
1.399000
1.399000
1.399000
1.399000
1.399000
1.399000
1.399000
1.399000
1.399000
1.399000
1.399000
1.452000
1.452000
1.452000
1.452000
1.452000
1.452000
1.452000
1.452000
1.452000
1.452000
1.452000
1.452000
1.452000
1.452000
1.452000
1.506000
1.506000
1.506000
1.506000
1.506000
1.506000
1.506000
1.506000
1.506000
1.506000
1.559000
1.559000
1.559000
1.559000
1.559000
1.559000
1.559000
1.559000
1.559000
1.559000
1.559000
1.559000
1.559000
1.612000
1.612000
1.612000
1.612000
1.612000
1.612000
1.612000
1.612000
1.612000
1.612000
1.612000
1.612000
1.612000
1.612000
1.612000
1.612000
1.612000
1.665000
1.665000
1.665000
1.665000
1.665000
1.665000
1.665000
1.665000
1.665000
1.665000
1.665000
1.665000
1.718000
1.718000
1.718000
1.718000
1.718000
1.718000
1.718000
1.718000
1.718000
1.718000
1.718000
1.718000
1.771000
1.771000
1.771000
1.771000
1.771000
1.771000
1.771000
1.771000
1.824000
1.824000
1.824000
1.824000
1.824000
1.824000
1.824000
1.824000
1.824000
1.824000
1.824000
1.824000
1.824000
1.824000
1.824000
1.824000
1.877000
1.877000
1.877000
1.877000
1.877000
1.877000
1.877000
1.877000
1.877000
1.877000
1.877000
1.877000
1.930000
1.930000
1.930000
1.930000
1.930000
1.930000
1.930000
1.930000
1.930000
1.930000
1.930000
1.930000
1.984000
1.984000
1.984000
1.984000
1.984000
1.984000
1.984000
1.984000
1.984000
2.037000
2.037000
2.037000
2.037000
2.037000
2.037000
2.037000
2.037000
2.090000
2.090000
2.090000
2.090000
2.090000
2.090000
2.090000
2.090000
2.143000
2.143000
2.143000
2.143000
2.143000
2.143000
2.143000
2.143000
2.143000
2.143000
2.196000
2.196000
2.196000
2.196000
2.196000
2.196000
2.249000
2.249000
2.249000
2.249000
2.249000
2.249000
2.249000
2.249000
2.302000
2.302000
2.302000
2.302000
2.302000
2.302000
2.302000
2.302000
2.302000
2.302000
2.302000
2.302000
2.302000
2.302000
2.302000
2.302000
2.355000
2.355000
2.355000
2.355000
2.355000
2.355000
2.355000
2.355000
2.355000
2.408000
2.408000
2.408000
2.408000
2.408000
2.408000
2.408000
2.408000
2.408000
2.408000
2.408000
2.408000
2.408000
3.377000
3.377000
3.377000
3.377000
3.377000
3.377000
3.377000
3.377000
3.377000
3.377000
4.345000
4.345000
4.345000
4.345000
4.345000
4.345000
4.345000
4.345000
4.345000
4.345000
4.345000
4.345000
5.313000
5.313000
5.313000
5.313000
5.313000
5.313000
5.313000
5.313000
6.281000
6.281000
6.281000
6.281000
6.281000
6.281000
6.281000
6.281000
6.281000
6.281000
6.281000
6.281000
6.281000
7.249000
7.249000
7.249000
7.249000
7.249000
7.249000
7.249000
7.249000
7.249000
7.249000
7.249000
8.217000
8.217000
8.217000
8.217000
8.217000
8.217000
8.217000
8.217000
8.217000
9.185000
9.185000
9.185000
9.185000
9.185000
9.185000
9.185000
10.150000
10.150000
10.150000
10.150000
10.150000
10.150000
10.150000
10.150000
10.150000
10.150000
10.150000
10.150000
10.150000
10.150000
11.120000
11.120000
11.120000
11.120000
11.120000
11.120000
11.120000
11.120000
11.120000
11.120000
11.120000
11.120000
12.090000
12.090000
12.090000
12.090000
12.090000
12.090000
12.090000
12.090000
12.090000
12.090000
12.090000
13.060000
13.060000
13.060000
13.060000
13.060000
13.060000
14.030000
14.030000
14.030000
14.030000
14.030000
14.030000
14.030000
14.030000
14.030000
14.030000
14.990000
14.990000
14.990000
14.990000
14.990000
14.990000
15.960000
15.960000
15.960000
15.960000
15.960000
15.960000
15.960000
15.960000
16.930000
16.930000
16.930000
16.930000
16.930000
16.930000
16.930000
16.930000
17.900000
17.900000
17.900000
17.900000
17.900000
17.900000
17.900000
17.900000
18.870001
18.870001
18.870001
18.870001
18.870001
18.870001
18.870001
18.870001
18.870001
18.870001
18.870001
18.870001
19.830000
19.830000
19.830000
19.830000
19.830000
19.830000
19.830000
19.830000
19.830000
20.799999
20.799999
20.799999
20.799999
20.799999
20.799999
20.799999
20.799999
20.799999
20.799999
21.770000
21.770000
21.770000
21.770000
21.770000
21.770000
21.770000
21.770000
21.770000
21.770000
22.740000
22.740000
22.740000
22.740000
22.740000
22.740000
23.709999
23.709999
23.709999
23.709999
23.709999
23.709999
23.709999
23.709999
24.670000
24.670000
24.670000
24.670000
24.670000
24.670000
24.670000
25.639999
25.639999
25.639999
25.639999
25.639999
25.639999
25.639999
25.639999
25.639999
25.639999
26.610001
26.610001
26.610001
26.610001
26.610001
26.610001
26.610001
26.610001
26.610001
27.580000
27.580000
27.580000
27.580000
27.580000
27.580000
27.580000
27.580000
28.549999
28.549999
28.549999
28.549999
28.549999
28.549999
28.549999
28.549999
28.549999
29.510000
29.510000
29.510000
29.510000
29.510000
29.510000
29.510000
29.510000
29.510000
29.510000
29.510000
30.480000
30.480000
30.480000
30.480000
30.480000
31.450001
31.450001
31.450001
31.450001
31.450001
31.450001
31.450001
31.450001
31.450001
31.450001
31.450001
31.450001
31.450001
31.450001
32.419998
32.419998
32.419998
32.419998
32.419998
32.419998
32.419998
32.419998
32.419998
32.419998
32.419998
32.419998
33.389999
33.389999
33.389999
33.389999
33.389999
34.349998
34.349998
34.349998
34.349998
34.349998
34.349998
34.349998
34.349998
34.349998
35.320000
35.320000
35.320000
35.320000
35.320000
35.320000
35.320000
35.320000
35.320000
35.320000
35.320000
35.320000
36.290001
36.290001
36.290001
36.290001
36.290001
36.290001
36.290001
37.259998
37.259998
37.259998
37.259998
37.259998
37.259998
37.259998
37.259998
38.230000
38.230000
38.230000
38.230000
38.230000
38.230000
38.230000
38.230000
38.230000
39.189999
39.189999
39.189999
39.189999
39.189999
39.189999
39.189999
39.189999
39.189999
39.189999
39.189999
39.189999
39.189999
40.160000
40.160000
40.160000
40.160000
40.160000
40.160000
41.130001
41.130001
41.130001
41.130001
41.130001
41.130001
42.099998
42.099998
42.099998
42.099998
42.099998
42.099998
42.099998
42.099998
42.099998
43.070000
43.070000
43.070000
43.070000
43.070000
43.070000
43.070000
43.070000
44.029999
44.029999
44.029999
44.029999
44.029999
44.029999
44.029999
44.029999
45.000000
45.000000
45.000000
45.000000
45.000000
45.000000
45.000000
45.000000
45.970001
45.970001
45.970001
45.970001
45.970001
45.970001
54.820000
54.820000
54.820000
54.820000
54.820000
63.669998
63.669998
63.669998
63.669998
63.669998
63.669998
72.519997
72.519997
72.519997
81.360001
81.360001
81.360001
81.360001
81.360001
81.360001
81.360001
81.360001
81.360001
81.360001
81.360001
81.360001
81.360001
81.360001
81.360001
81.360001
81.360001
81.360001
88.000000
88.000000
88.000000
88.000000
88.000000
88.000000
88.000000
88.000000
88.000000
88.000000
88.000000
