0.000000
0.000000
0.000000
0.000000
0.000000
0.000000
0.000000
0.000000
0.000000
0.000000
0.000000
0.000000
0.000000
0.000000
0.000000
0.000000
0.000000
0.000000
0.000000
0.000000
0.000000
0.000000
0.000000
0.000000
0.000000
0.000000
0.000000
0.000000
0.000000
0.000000
0.000000
0.000000
0.000000
0.000000
0.000000
0.000000
0.000000
0.000000
0.000000
0.000000
0.000000
0.000000
0.000000
0.000000
0.000000
0.000000
0.000000
0.000000
0.000000
0.000000
0.000000
0.000000
0.034680
0.034680
0.034680
0.034680
0.034680
0.034680
0.034680
0.034680
0.034680
0.034680
0.034680
0.034680
0.034680
0.034680
0.034680
0.081760
0.081760
0.081760
0.081760
0.081760
0.128800
0.128800
0.128800
0.128800
0.128800
0.128800
0.128800
0.128800
0.175900
0.175900
0.175900
0.175900
0.175900
0.175900
0.175900
0.175900
0.175900
0.175900
0.175900
0.223000
0.223000
0.223000
0.223000
0.223000
0.223000
0.223000
0.223000
0.223000
0.270000
0.270000
0.270000
0.270000
0.270000
0.270000
0.270000
0.270000
0.270000
0.270000
0.270000
0.270000
0.317100
0.317100
0.317100
0.317100
0.317100
0.317100
0.317100
0.317100
0.317100
0.317100
0.317100
0.317100
0.364200
0.364200
0.364200
0.364200
0.364200
0.364200
0.364200
0.364200
0.364200
0.411300
0.411300
0.411300
0.411300
0.411300
0.411300
0.411300
0.411300
0.411300
0.411300
0.411300
0.411300
0.411300
0.411300
0.411300
0.458300
0.458300
0.458300
0.458300
0.458300
0.458300
0.458300
0.458300
0.458300
0.458300
0.458300
0.458300
0.505400
0.505400
0.505400
0.505400
0.505400
0.505400
0.505400
0.505400
0.505400
0.505400
0.505400
0.505400
0.505400
0.552500
0.552500
0.552500
0.552500
0.552500
0.552500
0.552500
0.552500
0.552500
0.552500
0.552500
0.552500
0.599600
0.599600
0.599600
0.599600
0.599600
0.599600
0.599600
0.646600
0.646600
0.646600
0.646600
0.646600
0.646600
0.646600
0.646600
0.646600
0.646600
0.646600
0.693700
0.693700
0.693700
0.693700
0.693700
0.693700
0.693700
0.693700
0.693700
0.693700
0.740800
0.740800
0.740800
0.740800
0.740800
0.740800
0.740800
0.740800
0.740800
0.787900
0.787900
0.787900
0.787900
0.787900
0.787900
0.787900
0.787900
0.787900
0.787900
0.787900
0.787900
0.787900
0.787900
0.787900
0.787900
0.787900
0.787900
0.787900
0.787900
0.787900
0.787900
0.834900
0.834900
0.834900
0.834900
0.834900
0.834900
0.834900
0.834900
0.834900
0.834900
0.834900
0.834900
0.834900
0.882000
0.882000
0.882000
0.882000
0.882000
0.882000
0.882000
0.882000
0.882000
0.929100
0.929100
0.929100
0.929100
0.929100
0.929100
0.929100
0.929100
0.929100
0.929100
0.929100
0.976100
0.976100
0.976100
0.976100
0.976100
0.976100
0.976100
0.976100
0.976100
0.976100
0.976100
0.976100
1.023000
1.023000
1.023000
1.023000
1.023000
1.023000
1.023000
1.023000
1.023000
1.023000
1.070000
1.070000
1.070000
1.070000
1.070000
1.070000
1.070000
1.070000
1.117000
1.117000
1.117000
1.117000
1.117000
1.117000
1.117000
1.117000
1.164000
1.164000
1.164000
1.164000
1.164000
1.164000
1.212000
1.212000
1.212000
1.212000
1.212000
1.212000
1.212000
1.212000
1.212000
1.259000
1.259000
1.259000
1.259000
1.259000
1.306000
1.306000
1.306000
1.306000
1.306000
1.306000
1.306000
1.353000
1.353000
1.353000
1.353000
1.353000
1.353000
1.353000
1.353000
1.400000
1.400000
1.400000
1.400000
1.400000
1.400000
1.400000
1.400000
1.400000
1.400000
1.400000
1.400000
1.447000
1.447000
1.447000
1.447000
1.447000
1.447000
1.447000
1.447000
1.447000
1.494000
1.494000
1.494000
1.494000
1.494000
1.494000
1.494000
1.494000
1.494000
1.494000
1.494000
1.494000
1.541000
1.541000
1.541000
1.541000
1.541000
1.541000
1.541000
1.541000
1.541000
1.541000
1.541000
1.541000
1.588000
1.588000
1.588000
1.588000
1.588000
1.588000
1.635000
1.635000
1.635000
1.635000
1.635000
1.635000
1.635000
1.635000
1.635000
1.682000
1.682000
1.682000
1.682000
1.682000
1.682000
1.729000
1.729000
1.729000
1.729000
1.729000
1.776000
1.776000
1.776000
1.776000
1.776000
1.776000
1.776000
1.823000
1.823000
1.823000
1.823000
1.823000
1.823000
1.823000
1.871000
1.871000
1.871000
1.871000
1.871000
1.871000
1.871000
1.871000
1.871000
1.871000
1.871000
1.918000
1.918000
1.918000
1.918000
1.918000
1.965000
1.965000
1.965000
1.965000
1.965000
1.965000
1.965000
1.965000
1.965000
1.965000
1.965000
2.012000
2.012000
2.012000
2.012000
2.012000
2.012000
2.059000
2.059000
2.059000
2.059000
2.059000
2.059000
2.059000
2.059000
2.059000
2.059000
2.059000
2.059000
2.059000
2.059000
2.106000
2.106000
2.106000
2.106000
2.106000
2.106000
2.106000
2.106000
2.106000
2.153000
2.153000
2.153000
2.153000
2.153000
2.153000
2.153000
2.512000
2.512000
2.512000
2.512000
2.512000
2.512000
2.512000
2.512000
2.512000
2.512000
2.512000
2.512000
2.512000
2.512000
2.870000
2.870000
2.870000
2.870000
2.870000
2.870000
2.870000
2.870000
2.870000
2.870000
2.870000
2.870000
2.870000
3.229000
3.229000
3.229000
3.229000
3.229000
3.229000
3.229000
3.229000
3.229000
3.588000
3.588000
3.588000
3.588000
3.588000
3.588000
3.946000
3.946000
3.946000
3.946000
3.946000
3.946000
3.946000
3.946000
3.946000
3.946000
4.305000
4.305000
4.305000
4.305000
4.305000
4.305000
4.305000
4.305000
4.305000
4.305000
4.305000
4.305000
4.664000
4.664000
4.664000
4.664000
4.664000
4.664000
4.664000
4.664000
4.664000
4.664000
4.664000
4.664000
5.022000
5.022000
5.022000
5.022000
5.022000
5.022000
5.022000
5.022000
5.022000
5.381000
5.381000
5.381000
5.381000
5.381000
5.381000
5.381000
5.739000
5.739000
5.739000
5.739000
5.739000
5.739000
5.739000
5.739000
5.739000
5.739000
5.739000
5.739000
6.098000
6.098000
6.098000
6.098000
6.098000
6.098000
6.098000
6.457000
6.457000
6.457000
6.457000
6.457000
6.457000
6.457000
6.457000
6.457000
6.457000
6.457000
6.815000
6.815000
6.815000
6.815000
6.815000
6.815000
6.815000
6.815000
6.815000
7.174000
7.174000
7.174000
7.174000
7.174000
7.174000
7.174000
7.174000
7.533000
7.533000
7.533000
7.533000
7.533000
7.533000
7.533000
7.533000
7.533000
7.533000
7.891000
7.891000
7.891000
7.891000
7.891000
7.891000
7.891000
7.891000
7.891000
8.250000
8.250000
8.250000
8.250000
8.250000
8.250000
8.250000
8.250000
8.609000
8.609000
8.609000
8.609000
8.609000
8.609000
8.609000
8.609000
8.967000
8.967000
8.967000
8.967000
8.967000
8.967000
8.967000
8.967000
9.326000
9.326000
9.326000
9.326000
9.326000
9.326000
9.326000
9.326000
9.326000
9.326000
9.326000
9.326000
9.326000
9.326000
9.326000
9.326000
9.326000
9.326000
9.326000
9.326000
9.685000
9.685000
9.685000
9.685000
9.685000
10.040000
10.040000
10.040000
10.040000
10.040000
10.040000
10.040000
10.040000
10.040000
10.040000
10.040000
10.040000
10.040000
10.040000
10.400000
10.400000
10.400000
10.400000
10.400000
10.400000
10.400000
10.400000
10.400000
10.400000
10.760000
10.760000
10.760000
10.760000
10.760000
10.760000
10.760000
10.760000
10.760000
10.760000
10.760000
11.120000
11.120000
11.120000
11.120000
11.120000
11.120000
11.480000
11.480000
11.480000
11.480000
11.480000
11.480000
11.480000
11.480000
11.480000
11.480000
11.480000
11.480000
11.480000
11.840000
11.840000
11.840000
11.840000
11.840000
11.840000
11.840000
11.840000
12.200000
12.200000
12.200000
12.200000
12.200000
12.200000
12.550000
12.550000
12.550000
12.550000
12.550000
12.550000
12.550000
12.550000
12.550000
12.550000
12.550000
12.550000
12.910000
12.910000
12.910000
12.910000
12.910000
13.270000
13.270000
13.270000
13.270000
13.270000
13.270000
13.270000
13.270000
13.270000
13.270000
13.270000
13.270000
13.630000
13.630000
13.630000
13.630000
13.630000
13.630000
13.630000
13.630000
13.630000
13.630000
13.630000
13.630000
13.990000
13.990000
13.990000
13.990000
13.990000
13.990000
13.990000
13.990000
13.990000
13.990000
13.990000
13.990000
14.350000
14.350000
14.350000
14.350000
14.350000
14.350000
14.350000
14.350000
14.350000
14.350000
14.710000
14.710000
14.710000
14.710000
14.710000
14.710000
14.710000
14.710000
14.710000
14.710000
14.710000
14.710000
15.060000
15.060000
15.060000
15.060000
15.060000
15.060000
15.060000
15.060000
15.060000
15.060000
15.060000
15.060000
15.060000
15.060000
15.060000
15.060000
15.060000
15.060000
15.420000
15.420000
15.420000
15.420000
15.420000
15.420000
15.420000
15.780000
15.780000
15.780000
15.780000
15.780000
15.780000
15.780000
15.780000
15.780000
15.780000
15.780000
16.139999
16.139999
16.139999
16.139999
16.139999
16.139999
16.139999
16.500000
16.500000
16.500000
16.500000
16.500000
16.500000
16.500000
16.500000
16.860001
16.860001
16.860001
16.860001
16.860001
16.860001
16.860001
16.860001
16.860001
16.860001
16.860001
16.860001
17.219999
17.219999
17.219999
17.219999
17.219999
17.219999
17.219999
17.219999
17.219999
17.219999
17.219999
17.219999
17.219999
17.219999
17.219999
17.219999
17.219999
17.570000
17.570000
17.570000
17.570000
17.570000
17.930000
17.930000
17.930000
17.930000
17.930000
17.930000
17.930000
17.930000
18.290001
18.290001
18.290001
18.290001
18.290001
18.290001
18.290001
18.290001
18.290001
18.290001
18.290001
18.290001
18.290001
18.290001
21.820000
21.820000
21.820000
21.820000
21.820000
21.820000
21.820000
21.820000
21.820000
21.820000
21.820000
21.820000
21.820000
25.350000
25.350000
25.350000
25.350000
25.350000
25.350000
25.350000
25.350000
25.350000
25.350000
28.879999
28.879999
28.879999
28.879999
28.879999
28.879999
28.879999
28.879999
28.879999
32.410000
32.410000
32.410000
32.410000
32.410000
32.410000
32.410000
35.060001
35.060001
35.060001
35.060001
35.060001
35.060001
