0.000000
0.000000
0.000000
0.000000
0.000000
0.000000
0.000000
0.000000
0.000000
0.000000
0.000000
0.000000
0.000000
0.000000
0.000000
0.000000
0.000000
0.000000
0.000000
0.000000
0.000000
0.000000
0.000000
0.000000
0.000000
0.000000
0.000000
0.000000
0.000000
0.000000
0.000000
0.000000
0.000000
0.000000
0.000000
0.000000
0.000000
0.000000
0.000000
0.000000
0.000000
0.000038
0.000038
0.000038
0.000038
0.000038
0.000038
0.000038
0.000038
0.000038
0.000038
0.089730
0.089730
0.089730
0.089730
0.089730
0.089730
0.089730
0.089730
0.089730
0.089730
0.089730
0.179400
0.179400
0.179400
0.179400
0.179400
0.179400
0.179400
0.179400
0.179400
0.269100
0.269100
0.269100
0.269100
0.269100
0.269100
0.269100
0.358800
0.358800
0.358800
0.448500
0.448500
0.448500
0.448500
0.448500
0.448500
0.448500
0.448500
0.448500
0.448500
0.448500
0.448500
0.538200
0.538200
0.627900
0.627900
0.627900
0.627900
0.627900
0.627900
0.627900
0.627900
0.627900
0.627900
0.627900
0.717600
0.717600
0.717600
0.717600
0.717600
0.717600
0.717600
0.717600
0.717600
0.717600
0.807300
0.807300
0.807300
0.807300
0.807300
0.807300
0.807300
0.807300
0.807300
0.807300
0.897000
0.897000
0.897000
0.897000
0.897000
0.897000
0.897000
0.897000
0.897000
0.897000
0.897000
0.986700
0.986700
0.986700
0.986700
0.986700
0.986700
0.986700
0.986700
0.986700
1.076000
1.076000
1.076000
1.076000
1.076000
1.076000
1.076000
1.076000
1.076000
1.076000
1.166000
1.166000
1.166000
1.166000
1.166000
1.166000
1.166000
1.166000
1.166000
1.166000
1.166000
1.166000
1.166000
1.256000
1.256000
1.256000
1.256000
1.256000
1.256000
1.256000
1.256000
1.256000
1.256000
1.256000
1.256000
1.345000
1.345000
1.345000
1.345000
1.345000
1.345000
1.345000
1.345000
1.345000
1.345000
1.345000
1.345000
1.345000
1.345000
1.345000
1.345000
1.345000
1.345000
1.435000
1.435000
1.435000
1.435000
1.435000
1.435000
1.435000
1.435000
1.525000
1.525000
1.525000
1.525000
1.525000
1.525000
1.525000
1.525000
1.525000
1.525000
1.525000
1.525000
1.615000
1.615000
1.615000
1.615000
1.615000
1.615000
1.615000
1.615000
1.704000
1.704000
1.704000
1.704000
1.704000
1.704000
1.704000
1.704000
1.704000
1.704000
1.704000
1.704000
1.794000
1.794000
1.794000
1.794000
1.794000
1.794000
1.794000
1.884000
1.884000
1.884000
1.884000
1.884000
1.884000
1.884000
1.884000
1.973000
1.973000
1.973000
1.973000
1.973000
1.973000
1.973000
1.973000
1.973000
2.063000
2.063000
2.063000
2.063000
2.063000
2.063000
2.063000
2.063000
2.063000
2.063000
2.063000
2.063000
2.063000
2.063000
2.153000
2.153000
2.153000
2.153000
2.153000
2.153000
2.153000
2.153000
2.242000
2.242000
2.242000
2.242000
2.242000
2.242000
2.242000
2.242000
2.242000
2.242000
2.242000
2.242000
2.242000
2.242000
2.332000
2.332000
2.332000
2.332000
2.332000
2.332000
2.332000
2.422000
2.422000
2.422000
2.422000
2.422000
2.422000
2.422000
2.422000
2.422000
2.422000
2.422000
2.422000
2.422000
2.422000
2.512000
2.512000
2.512000
2.512000
2.512000
2.512000
2.512000
2.512000
2.512000
2.512000
2.512000
2.512000
2.601000
2.601000
2.601000
2.601000
2.601000
2.601000
2.601000
2.691000
2.691000
2.691000
2.691000
2.691000
2.781000
2.781000
2.781000
2.781000
2.781000
2.781000
2.781000
2.781000
2.781000
2.781000
2.870000
2.870000
2.870000
2.870000
2.870000
2.870000
2.870000
2.870000
2.960000
2.960000
2.960000
2.960000
2.960000
2.960000
2.960000
2.960000
2.960000
2.960000
2.960000
3.050000
3.050000
3.050000
3.050000
3.050000
3.050000
3.050000
3.050000
3.139000
3.139000
3.139000
3.139000
3.139000
3.139000
3.139000
3.139000
3.139000
3.139000
3.139000
3.139000
3.139000
3.139000
3.229000
3.229000
3.229000
3.229000
3.229000
3.229000
3.229000
3.229000
3.229000
3.229000
3.319000
3.319000
3.319000
3.319000
3.319000
3.319000
3.319000
3.319000
3.319000
3.319000
3.408000
3.408000
3.408000
3.408000
3.408000
3.408000
3.408000
3.498000
3.498000
3.498000
3.498000
3.498000
3.498000
3.498000
3.498000
3.498000
3.498000
3.498000
3.498000
3.498000
3.588000
3.588000
3.588000
3.588000
3.588000
3.588000
3.588000
3.588000
3.678000
3.678000
3.678000
3.678000
3.678000
3.678000
3.678000
3.767000
3.767000
3.767000
3.767000
3.767000
3.767000
3.767000
3.857000
3.857000
3.857000
3.857000
3.857000
3.857000
3.857000
3.857000
3.857000
3.857000
3.857000
3.947000
3.947000
3.947000
3.947000
3.947000
3.947000
3.947000
3.947000
3.947000
4.036000
4.036000
4.036000
4.036000
4.036000
4.036000
4.036000
4.036000
4.036000
4.036000
4.036000
4.036000
4.670000
4.670000
4.670000
4.670000
4.670000
4.670000
4.670000
4.670000
4.670000
4.670000
5.304000
5.304000
5.304000
5.304000
5.304000
5.304000
5.304000
5.937000
5.937000
5.937000
5.937000
5.937000
5.937000
5.937000
5.937000
5.937000
5.937000
5.937000
5.937000
5.937000
5.937000
5.937000
5.937000
5.937000
6.571000
6.571000
6.571000
6.571000
6.571000
6.571000
6.571000
6.571000
6.571000
6.571000
6.571000
6.571000
6.571000
7.205000
7.205000
7.205000
7.205000
7.205000
7.205000
7.839000
7.839000
7.839000
7.839000
7.839000
7.839000
7.839000
7.839000
7.839000
7.839000
8.472000
8.472000
8.472000
8.472000
8.472000
8.472000
8.472000
8.472000
9.106000
9.106000
9.106000
9.106000
9.106000
9.106000
9.106000
9.106000
9.106000
9.106000
9.106000
9.106000
9.740000
9.740000
9.740000
9.740000
9.740000
9.740000
9.740000
9.740000
10.370000
10.370000
10.370000
10.370000
10.370000
10.370000
10.370000
10.370000
10.370000
10.370000
10.370000
11.010000
11.010000
11.010000
11.010000
11.010000
11.010000
11.010000
11.010000
11.010000
11.640000
11.640000
11.640000
11.640000
11.640000
11.640000
11.640000
11.640000
11.640000
11.640000
11.640000
12.270000
12.270000
12.270000
12.270000
12.270000
12.270000
12.270000
12.270000
12.270000
12.910000
12.910000
12.910000
12.910000
12.910000
12.910000
12.910000
12.910000
12.910000
13.540000
13.540000
13.540000
13.540000
13.540000
13.540000
13.540000
13.540000
13.540000
14.180000
14.180000
14.180000
14.180000
14.180000
14.180000
14.180000
14.180000
14.810000
14.810000
14.810000
14.810000
14.810000
15.440000
15.440000
15.440000
15.440000
15.440000
15.440000
15.440000
15.440000
15.440000
15.440000
15.440000
15.440000
15.440000
16.080000
16.080000
16.080000
16.080000
16.080000
16.080000
16.080000
16.080000
16.709999
16.709999
16.709999
16.709999
16.709999
16.709999
16.709999
16.709999
17.340000
17.340000
17.340000
17.340000
17.340000
17.340000
17.340000
17.980000
17.980000
17.980000
17.980000
17.980000
17.980000
17.980000
17.980000
18.610001
18.610001
18.610001
18.610001
18.610001
18.610001
18.610001
18.610001
18.610001
19.250000
19.250000
19.250000
19.250000
19.250000
19.250000
19.250000
19.250000
19.250000
19.250000
19.250000
19.250000
19.250000
19.250000
19.879999
19.879999
19.879999
19.879999
19.879999
19.879999
19.879999
19.879999
19.879999
19.879999
19.879999
20.510000
20.510000
20.510000
20.510000
20.510000
20.510000
20.510000
20.510000
20.510000
21.150000
21.150000
21.150000
21.150000
21.150000
21.150000
21.150000
21.780001
21.780001
21.780001
21.780001
21.780001
21.780001
21.780001
21.780001
21.780001
21.780001
21.780001
22.410000
22.410000
22.410000
22.410000
22.410000
22.410000
22.410000
22.410000
22.410000
22.410000
22.410000
22.410000
23.049999
23.049999
23.049999
23.049999
23.049999
23.049999
23.049999
23.049999
23.049999
23.049999
23.049999
23.680000
23.680000
23.680000
23.680000
23.680000
23.680000
23.680000
23.680000
23.680000
23.680000
23.680000
24.309999
24.309999
24.309999
24.309999
24.309999
24.309999
24.309999
24.309999
24.309999
24.309999
24.309999
24.309999
24.309999
24.950001
24.950001
24.950001
24.950001
24.950001
24.950001
24.950001
24.950001
24.950001
24.950001
24.950001
24.950001
24.950001
24.950001
24.950001
24.950001
24.950001
24.950001
24.950001
25.580000
25.580000
25.580000
25.580000
25.580000
25.580000
25.580000
25.580000
25.580000
25.580000
26.219999
26.219999
26.219999
26.219999
26.219999
26.219999
26.219999
26.219999
26.850000
26.850000
26.850000
26.850000
26.850000
26.850000
26.850000
26.850000
26.850000
26.850000
26.850000
26.850000
26.850000
27.480000
27.480000
27.480000
27.480000
27.480000
27.480000
27.480000
27.480000
27.480000
27.480000
28.120001
28.120001
28.120001
28.120001
28.120001
28.120001
28.120001
28.120001
28.120001
28.120001
28.120001
28.120001
28.120001
28.120001
28.750000
28.750000
28.750000
28.750000
28.750000
28.750000
28.750000
28.750000
28.750000
28.750000
28.750000
29.379999
29.379999
29.379999
29.379999
29.379999
29.379999
29.379999
29.379999
29.379999
29.379999
29.379999
29.379999
29.379999
29.379999
29.379999
30.020000
30.020000
30.020000
30.020000
30.020000
30.020000
30.020000
30.020000
30.020000
30.020000
30.650000
30.650000
30.650000
30.650000
30.650000
30.650000
30.650000
30.650000
30.650000
30.650000
31.290001
31.290001
31.290001
31.290001
31.290001
31.290001
31.290001
31.290001
31.290001
31.290001
31.290001
31.290001
31.290001
31.920000
31.920000
31.920000
31.920000
31.920000
31.920000
31.920000
31.920000
31.920000
31.920000
32.549999
32.549999
32.549999
32.549999
32.549999
42.200001
42.200001
42.200001
42.200001
42.200001
42.200001
42.200001
42.200001
51.849998
51.849998
51.849998
51.849998
51.849998
51.849998
51.849998
51.849998
61.490002
61.490002
61.490002
61.490002
61.490002
61.490002
71.139999
71.139999
71.139999
71.139999
71.139999
71.139999
71.139999
71.139999
71.139999
71.139999
71.139999
71.139999
78.379997
78.379997
78.379997
78.379997
78.379997
78.379997
78.379997
78.379997
78.379997
78.379997
78.379997
78.379997
78.379997
78.379997
78.379997
