0.000000
0.000000
0.000000
0.000000
0.000000
0.000000
0.000000
0.000000
0.000000
0.000000
0.000000
0.000000
0.000000
0.000000
0.000000
0.000000
0.000000
0.000000
0.000000
0.000000
0.000000
0.000000
0.000000
0.000000
0.000000
0.000000
0.000000
0.000000
0.000000
0.000000
0.000000
0.000000
0.000000
0.000000
0.000000
0.000000
0.000000
0.000000
0.000000
0.000000
0.000000
0.000000
0.000000
0.000000
0.000000
0.000000
0.000000
0.000000
0.000000
0.000000
0.000000
0.000000
0.000000
0.000000
0.000000
0.041170
0.041170
0.041170
0.041170
0.041170
0.041170
0.041170
0.041170
0.041170
0.041170
0.041170
0.041170
0.041170
0.069520
0.069520
0.069520
0.069520
0.069520
0.069520
0.069520
0.069520
0.069520
0.069520
0.097870
0.097870
0.097870
0.097870
0.097870
0.097870
0.097870
0.097870
0.097870
0.126200
0.126200
0.126200
0.126200
0.126200
0.126200
0.126200
0.126200
0.126200
0.126200
0.154600
0.154600
0.154600
0.154600
0.154600
0.154600
0.182900
0.182900
0.182900
0.182900
0.182900
0.182900
0.182900
0.182900
0.182900
0.182900
0.182900
0.211300
0.211300
0.211300
0.211300
0.211300
0.211300
0.211300
0.211300
0.211300
0.211300
0.211300
0.239600
0.239600
0.239600
0.239600
0.239600
0.239600
0.239600
0.239600
0.268000
0.268000
0.268000
0.268000
0.268000
0.268000
0.268000
0.268000
0.296300
0.296300
0.296300
0.296300
0.296300
0.296300
0.296300
0.296300
0.296300
0.296300
0.296300
0.296300
0.324700
0.324700
0.324700
0.324700
0.324700
0.324700
0.324700
0.324700
0.324700
0.353000
0.353000
0.353000
0.353000
0.353000
0.353000
0.353000
0.353000
0.353000
0.353000
0.353000
0.353000
0.381400
0.381400
0.381400
0.381400
0.381400
0.381400
0.381400
0.381400
0.381400
0.381400
0.381400
0.409700
0.409700
0.409700
0.409700
0.409700
0.409700
0.409700
0.409700
0.409700
0.409700
0.409700
0.409700
0.409700
0.409700
0.409700
0.438000
0.438000
0.438000
0.438000
0.438000
0.438000
0.438000
0.438000
0.438000
0.466400
0.466400
0.466400
0.466400
0.466400
0.466400
0.466400
0.466400
0.466400
0.466400
0.494700
0.494700
0.494700
0.494700
0.494700
0.494700
0.494700
0.494700
0.494700
0.494700
0.523100
0.523100
0.523100
0.523100
0.523100
0.523100
0.523100
0.523100
0.523100
0.523100
0.523100
0.523100
0.523100
0.551400
0.551400
0.551400
0.551400
0.551400
0.551400
0.551400
0.551400
0.579800
0.579800
0.579800
0.579800
0.579800
0.579800
0.579800
0.579800
0.579800
0.579800
0.579800
0.579800
0.579800
0.579800
0.608100
0.608100
0.608100
0.608100
0.608100
0.608100
0.608100
0.608100
0.636500
0.636500
0.636500
0.636500
0.636500
0.636500
0.636500
0.636500
0.636500
0.636500
0.664800
0.664800
0.664800
0.664800
0.664800
0.664800
0.664800
0.664800
0.664800
0.693200
0.693200
0.693200
0.693200
0.693200
0.693200
0.693200
0.693200
0.693200
0.693200
0.693200
0.693200
0.693200
0.721500
0.721500
0.721500
0.721500
0.721500
0.721500
0.721500
0.749900
0.749900
0.749900
0.749900
0.749900
0.749900
0.749900
0.749900
0.749900
0.778200
0.778200
0.778200
0.778200
0.778200
0.778200
0.806600
0.806600
0.806600
0.806600
0.806600
0.806600
0.806600
0.806600
0.806600
0.806600
0.806600
0.806600
0.834900
0.834900
0.834900
0.834900
0.834900
0.834900
0.834900
0.834900
0.834900
0.834900
0.834900
0.834900
0.863300
0.863300
0.891600
0.891600
0.891600
0.891600
0.891600
0.891600
0.891600
0.891600
0.891600
0.891600
0.891600
0.891600
0.891600
0.891600
0.920000
0.920000
0.920000
0.920000
0.920000
0.920000
0.920000
0.920000
0.920000
0.920000
0.920000
0.920000
0.948300
0.948300
0.948300
0.948300
0.948300
0.948300
0.948300
0.948300
0.948300
0.976700
0.976700
0.976700
0.976700
0.976700
0.976700
0.976700
0.976700
0.976700
0.976700
0.976700
1.005000
1.005000
1.005000
1.005000
1.005000
1.033000
1.033000
1.033000
1.033000
1.033000
1.033000
1.033000
1.033000
1.033000
1.033000
1.062000
1.062000
1.062000
1.062000
1.062000
1.062000
1.062000
1.062000
1.062000
1.090000
1.090000
1.090000
1.090000
1.090000
1.090000
1.090000
1.090000
1.090000
1.090000
1.118000
1.118000
1.118000
1.118000
1.118000
1.118000
1.118000
1.118000
1.118000
1.118000
1.118000
1.147000
1.147000
1.147000
1.147000
1.147000
1.147000
1.147000
1.147000
1.147000
1.147000
1.147000
1.147000
1.175000
1.175000
1.175000
1.175000
1.175000
1.175000
1.175000
1.175000
1.175000
1.175000
1.175000
1.175000
1.175000
1.175000
1.203000
1.203000
1.203000
1.203000
1.203000
1.203000
1.203000
1.232000
1.232000
1.232000
1.232000
1.232000
1.232000
1.232000
1.260000
1.260000
1.260000
1.260000
1.260000
1.260000
1.260000
1.289000
1.289000
1.289000
1.289000
1.289000
1.289000
1.289000
1.289000
1.289000
1.289000
1.289000
1.289000
1.289000
1.289000
1.289000
1.289000
1.317000
1.317000
1.317000
1.317000
1.317000
1.317000
1.317000
1.317000
1.800000
1.800000
1.800000
1.800000
1.800000
1.800000
1.800000
2.283000
2.283000
2.283000
2.283000
2.283000
2.283000
2.283000
2.283000
2.283000
2.766000
2.766000
2.766000
2.766000
2.766000
2.766000
3.249000
3.249000
3.249000
3.249000
3.249000
3.249000
3.249000
3.249000
3.249000
3.249000
3.249000
3.732000
3.732000
3.732000
3.732000
3.732000
3.732000
3.732000
3.732000
3.732000
3.732000
3.732000
4.215000
4.215000
4.215000
4.215000
4.215000
4.215000
4.215000
4.215000
4.215000
4.215000
4.215000
4.215000
4.215000
4.698000
4.698000
4.698000
4.698000
4.698000
4.698000
4.698000
4.698000
4.698000
4.698000
4.698000
4.698000
4.698000
4.698000
5.181000
5.181000
5.181000
5.181000
5.181000
5.181000
5.181000
5.181000
5.181000
5.664000
5.664000
6.147000
6.147000
6.147000
6.147000
6.147000
6.147000
6.147000
6.147000
6.147000
6.147000
6.147000
6.147000
6.630000
6.630000
6.630000
6.630000
6.630000
6.630000
6.630000
6.630000
6.630000
6.630000
6.630000
6.630000
6.630000
6.630000
7.113000
7.113000
7.113000
7.113000
7.113000
7.596000
7.596000
7.596000
7.596000
7.596000
7.596000
7.596000
7.596000
7.596000
7.596000
7.596000
8.079000
8.079000
8.079000
8.079000
8.079000
8.079000
8.079000
8.079000
8.079000
8.079000
8.079000
8.079000
8.562000
8.562000
8.562000
8.562000
8.562000
8.562000
8.562000
8.562000
8.562000
8.562000
8.562000
9.045000
9.045000
9.045000
9.045000
9.045000
9.045000
9.045000
9.045000
9.045000
9.528000
9.528000
9.528000
9.528000
9.528000
9.528000
9.528000
9.528000
9.528000
9.528000
9.528000
10.010000
10.010000
10.010000
10.010000
10.010000
10.490000
10.490000
10.490000
10.490000
10.490000
10.490000
10.490000
10.490000
10.490000
10.490000
10.490000
10.490000
10.490000
10.980000
10.980000
10.980000
10.980000
10.980000
10.980000
10.980000
10.980000
10.980000
10.980000
10.980000
11.460000
11.460000
11.460000
11.460000
11.460000
11.460000
11.460000
11.460000
11.460000
11.460000
11.940000
11.940000
11.940000
11.940000
11.940000
11.940000
11.940000
11.940000
11.940000
11.940000
11.940000
12.430000
12.430000
12.430000
12.430000
12.430000
12.430000
12.430000
12.430000
12.430000
12.430000
12.430000
12.430000
12.910000
12.910000
12.910000
12.910000
12.910000
12.910000
12.910000
12.910000
12.910000
12.910000
12.910000
12.910000
13.390000
13.390000
13.390000
13.390000
13.390000
13.390000
13.390000
13.870000
13.870000
13.870000
13.870000
13.870000
13.870000
13.870000
13.870000
13.870000
13.870000
13.870000
14.360000
14.360000
14.360000
14.360000
14.360000
14.360000
14.360000
14.360000
14.360000
14.840000
14.840000
14.840000
14.840000
14.840000
14.840000
14.840000
14.840000
14.840000
14.840000
15.320000
15.320000
15.320000
15.320000
15.320000
15.320000
15.320000
15.320000
15.320000
15.810000
15.810000
15.810000
15.810000
15.810000
15.810000
15.810000
15.810000
15.810000
15.810000
15.810000
15.810000
15.810000
15.810000
16.290001
16.290001
16.290001
16.290001
16.290001
16.290001
16.290001
16.290001
16.290001
16.290001
16.290001
16.290001
16.290001
16.290001
16.290001
16.770000
16.770000
16.770000
16.770000
16.770000
17.260000
17.260000
17.260000
17.260000
17.260000
17.260000
17.260000
17.260000
17.740000
17.740000
17.740000
17.740000
17.740000
17.740000
17.740000
18.219999
18.219999
18.219999
18.219999
18.219999
18.219999
18.219999
18.219999
18.219999
18.700001
18.700001
18.700001
18.700001
18.700001
18.700001
18.700001
18.700001
18.700001
19.190001
19.190001
19.190001
19.190001
19.190001
19.190001
19.190001
19.190001
19.190001
19.190001
19.190001
19.190001
19.670000
19.670000
19.670000
19.670000
19.670000
19.670000
19.670000
19.670000
19.670000
19.670000
20.150000
20.150000
20.150000
20.150000
20.150000
20.150000
20.150000
20.639999
20.639999
20.639999
20.639999
20.639999
20.639999
20.639999
20.639999
20.639999
20.639999
20.639999
20.639999
21.120001
21.120001
21.120001
21.120001
21.120001
21.120001
21.120001
21.120001
21.120001
21.120001
21.600000
21.600000
21.600000
21.600000
21.600000
21.600000
21.600000
21.600000
21.600000
21.600000
22.090000
22.090000
22.090000
22.090000
22.090000
22.570000
22.570000
22.570000
22.570000
22.570000
22.570000
22.570000
22.570000
22.570000
22.570000
23.049999
23.049999
23.049999
23.049999
23.049999
23.049999
23.049999
25.480000
25.480000
25.480000
25.480000
25.480000
25.480000
25.480000
25.480000
25.480000
25.480000
25.480000
25.480000
27.900000
27.900000
27.900000
27.900000
27.900000
27.900000
27.900000
27.900000
27.900000
27.900000
27.900000
27.900000
27.900000
27.900000
27.900000
27.900000
30.330000
30.330000
30.330000
30.330000
30.330000
30.330000
30.330000
32.750000
32.750000
32.750000
32.750000
32.750000
32.750000
34.570000
34.570000
34.570000
34.570000
34.570000
34.570000
34.570000
34.570000
