0.000000
0.000000
0.000000
0.000000
0.000000
0.000000
0.000000
0.000000
0.000000
0.000000
0.000000
0.000000
0.000000
0.000000
0.000000
0.000000
0.000000
0.000000
0.000000
0.000000
0.000000
0.000000
0.000000
0.000000
0.000000
0.000000
0.000000
0.000000
0.000000
0.000000
0.000000
0.000000
0.000000
0.000000
0.000000
0.000000
0.000000
0.000000
0.000000
0.000000
0.000000
0.000000
0.000000
0.000000
0.000000
0.000000
0.000000
0.000000
0.000000
0.000000
0.278000
0.278000
0.278000
0.278000
0.278000
0.278000
0.278000
0.278000
0.278000
0.278000
0.278000
0.278000
0.278000
0.278000
0.278000
0.366900
0.366900
0.366900
0.366900
0.366900
0.366900
0.366900
0.366900
0.366900
0.366900
0.366900
0.366900
0.366900
0.455900
0.455900
0.455900
0.544900
0.544900
0.544900
0.544900
0.544900
0.544900
0.633800
0.633800
0.633800
0.633800
0.633800
0.633800
0.633800
0.633800
0.633800
0.722800
0.722800
0.722800
0.722800
0.722800
0.722800
0.722800
0.722800
0.722800
0.722800
0.722800
0.811700
0.811700
0.811700
0.811700
0.811700
0.900700
0.900700
0.900700
0.900700
0.900700
0.900700
0.900700
0.900700
0.900700
0.900700
0.989600
0.989600
0.989600
0.989600
0.989600
0.989600
0.989600
0.989600
0.989600
0.989600
1.079000
1.079000
1.079000
1.079000
1.079000
1.079000
1.079000
1.079000
1.079000
1.079000
1.079000
1.079000
1.168000
1.168000
1.168000
1.168000
1.168000
1.168000
1.168000
1.168000
1.168000
1.168000
1.257000
1.257000
1.257000
1.257000
1.257000
1.257000
1.257000
1.257000
1.257000
1.345000
1.345000
1.345000
1.345000
1.345000
1.345000
1.434000
1.434000
1.434000
1.434000
1.434000
1.434000
1.434000
1.523000
1.523000
1.523000
1.523000
1.523000
1.523000
1.523000
1.523000
1.523000
1.612000
1.612000
1.612000
1.612000
1.612000
1.612000
1.612000
1.612000
1.701000
1.701000
1.701000
1.701000
1.701000
1.701000
1.701000
1.701000
1.701000
1.701000
1.701000
1.790000
1.790000
1.790000
1.790000
1.790000
1.879000
1.879000
1.879000
1.879000
1.879000
1.879000
1.879000
1.879000
1.879000
1.879000
1.879000
1.879000
1.968000
1.968000
1.968000
1.968000
1.968000
1.968000
1.968000
2.057000
2.057000
2.057000
2.057000
2.057000
2.057000
2.057000
2.057000
2.057000
2.057000
2.057000
2.146000
2.146000
2.146000
2.146000
2.146000
2.146000
2.146000
2.146000
2.146000
2.146000
2.146000
2.235000
2.235000
2.235000
2.235000
2.235000
2.235000
2.324000
2.324000
2.324000
2.324000
2.324000
2.324000
2.324000
2.324000
2.324000
2.324000
2.324000
2.324000
2.324000
2.324000
2.324000
2.413000
2.413000
2.413000
2.413000
2.413000
2.413000
2.413000
2.413000
2.502000
2.502000
2.502000
2.502000
2.502000
2.502000
2.502000
2.502000
2.591000
2.591000
2.591000
2.591000
2.591000
2.591000
2.591000
2.591000
2.591000
2.680000
2.680000
2.680000
2.680000
2.680000
2.680000
2.680000
2.680000
2.680000
2.680000
2.680000
2.680000
2.769000
2.769000
2.769000
2.769000
2.769000
2.769000
2.769000
2.769000
2.769000
2.769000
2.769000
2.769000
2.858000
2.858000
2.858000
2.858000
2.858000
2.858000
2.858000
2.858000
2.858000
2.858000
2.858000
2.858000
2.858000
2.947000
2.947000
2.947000
2.947000
2.947000
2.947000
2.947000
2.947000
2.947000
3.036000
3.036000
3.036000
3.036000
3.036000
3.036000
3.036000
3.036000
3.036000
3.036000
3.036000
3.125000
3.125000
3.125000
3.125000
3.125000
3.125000
3.125000
3.125000
3.125000
3.125000
3.125000
3.125000
3.125000
3.125000
3.125000
3.125000
3.214000
3.214000
3.214000
3.214000
3.214000
3.214000
3.214000
3.214000
3.214000
3.303000
3.303000
3.303000
3.303000
3.303000
3.303000
3.303000
3.303000
3.303000
3.392000
3.392000
3.392000
3.392000
3.392000
3.392000
3.392000
3.392000
3.392000
3.480000
3.480000
3.480000
3.480000
3.480000
3.480000
3.480000
3.480000
3.480000
3.569000
3.569000
3.569000
3.569000
3.569000
3.569000
3.569000
3.569000
3.569000
3.569000
3.569000
3.569000
3.658000
3.658000
3.658000
3.658000
3.658000
3.658000
3.658000
3.658000
3.658000
3.658000
3.658000
3.658000
3.747000
3.747000
3.747000
3.747000
3.747000
3.747000
3.836000
3.836000
3.836000
3.836000
3.836000
3.836000
3.925000
3.925000
3.925000
3.925000
3.925000
3.925000
3.925000
4.014000
4.014000
4.014000
4.014000
4.014000
4.014000
4.014000
4.014000
4.014000
4.014000
4.103000
4.103000
4.103000
4.103000
4.103000
4.103000
4.103000
4.103000
4.103000
4.103000
4.103000
4.103000
4.103000
4.192000
4.192000
4.192000
4.192000
4.192000
4.192000
4.192000
4.281000
4.281000
4.281000
4.281000
4.281000
4.281000
4.281000
4.281000
4.281000
4.281000
4.281000
4.281000
4.544000
4.544000
4.544000
4.544000
4.544000
4.544000
4.544000
4.544000
4.544000
4.544000
4.807000
4.807000
4.807000
4.807000
4.807000
4.807000
4.807000
5.070000
5.070000
5.070000
5.070000
5.070000
5.070000
5.070000
5.070000
5.070000
5.070000
5.070000
5.070000
5.070000
5.070000
5.333000
5.333000
5.333000
5.333000
5.333000
5.333000
5.333000
5.333000
5.333000
5.333000
5.333000
5.333000
5.596000
5.596000
5.596000
5.596000
5.596000
5.596000
5.596000
5.596000
5.596000
5.596000
5.596000
5.596000
5.596000
5.596000
5.596000
5.596000
5.596000
5.859000
5.859000
5.859000
5.859000
5.859000
5.859000
5.859000
5.859000
6.122000
6.122000
6.122000
6.122000
6.122000
6.122000
6.122000
6.122000
6.122000
6.385000
6.385000
6.385000
6.385000
6.385000
6.385000
6.385000
6.385000
6.385000
6.385000
6.385000
6.648000
6.648000
6.648000
6.648000
6.648000
6.648000
6.648000
6.648000
6.648000
6.648000
6.648000
6.648000
6.911000
6.911000
6.911000
6.911000
6.911000
6.911000
6.911000
6.911000
7.174000
7.174000
7.174000
7.174000
7.174000
7.437000
7.437000
7.437000
7.437000
7.437000
7.437000
7.437000
7.437000
7.437000
7.437000
7.437000
7.437000
7.700000
7.700000
7.700000
7.700000
7.700000
7.700000
7.700000
7.700000
7.700000
7.700000
7.700000
7.700000
7.700000
7.700000
7.700000
7.700000
7.963000
7.963000
7.963000
7.963000
7.963000
7.963000
7.963000
7.963000
7.963000
7.963000
7.963000
7.963000
7.963000
7.963000
7.963000
8.226000
8.226000
8.226000
8.226000
8.226000
8.226000
8.226000
8.226000
8.226000
8.226000
8.226000
8.489000
8.489000
8.489000
8.489000
8.489000
8.489000
8.489000
8.489000
8.489000
8.489000
8.752000
8.752000
8.752000
8.752000
8.752000
8.752000
8.752000
8.752000
8.752000
8.752000
8.752000
8.752000
8.752000
8.752000
8.752000
9.015000
9.015000
9.015000
9.015000
9.015000
9.015000
9.015000
9.278000
9.278000
9.278000
9.278000
9.278000
9.278000
9.278000
9.278000
9.278000
9.278000
9.278000
9.278000
9.278000
9.278000
9.541000
9.541000
9.541000
9.541000
9.541000
9.541000
9.541000
9.541000
9.541000
9.541000
9.541000
9.541000
9.541000
9.541000
9.541000
9.541000
9.541000
9.541000
9.804000
9.804000
9.804000
9.804000
9.804000
9.804000
9.804000
9.804000
10.070000
10.070000
10.070000
10.070000
10.070000
10.070000
10.330000
10.330000
10.330000
10.330000
10.330000
10.330000
10.330000
10.590000
10.590000
10.590000
10.860000
10.860000
10.860000
10.860000
10.860000
10.860000
10.860000
10.860000
10.860000
10.860000
10.860000
10.860000
10.860000
10.860000
10.860000
11.120000
11.120000
11.120000
11.120000
11.120000
11.120000
11.120000
11.120000
11.120000
11.120000
11.120000
11.120000
11.120000
11.120000
11.120000
11.120000
11.380000
11.380000
11.380000
11.380000
11.380000
11.380000
11.380000
11.380000
11.380000
11.380000
11.380000
11.380000
11.380000
11.640000
11.640000
11.640000
11.640000
11.640000
11.640000
11.640000
11.640000
11.640000
11.640000
11.640000
11.910000
11.910000
11.910000
11.910000
11.910000
11.910000
11.910000
12.170000
12.170000
12.170000
12.170000
12.170000
12.170000
12.170000
12.170000
12.170000
12.170000
12.430000
12.430000
12.430000
12.430000
12.430000
12.430000
12.700000
12.700000
12.700000
12.700000
12.960000
12.960000
12.960000
12.960000
12.960000
12.960000
12.960000
13.220000
13.220000
13.220000
13.220000
13.220000
13.220000
13.220000
13.220000
13.220000
13.220000
13.220000
13.220000
13.220000
13.490000
13.490000
13.490000
13.490000
13.490000
13.490000
13.490000
13.750000
13.750000
13.750000
13.750000
13.750000
13.750000
14.010000
14.010000
14.010000
14.010000
14.010000
14.010000
14.010000
14.270000
14.270000
14.270000
14.270000
14.270000
14.270000
14.270000
14.270000
14.270000
14.270000
14.270000
14.270000
14.270000
14.540000
14.540000
14.540000
14.540000
14.540000
14.540000
14.540000
14.540000
14.540000
14.800000
14.800000
14.800000
14.800000
14.800000
14.800000
14.800000
14.800000
14.800000
14.800000
14.800000
15.060000
15.060000
15.060000
15.060000
15.060000
15.060000
15.060000
15.060000
15.330000
15.330000
15.330000
15.330000
15.330000
15.330000
15.330000
15.330000
15.330000
15.330000
15.330000
15.590000
15.590000
15.590000
15.590000
15.590000
15.590000
15.590000
15.590000
15.590000
15.850000
15.850000
15.850000
15.850000
15.850000
15.850000
15.850000
15.850000
15.850000
15.850000
15.850000
15.850000
16.120001
16.120001
16.120001
16.120001
16.120001
17.500000
17.500000
17.500000
17.500000
17.500000
17.500000
17.500000
17.500000
17.500000
17.500000
17.500000
17.500000
17.500000
17.500000
18.879999
18.879999
18.879999
18.879999
18.879999
18.879999
18.879999
18.879999
18.879999
18.879999
18.879999
18.879999
20.270000
20.270000
20.270000
20.270000
20.270000
20.270000
20.270000
20.270000
20.270000
20.270000
20.270000
21.650000
21.650000
21.650000
21.650000
21.650000
21.650000
21.650000
21.650000
21.650000
21.650000
21.650000
22.690001
22.690001
22.690001
22.690001
22.690001
22.690001
22.690001
