0.000000
0.000000
0.000000
0.000000
0.000000
0.000000
0.000000
0.000000
0.000000
0.000000
0.000000
0.000000
0.000000
0.000000
0.000000
0.000000
0.000000
0.000000
0.000000
0.000000
0.000000
0.000000
0.000000
0.000000
0.000000
0.000000
0.000000
0.000000
0.000000
0.000000
0.000000
0.000000
0.000000
0.000000
0.000000
0.000000
0.000000
0.000000
0.000000
0.000000
0.000000
0.000000
0.000000
0.099320
0.099320
0.099320
0.099320
0.099320
0.099320
0.099320
0.099320
0.099320
0.099320
0.175100
0.175100
0.175100
0.175100
0.175100
0.175100
0.175100
0.175100
0.175100
0.175100
0.250800
0.250800
0.250800
0.250800
0.250800
0.250800
0.250800
0.326600
0.326600
0.326600
0.326600
0.326600
0.326600
0.326600
0.326600
0.326600
0.326600
0.326600
0.402300
0.402300
0.402300
0.402300
0.402300
0.402300
0.402300
0.402300
0.478000
0.478000
0.478000
0.478000
0.478000
0.478000
0.478000
0.553800
0.553800
0.553800
0.553800
0.553800
0.553800
0.553800
0.553800
0.553800
0.553800
0.553800
0.553800
0.553800
0.553800
0.629500
0.629500
0.629500
0.629500
0.629500
0.629500
0.629500
0.629500
0.629500
0.629500
0.629500
0.629500
0.629500
0.629500
0.629500
0.629500
0.705300
0.705300
0.705300
0.705300
0.705300
0.705300
0.705300
0.705300
0.781000
0.781000
0.781000
0.781000
0.781000
0.781000
0.781000
0.781000
0.781000
0.781000
0.781000
0.856800
0.856800
0.856800
0.856800
0.856800
0.932500
0.932500
0.932500
0.932500
0.932500
0.932500
0.932500
0.932500
0.932500
0.932500
0.932500
0.932500
1.008000
1.008000
1.008000
1.008000
1.008000
1.008000
1.008000
1.008000
1.008000
1.008000
1.008000
1.008000
1.008000
1.084000
1.084000
1.084000
1.084000
1.084000
1.084000
1.084000
1.084000
1.084000
1.160000
1.160000
1.160000
1.160000
1.160000
1.235000
1.235000
1.235000
1.235000
1.235000
1.235000
1.235000
1.235000
1.235000
1.311000
1.311000
1.311000
1.311000
1.311000
1.311000
1.311000
1.311000
1.311000
1.311000
1.311000
1.387000
1.387000
1.387000
1.387000
1.387000
1.387000
1.387000
1.387000
1.387000
1.463000
1.463000
1.463000
1.463000
1.463000
1.463000
1.463000
1.538000
1.538000
1.538000
1.538000
1.538000
1.538000
1.538000
1.538000
1.614000
1.614000
1.614000
1.614000
1.614000
1.614000
1.614000
1.614000
1.614000
1.614000
1.614000
1.614000
1.690000
1.690000
1.690000
1.690000
1.690000
1.690000
1.690000
1.690000
1.690000
1.690000
1.690000
1.766000
1.766000
1.766000
1.766000
1.766000
1.766000
1.766000
1.766000
1.766000
1.841000
1.841000
1.841000
1.841000
1.841000
1.841000
1.841000
1.841000
1.841000
1.841000
1.841000
1.917000
1.917000
1.917000
1.917000
1.917000
1.917000
1.917000
1.917000
1.917000
1.917000
1.917000
1.917000
1.917000
1.917000
1.917000
1.917000
1.917000
1.917000
1.917000
1.993000
1.993000
1.993000
1.993000
1.993000
1.993000
1.993000
1.993000
2.069000
2.069000
2.069000
2.069000
2.069000
2.069000
2.069000
2.069000
2.069000
2.069000
2.069000
2.069000
2.069000
2.144000
2.144000
2.144000
2.144000
2.144000
2.144000
2.144000
2.144000
2.144000
2.144000
2.144000
2.144000
2.144000
2.220000
2.220000
2.220000
2.220000
2.296000
2.296000
2.296000
2.296000
2.296000
2.372000
2.372000
2.372000
2.372000
2.372000
2.372000
2.447000
2.447000
2.447000
2.447000
2.447000
2.447000
2.447000
2.447000
2.523000
2.523000
2.523000
2.523000
2.523000
2.523000
2.523000
2.523000
2.523000
2.523000
2.523000
2.523000
2.523000
2.523000
2.523000
2.523000
2.523000
2.523000
2.599000
2.599000
2.599000
2.599000
2.599000
2.599000
2.599000
2.599000
2.599000
2.675000
2.675000
2.675000
2.675000
2.675000
2.675000
2.675000
2.675000
2.675000
2.675000
2.750000
2.750000
2.750000
2.750000
2.750000
2.750000
2.750000
2.750000
2.750000
2.750000
2.750000
2.750000
2.750000
2.750000
2.750000
2.750000
2.826000
2.826000
2.826000
2.826000
2.826000
2.826000
2.826000
2.826000
2.826000
2.826000
2.826000
2.902000
2.902000
2.902000
2.902000
2.902000
2.902000
2.902000
2.902000
2.902000
2.902000
2.978000
2.978000
2.978000
2.978000
2.978000
2.978000
2.978000
2.978000
3.053000
3.053000
3.053000
3.053000
3.053000
3.053000
3.053000
3.053000
3.053000
3.053000
3.053000
3.053000
3.053000
3.129000
3.129000
3.129000
3.129000
3.129000
3.129000
3.129000
3.129000
3.129000
3.205000
3.205000
3.205000
3.205000
3.205000
3.205000
3.205000
3.281000
3.281000
3.281000
3.281000
3.281000
3.281000
3.281000
3.281000
3.281000
3.356000
3.356000
3.356000
3.356000
3.356000
3.356000
3.432000
3.432000
3.432000
3.432000
3.432000
3.508000
3.508000
3.508000
3.508000
3.508000
3.508000
3.508000
3.508000
3.508000
3.508000
3.508000
3.828000
3.828000
3.828000
3.828000
3.828000
3.828000
3.828000
3.828000
3.828000
3.828000
3.828000
3.828000
4.148000
4.148000
4.148000
4.148000
4.148000
4.148000
4.148000
4.148000
4.468000
4.468000
4.468000
4.468000
4.788000
4.788000
4.788000
4.788000
4.788000
4.788000
4.788000
4.788000
4.788000
4.788000
5.108000
5.108000
5.108000
5.108000
5.108000
5.108000
5.108000
5.108000
5.108000
5.108000
5.108000
5.428000
5.428000
5.428000
5.428000
5.428000
5.428000
5.428000
5.428000
5.428000
5.428000
5.428000
5.428000
5.428000
5.749000
5.749000
5.749000
5.749000
5.749000
5.749000
5.749000
5.749000
5.749000
5.749000
5.749000
6.069000
6.069000
6.069000
6.069000
6.069000
6.069000
6.069000
6.389000
6.389000
6.389000
6.389000
6.389000
6.389000
6.389000
6.389000
6.389000
6.389000
6.389000
6.389000
6.389000
6.709000
6.709000
6.709000
6.709000
7.029000
7.029000
7.029000
7.029000
7.029000
7.029000
7.349000
7.349000
7.349000
7.349000
7.349000
7.349000
7.349000
7.349000
7.349000
7.349000
7.669000
7.669000
7.669000
7.669000
7.669000
7.669000
7.989000
7.989000
7.989000
7.989000
7.989000
7.989000
7.989000
7.989000
7.989000
7.989000
7.989000
7.989000
8.309000
8.309000
8.309000
8.309000
8.309000
8.309000
8.309000
8.309000
8.309000
8.309000
8.309000
8.309000
8.309000
8.309000
8.309000
8.309000
8.309000
8.629000
8.629000
8.629000
8.629000
8.629000
8.629000
8.629000
8.629000
8.629000
8.629000
8.629000
8.629000
8.629000
8.950000
8.950000
8.950000
8.950000
8.950000
8.950000
8.950000
8.950000
8.950000
8.950000
8.950000
9.270000
9.270000
9.270000
9.270000
9.270000
9.270000
9.270000
9.270000
9.590000
9.590000
9.590000
9.590000
9.590000
9.590000
9.590000
9.590000
9.590000
9.590000
9.910000
9.910000
9.910000
9.910000
9.910000
9.910000
9.910000
9.910000
9.910000
9.910000
10.230000
10.230000
10.230000
10.230000
10.230000
10.230000
10.230000
10.230000
10.550000
10.550000
10.550000
10.550000
10.550000
10.550000
10.550000
10.870000
10.870000
10.870000
10.870000
10.870000
10.870000
10.870000
10.870000
10.870000
10.870000
10.870000
11.190000
11.190000
11.190000
11.190000
11.190000
11.190000
11.190000
11.190000
11.190000
11.190000
11.190000
11.190000
11.190000
11.510000
11.510000
11.510000
11.510000
11.510000
11.510000
11.510000
11.510000
11.510000
11.510000
11.510000
11.510000
11.510000
11.510000
11.830000
11.830000
11.830000
11.830000
11.830000
11.830000
11.830000
11.830000
11.830000
11.830000
11.830000
11.830000
11.830000
11.830000
11.830000
11.830000
11.830000
11.830000
11.830000
11.830000
12.150000
12.150000
12.150000
12.150000
12.150000
12.150000
12.150000
12.150000
12.150000
12.470000
12.470000
12.470000
12.470000
12.470000
12.470000
12.470000
12.470000
12.470000
12.470000
12.790000
12.790000
12.790000
12.790000
13.110000
13.110000
13.110000
13.110000
13.110000
13.110000
13.110000
13.110000
13.110000
13.110000
13.430000
13.430000
13.430000
13.430000
13.430000
13.430000
13.430000
13.430000
13.430000
13.430000
13.430000
13.750000
13.750000
13.750000
13.750000
13.750000
13.750000
13.750000
13.750000
13.750000
13.750000
13.750000
14.070000
14.070000
14.070000
14.070000
14.070000
14.070000
14.070000
14.070000
14.070000
14.070000
14.070000
14.390000
14.390000
14.390000
14.390000
14.390000
14.390000
14.390000
14.390000
14.390000
14.710000
14.710000
14.710000
14.710000
14.710000
14.710000
14.710000
14.710000
14.710000
14.710000
14.710000
14.710000
14.710000
14.710000
14.710000
14.710000
14.710000
15.030000
15.030000
15.030000
15.030000
15.350000
15.350000
15.350000
15.350000
15.350000
15.350000
15.350000
15.350000
15.350000
15.350000
15.350000
15.350000
15.670000
15.670000
15.670000
15.670000
15.670000
15.670000
15.670000
15.670000
15.670000
15.670000
15.670000
15.670000
15.990000
15.990000
15.990000
15.990000
15.990000
15.990000
15.990000
15.990000
15.990000
15.990000
15.990000
15.990000
15.990000
15.990000
15.990000
15.990000
16.309999
16.309999
16.309999
16.309999
16.309999
16.309999
16.309999
16.309999
16.309999
16.309999
16.309999
16.309999
16.629999
16.629999
16.629999
16.629999
16.629999
16.629999
16.629999
16.629999
16.950001
16.950001
16.950001
16.950001
16.950001
16.950001
17.270000
17.270000
17.270000
17.270000
17.270000
17.270000
17.270000
17.270000
17.270000
17.270000
17.270000
17.590000
17.590000
17.590000
17.590000
17.590000
17.590000
17.590000
17.590000
17.590000
17.590000
17.590000
17.590000
17.910000
17.910000
17.910000
17.910000
17.910000
17.910000
17.910000
17.910000
17.910000
17.910000
17.910000
17.910000
17.910000
20.420000
20.420000
20.420000
20.420000
20.420000
20.420000
20.420000
20.420000
20.420000
22.930000
22.930000
22.930000
22.930000
22.930000
22.930000
22.930000
22.930000
22.930000
25.440001
25.440001
25.440001
25.440001
25.440001
25.440001
25.440001
25.440001
27.950001
27.950001
27.950001
27.950001
27.950001
29.840000
29.840000
29.840000
29.840000
29.840000
29.840000
29.840000
29.840000
