0.000000
0.000000
0.000000
0.000000
0.000000
0.000000
0.000000
0.000000
0.000000
0.000000
0.000000
0.000000
0.000000
0.000000
0.000000
0.000000
0.000000
0.000000
0.000000
0.000000
0.000000
0.000000
0.000000
0.000000
0.000000
0.000000
0.000000
0.000000
0.000000
0.000000
0.000000
0.000000
0.000000
0.000000
0.000000
0.000000
0.000000
0.000000
0.000000
0.000000
0.000000
0.000000
0.000000
0.000000
0.000000
0.000000
0.000000
0.000000
0.000000
0.000000
0.000000
0.000000
0.000000
0.000000
0.109500
0.109500
0.109500
0.109500
0.109500
0.109500
0.109500
0.109500
0.109500
0.198000
0.198000
0.198000
0.198000
0.198000
0.198000
0.198000
0.198000
0.198000
0.198000
0.286500
0.286500
0.286500
0.286500
0.286500
0.286500
0.286500
0.286500
0.286500
0.375000
0.375000
0.375000
0.375000
0.375000
0.375000
0.463400
0.463400
0.463400
0.463400
0.463400
0.463400
0.463400
0.463400
0.551900
0.551900
0.551900
0.551900
0.551900
0.551900
0.551900
0.551900
0.551900
0.551900
0.551900
0.640400
0.640400
0.640400
0.640400
0.640400
0.640400
0.640400
0.728800
0.728800
0.728800
0.817300
0.817300
0.817300
0.817300
0.817300
0.817300
0.817300
0.905800
0.905800
0.905800
0.905800
0.905800
0.905800
0.905800
0.905800
0.994300
0.994300
0.994300
0.994300
0.994300
0.994300
0.994300
0.994300
1.083000
1.083000
1.083000
1.083000
1.083000
1.083000
1.083000
1.083000
1.083000
1.083000
1.083000
1.171000
1.171000
1.171000
1.171000
1.171000
1.171000
1.260000
1.260000
1.260000
1.260000
1.260000
1.260000
1.260000
1.348000
1.348000
1.348000
1.348000
1.348000
1.348000
1.348000
1.437000
1.437000
1.437000
1.437000
1.437000
1.437000
1.437000
1.437000
1.437000
1.437000
1.437000
1.525000
1.525000
1.525000
1.525000
1.525000
1.525000
1.525000
1.525000
1.525000
1.614000
1.614000
1.614000
1.614000
1.614000
1.614000
1.614000
1.614000
1.614000
1.614000
1.614000
1.614000
1.614000
1.614000
1.702000
1.702000
1.702000
1.702000
1.702000
1.702000
1.702000
1.702000
1.702000
1.702000
1.702000
1.702000
1.791000
1.791000
1.791000
1.791000
1.791000
1.791000
1.879000
1.879000
1.879000
1.879000
1.879000
1.879000
1.879000
1.879000
1.879000
1.879000
1.879000
1.879000
1.879000
1.879000
1.879000
1.967000
1.967000
1.967000
1.967000
1.967000
1.967000
1.967000
1.967000
1.967000
1.967000
1.967000
1.967000
1.967000
1.967000
2.056000
2.056000
2.056000
2.056000
2.056000
2.056000
2.056000
2.056000
2.056000
2.056000
2.144000
2.144000
2.144000
2.144000
2.144000
2.144000
2.144000
2.144000
2.144000
2.233000
2.233000
2.233000
2.233000
2.233000
2.233000
2.233000
2.233000
2.233000
2.321000
2.321000
2.321000
2.321000
2.321000
2.321000
2.321000
2.410000
2.410000
2.410000
2.410000
2.410000
2.498000
2.498000
2.498000
2.498000
2.498000
2.498000
2.498000
2.498000
2.587000
2.587000
2.587000
2.587000
2.587000
2.587000
2.587000
2.675000
2.675000
2.675000
2.675000
2.675000
2.675000
2.675000
2.675000
2.675000
2.675000
2.764000
2.764000
2.764000
2.764000
2.764000
2.764000
2.764000
2.764000
2.764000
2.764000
2.764000
2.764000
2.764000
2.764000
2.764000
2.764000
2.764000
2.764000
2.764000
2.852000
2.852000
2.852000
2.852000
2.852000
2.852000
2.852000
2.852000
2.852000
2.852000
2.852000
2.941000
2.941000
2.941000
2.941000
2.941000
2.941000
2.941000
2.941000
2.941000
2.941000
2.941000
2.941000
2.941000
3.029000
3.029000
3.029000
3.029000
3.029000
3.029000
3.029000
3.029000
3.029000
3.029000
3.029000
3.029000
3.029000
3.029000
3.029000
3.118000
3.118000
3.118000
3.118000
3.118000
3.118000
3.118000
3.206000
3.206000
3.206000
3.206000
3.206000
3.206000
3.206000
3.206000
3.206000
3.206000
3.206000
3.206000
3.295000
3.295000
3.295000
3.295000
3.295000
3.295000
3.295000
3.295000
3.295000
3.383000
3.383000
3.383000
3.383000
3.383000
3.383000
3.471000
3.471000
3.471000
3.471000
3.471000
3.471000
3.471000
3.471000
3.471000
3.471000
3.471000
3.471000
3.471000
3.471000
3.560000
3.560000
3.560000
3.560000
3.560000
3.560000
3.560000
3.560000
3.648000
3.648000
3.648000
3.648000
3.648000
3.648000
3.648000
3.648000
3.648000
3.648000
3.648000
3.648000
3.648000
3.648000
3.648000
3.737000
3.737000
3.737000
3.737000
3.737000
3.737000
3.737000
3.737000
3.825000
3.825000
3.825000
3.825000
3.825000
3.825000
3.825000
3.825000
3.825000
3.825000
3.825000
3.825000
3.914000
3.914000
3.914000
3.914000
3.914000
3.914000
3.914000
3.914000
3.914000
3.914000
3.914000
4.002000
4.002000
4.002000
4.002000
4.002000
4.002000
4.002000
4.002000
4.002000
4.002000
4.002000
4.002000
4.091000
4.091000
4.091000
4.091000
4.091000
4.091000
4.091000
4.091000
4.091000
4.091000
4.091000
4.091000
4.501000
4.501000
4.501000
4.501000
4.501000
4.501000
4.501000
4.501000
4.501000
4.501000
4.501000
4.501000
4.911000
4.911000
4.911000
4.911000
4.911000
4.911000
4.911000
4.911000
4.911000
5.321000
5.321000
5.321000
5.321000
5.321000
5.321000
5.321000
5.321000
5.321000
5.731000
5.731000
5.731000
5.731000
5.731000
5.731000
5.731000
5.731000
6.141000
6.141000
6.141000
6.141000
6.141000
6.141000
6.141000
6.141000
6.141000
6.141000
6.141000
6.141000
6.141000
6.141000
6.141000
6.141000
6.141000
6.141000
6.551000
6.551000
6.551000
6.551000
6.551000
6.551000
6.551000
6.551000
6.551000
6.551000
6.551000
6.551000
6.551000
6.961000
6.961000
6.961000
6.961000
6.961000
6.961000
6.961000
6.961000
6.961000
6.961000
7.371000
7.371000
7.371000
7.371000
7.371000
7.371000
7.371000
7.371000
7.371000
7.371000
7.371000
7.371000
7.371000
7.781000
7.781000
7.781000
7.781000
7.781000
7.781000
7.781000
7.781000
7.781000
7.781000
8.191000
8.191000
8.191000
8.191000
8.191000
8.191000
8.191000
8.191000
8.191000
8.191000
8.191000
8.602000
8.602000
8.602000
8.602000
8.602000
8.602000
8.602000
9.012000
9.012000
9.012000
9.012000
9.012000
9.012000
9.012000
9.422000
9.422000
9.422000
9.422000
9.422000
9.422000
9.422000
9.422000
9.832000
9.832000
9.832000
9.832000
9.832000
9.832000
9.832000
9.832000
9.832000
9.832000
10.240000
10.240000
10.240000
10.240000
10.240000
10.240000
10.240000
10.240000
10.240000
10.240000
10.240000
10.240000
10.240000
10.240000
10.240000
10.650000
10.650000
10.650000
10.650000
10.650000
10.650000
10.650000
11.060000
11.060000
11.060000
11.060000
11.060000
11.060000
11.060000
11.060000
11.060000
11.060000
11.470000
11.470000
11.470000
11.470000
11.470000
11.470000
11.470000
11.470000
11.470000
11.880000
11.880000
11.880000
11.880000
11.880000
11.880000
11.880000
11.880000
11.880000
11.880000
11.880000
11.880000
11.880000
11.880000
12.290000
12.290000
12.290000
12.290000
12.290000
12.290000
12.290000
12.290000
12.290000
12.290000
12.700000
12.700000
12.700000
12.700000
12.700000
12.700000
12.700000
12.700000
12.700000
12.700000
12.700000
13.110000
13.110000
13.110000
13.110000
13.110000
13.520000
13.520000
13.520000
13.520000
13.520000
13.520000
13.520000
13.520000
13.520000
13.520000
13.520000
13.930000
13.930000
13.930000
13.930000
13.930000
13.930000
13.930000
13.930000
13.930000
13.930000
14.340000
14.340000
14.340000
14.340000
14.340000
14.340000
14.340000
14.340000
14.340000
14.340000
14.340000
14.340000
14.750000
14.750000
14.750000
14.750000
14.750000
14.750000
14.750000
14.750000
14.750000
14.750000
14.750000
14.750000
14.750000
15.160000
15.160000
15.160000
15.160000
15.160000
15.160000
15.160000
15.570000
15.570000
15.570000
15.570000
15.570000
15.570000
15.570000
15.570000
15.570000
15.570000
15.570000
15.570000
15.980000
15.980000
15.980000
15.980000
15.980000
15.980000
15.980000
15.980000
15.980000
16.389999
16.389999
16.389999
16.389999
16.389999
16.389999
16.389999
16.389999
16.389999
16.389999
16.389999
16.389999
16.389999
16.389999
16.389999
16.389999
16.799999
16.799999
16.799999
16.799999
16.799999
16.799999
16.799999
16.799999
16.799999
17.209999
17.209999
17.209999
17.209999
17.209999
17.620001
17.620001
17.620001
17.620001
17.620001
17.620001
17.620001
17.620001
17.620001
17.620001
17.620001
18.030001
18.030001
18.030001
18.030001
18.030001
18.030001
18.030001
18.030001
18.440001
18.440001
18.440001
18.440001
18.440001
18.440001
18.440001
18.440001
18.440001
18.440001
18.850000
18.850000
18.850000
18.850000
18.850000
18.850000
18.850000
18.850000
18.850000
18.850000
18.850000
19.260000
19.260000
19.260000
19.260000
19.260000
19.260000
19.260000
19.260000
19.260000
19.670000
19.670000
19.670000
19.670000
19.670000
19.670000
19.670000
19.670000
19.670000
20.080000
20.080000
20.080000
20.080000
20.080000
20.080000
20.080000
20.080000
20.080000
20.080000
20.490000
20.490000
20.490000
20.490000
20.490000
20.490000
20.490000
20.490000
20.490000
20.900000
20.900000
20.900000
20.900000
20.900000
20.900000
20.900000
20.900000
20.900000
20.900000
21.309999
21.309999
21.309999
21.309999
21.309999
21.309999
21.309999
21.309999
21.309999
21.309999
21.309999
21.309999
21.719999
21.719999
21.719999
21.719999
21.719999
21.719999
21.719999
21.719999
21.719999
21.719999
22.129999
22.129999
22.129999
22.129999
22.129999
22.129999
22.129999
22.540001
22.540001
22.540001
22.540001
22.540001
22.540001
22.540001
26.200001
26.200001
26.200001
26.200001
26.200001
26.200001
26.200001
26.200001
26.200001
26.200001
26.200001
26.200001
26.200001
26.200001
26.200001
26.200001
26.200001
29.860001
29.860001
29.860001
29.860001
29.860001
29.860001
29.860001
29.860001
33.509998
33.509998
33.509998
33.509998
33.509998
33.509998
33.509998
37.169998
37.169998
37.169998
37.169998
37.169998
37.169998
37.169998
39.910000
39.910000
39.910000
39.910000
39.910000
39.910000
39.910000
