0.000000
0.000000
0.000000
0.000000
0.000000
0.000000
0.000000
0.000000
0.000000
0.000000
0.000000
0.000000
0.000000
0.000000
0.000000
0.000000
0.000000
0.000000
0.000000
0.000000
0.000000
0.000000
0.000000
0.000000
0.000000
0.000000
0.000000
0.000000
0.000000
0.000000
0.000000
0.000000
0.000000
0.000000
0.000000
0.000000
0.000000
0.000000
0.000000
0.000000
0.000000
0.000000
0.000000
0.000000
0.000000
0.000000
0.000000
0.000000
0.000000
0.000000
0.000000
0.828700
0.828700
0.828700
0.828700
0.828700
0.828700
0.828700
0.828700
0.828700
0.828700
1.082000
1.082000
1.082000
1.082000
1.082000
1.335000
1.335000
1.335000
1.335000
1.335000
1.335000
1.335000
1.335000
1.335000
1.335000
1.588000
1.588000
1.588000
1.588000
1.588000
1.588000
1.588000
1.588000
1.588000
1.588000
1.588000
1.588000
1.841000
1.841000
1.841000
1.841000
1.841000
1.841000
1.841000
1.841000
1.841000
1.841000
1.841000
1.841000
1.841000
2.094000
2.094000
2.094000
2.094000
2.094000
2.094000
2.094000
2.094000
2.346000
2.346000
2.346000
2.346000
2.346000
2.346000
2.346000
2.346000
2.346000
2.346000
2.346000
2.599000
2.599000
2.599000
2.599000
2.599000
2.599000
2.599000
2.599000
2.599000
2.852000
2.852000
2.852000
2.852000
3.105000
3.105000
3.105000
3.105000
3.105000
3.105000
3.105000
3.105000
3.105000
3.105000
3.358000
3.358000
3.358000
3.358000
3.358000
3.358000
3.611000
3.611000
3.611000
3.611000
3.611000
3.611000
3.611000
3.611000
3.611000
3.864000
3.864000
3.864000
3.864000
3.864000
3.864000
3.864000
3.864000
3.864000
3.864000
3.864000
3.864000
4.117000
4.117000
4.117000
4.117000
4.117000
4.117000
4.117000
4.370000
4.370000
4.370000
4.370000
4.370000
4.370000
4.370000
4.370000
4.370000
4.623000
4.623000
4.623000
4.623000
4.623000
4.623000
4.623000
4.623000
4.623000
4.876000
4.876000
4.876000
4.876000
4.876000
4.876000
4.876000
4.876000
4.876000
4.876000
4.876000
4.876000
5.129000
5.129000
5.129000
5.129000
5.129000
5.129000
5.382000
5.382000
5.382000
5.382000
5.382000
5.382000
5.382000
5.382000
5.382000
5.382000
5.635000
5.635000
5.635000
5.635000
5.635000
5.635000
5.635000
5.635000
5.635000
5.635000
5.635000
5.888000
5.888000
5.888000
5.888000
5.888000
5.888000
5.888000
5.888000
5.888000
6.141000
6.141000
6.141000
6.141000
6.141000
6.141000
6.141000
6.141000
6.141000
6.394000
6.394000
6.394000
6.394000
6.394000
6.394000
6.394000
6.394000
6.394000
6.394000
6.394000
6.647000
6.647000
6.647000
6.647000
6.647000
6.647000
6.647000
6.900000
6.900000
6.900000
6.900000
6.900000
6.900000
6.900000
6.900000
6.900000
6.900000
7.153000
7.153000
7.153000
7.153000
7.153000
7.153000
7.406000
7.406000
7.406000
7.406000
7.406000
7.659000
7.659000
7.659000
7.659000
7.659000
7.659000
7.659000
7.659000
7.912000
7.912000
7.912000
7.912000
7.912000
7.912000
7.912000
7.912000
7.912000
8.165000
8.165000
8.165000
8.165000
8.165000
8.165000
8.165000
8.165000
8.165000
8.165000
8.165000
8.165000
8.165000
8.418000
8.418000
8.418000
8.418000
8.418000
8.418000
8.418000
8.418000
8.670000
8.670000
8.670000
8.670000
8.670000
8.670000
8.670000
8.670000
8.670000
8.670000
8.670000
8.670000
8.670000
8.670000
8.923000
8.923000
8.923000
8.923000
8.923000
8.923000
8.923000
9.176000
9.176000
9.176000
9.176000
9.176000
9.176000
9.176000
9.176000
9.176000
9.176000
9.176000
9.176000
9.429000
9.429000
9.429000
9.429000
9.429000
9.429000
9.429000
9.429000
9.682000
9.682000
9.682000
9.682000
9.682000
9.682000
9.682000
9.682000
9.682000
9.682000
9.682000
9.682000
9.682000
9.682000
9.682000
9.682000
9.682000
9.682000
9.935000
9.935000
9.935000
9.935000
9.935000
9.935000
10.190000
10.190000
10.190000
10.190000
10.190000
10.190000
10.190000
10.190000
10.190000
10.190000
10.190000
10.440000
10.440000
10.440000
10.440000
10.440000
10.440000
10.440000
10.440000
10.440000
10.440000
10.690000
10.690000
10.690000
10.690000
10.690000
10.690000
10.690000
10.690000
10.690000
10.690000
10.690000
10.950000
10.950000
10.950000
10.950000
10.950000
10.950000
11.200000
11.200000
11.200000
11.200000
11.200000
11.450000
11.450000
11.450000
11.450000
11.450000
11.450000
11.450000
11.450000
11.450000
11.450000
11.450000
11.710000
11.710000
11.710000
11.710000
11.710000
11.710000
11.710000
11.710000
11.710000
11.710000
11.960000
11.960000
11.960000
11.960000
11.960000
11.960000
11.960000
11.960000
11.960000
11.960000
11.960000
11.960000
12.210000
12.210000
12.210000
12.210000
12.210000
12.210000
13.230000
13.230000
13.230000
13.230000
13.230000
13.230000
13.230000
13.230000
13.230000
14.250000
14.250000
14.250000
14.250000
14.250000
14.250000
14.250000
14.250000
14.250000
14.250000
14.250000
14.250000
15.270000
15.270000
15.270000
15.270000
15.270000
15.270000
15.270000
16.290001
16.290001
16.290001
16.290001
16.290001
16.290001
16.290001
16.290001
16.290001
16.290001
16.290001
16.290001
16.290001
17.309999
17.309999
17.309999
17.309999
17.309999
17.309999
17.309999
17.309999
17.309999
17.309999
17.309999
17.309999
17.309999
17.309999
18.330000
18.330000
18.330000
18.330000
18.330000
18.330000
18.330000
18.330000
18.330000
18.330000
18.330000
18.330000
18.330000
18.330000
19.350000
19.350000
19.350000
19.350000
19.350000
19.350000
19.350000
19.350000
19.350000
19.350000
19.350000
20.370001
20.370001
20.370001
20.370001
20.370001
20.370001
20.370001
21.389999
21.389999
21.389999
21.389999
21.389999
21.389999
21.389999
21.389999
21.389999
21.389999
22.410000
22.410000
22.410000
22.410000
22.410000
22.410000
22.410000
22.410000
22.410000
22.410000
22.410000
22.410000
22.410000
23.430000
23.430000
23.430000
23.430000
23.430000
23.430000
23.430000
23.430000
23.430000
23.430000
23.430000
23.430000
23.430000
23.430000
23.430000
23.430000
23.430000
24.450001
24.450001
24.450001
24.450001
24.450001
24.450001
24.450001
24.450001
24.450001
24.450001
25.469999
25.469999
25.469999
25.469999
25.469999
25.469999
25.469999
25.469999
25.469999
25.469999
25.469999
25.469999
26.480000
26.480000
26.480000
26.480000
26.480000
26.480000
26.480000
26.480000
27.500000
27.500000
27.500000
27.500000
27.500000
27.500000
27.500000
27.500000
28.520000
28.520000
28.520000
28.520000
28.520000
28.520000
28.520000
28.520000
29.540001
29.540001
29.540001
29.540001
29.540001
29.540001
29.540001
29.540001
29.540001
29.540001
29.540001
29.540001
30.559999
30.559999
30.559999
30.559999
30.559999
30.559999
30.559999
31.580000
31.580000
31.580000
31.580000
31.580000
31.580000
31.580000
31.580000
31.580000
31.580000
31.580000
31.580000
31.580000
32.599998
32.599998
32.599998
32.599998
32.599998
32.599998
32.599998
32.599998
32.599998
32.599998
32.599998
32.599998
33.619999
33.619999
33.619999
33.619999
33.619999
33.619999
33.619999
33.619999
33.619999
34.639999
34.639999
34.639999
34.639999
34.639999
34.639999
34.639999
34.639999
34.639999
34.639999
34.639999
34.639999
34.639999
35.660000
35.660000
35.660000
35.660000
35.660000
35.660000
35.660000
35.660000
35.660000
35.660000
35.660000
36.680000
36.680000
36.680000
36.680000
36.680000
36.680000
36.680000
36.680000
36.680000
37.700001
37.700001
37.700001
37.700001
37.700001
37.700001
38.720001
38.720001
38.720001
38.720001
38.720001
38.720001
38.720001
38.720001
38.720001
38.720001
39.740002
39.740002
39.740002
39.740002
39.740002
39.740002
39.740002
40.759998
40.759998
40.759998
40.759998
40.759998
40.759998
40.759998
40.759998
40.759998
40.759998
40.759998
40.759998
41.779999
41.779999
41.779999
41.779999
41.779999
41.779999
41.779999
42.799999
42.799999
42.799999
42.799999
42.799999
42.799999
42.799999
42.799999
42.799999
42.799999
42.799999
42.799999
42.799999
42.799999
43.820000
43.820000
43.820000
43.820000
43.820000
43.820000
43.820000
44.840000
44.840000
44.840000
44.840000
44.840000
44.840000
44.840000
44.840000
44.840000
44.840000
44.840000
45.849998
45.849998
45.849998
45.849998
45.849998
45.849998
45.849998
45.849998
45.849998
45.849998
45.849998
45.849998
45.849998
46.869999
46.869999
46.869999
46.869999
46.869999
46.869999
46.869999
46.869999
46.869999
46.869999
46.869999
47.889999
47.889999
47.889999
47.889999
47.889999
47.889999
47.889999
47.889999
47.889999
47.889999
48.910000
48.910000
48.910000
48.910000
48.910000
48.910000
48.910000
49.930000
49.930000
49.930000
49.930000
49.930000
49.930000
50.950001
50.950001
50.950001
50.950001
50.950001
50.950001
50.950001
50.950001
50.950001
50.950001
50.950001
50.950001
51.970001
51.970001
51.970001
51.970001
51.970001
51.970001
51.970001
52.990002
52.990002
52.990002
52.990002
52.990002
52.990002
52.990002
52.990002
52.990002
52.990002
52.990002
54.009998
54.009998
54.009998
54.009998
54.009998
54.009998
54.009998
54.009998
54.009998
54.009998
54.009998
54.009998
54.009998
54.009998
54.009998
54.009998
54.009998
54.009998
54.009998
55.029999
55.029999
55.029999
55.029999
55.029999
55.029999
55.029999
55.029999
55.029999
55.029999
55.029999
56.049999
56.049999
56.049999
56.049999
56.049999
56.049999
56.049999
56.049999
56.049999
56.049999
56.049999
57.070000
57.070000
57.070000
57.070000
57.070000
57.070000
57.070000
57.070000
57.070000
57.070000
58.090000
58.090000
58.090000
58.090000
58.090000
58.090000
58.090000
58.090000
58.090000
58.090000
63.689999
63.689999
63.689999
63.689999
63.689999
69.290001
69.290001
69.290001
69.290001
69.290001
69.290001
69.290001
69.290001
69.290001
69.290001
69.290001
69.290001
74.900002
74.900002
74.900002
74.900002
74.900002
74.900002
74.900002
74.900002
74.900002
74.900002
74.900002
74.900002
80.500000
80.500000
80.500000
80.500000
80.500000
80.500000
80.500000
80.500000
80.500000
80.500000
80.500000
80.500000
80.500000
80.500000
80.500000
84.699997
84.699997
84.699997
84.699997
84.699997
84.699997
84.699997
84.699997
84.699997
