0.000000
0.000000
0.000000
0.000000
0.000000
0.000000
0.000000
0.000000
0.000000
0.000000
0.000000
0.000000
0.000000
0.000000
0.000000
0.000000
0.000000
0.000000
0.000000
0.000000
0.000000
0.000000
0.000000
0.000000
0.000000
0.000000
0.000000
0.000000
0.000000
0.000000
0.000000
0.000000
0.000000
0.000000
0.000000
0.000000
0.000000
0.000000
0.000000
0.000000
0.000000
0.000000
0.000000
0.000000
0.000000
0.000000
0.000000
0.000000
0.000000
0.000000
0.001280
0.001280
0.001280
0.001280
0.001280
0.001280
0.001280
0.001280
0.001280
0.001280
0.046230
0.046230
0.046230
0.046230
0.046230
0.046230
0.046230
0.046230
0.046230
0.046230
0.046230
0.091170
0.091170
0.091170
0.091170
0.091170
0.091170
0.091170
0.091170
0.136100
0.136100
0.136100
0.136100
0.136100
0.136100
0.136100
0.136100
0.136100
0.136100
0.136100
0.181100
0.181100
0.181100
0.181100
0.181100
0.181100
0.181100
0.181100
0.181100
0.181100
0.181100
0.226000
0.226000
0.226000
0.226000
0.226000
0.226000
0.226000
0.271000
0.271000
0.271000
0.271000
0.315900
0.315900
0.315900
0.315900
0.315900
0.315900
0.315900
0.315900
0.315900
0.315900
0.315900
0.315900
0.315900
0.315900
0.360800
0.360800
0.360800
0.360800
0.360800
0.360800
0.360800
0.360800
0.360800
0.360800
0.360800
0.405800
0.405800
0.405800
0.405800
0.405800
0.405800
0.405800
0.405800
0.405800
0.405800
0.450700
0.450700
0.450700
0.450700
0.450700
0.450700
0.450700
0.450700
0.450700
0.450700
0.495700
0.495700
0.495700
0.495700
0.495700
0.495700
0.540600
0.540600
0.540600
0.540600
0.540600
0.540600
0.540600
0.540600
0.540600
0.585600
0.585600
0.585600
0.585600
0.585600
0.585600
0.585600
0.585600
0.585600
0.630500
0.630500
0.630500
0.630500
0.630500
0.630500
0.630500
0.630500
0.675500
0.675500
0.675500
0.675500
0.675500
0.675500
0.675500
0.675500
0.675500
0.675500
0.675500
0.675500
0.675500
0.675500
0.675500
0.720400
0.720400
0.720400
0.720400
0.720400
0.720400
0.720400
0.720400
0.720400
0.720400
0.720400
0.720400
0.720400
0.720400
0.720400
0.720400
0.765400
0.765400
0.765400
0.765400
0.765400
0.765400
0.810300
0.810300
0.810300
0.810300
0.810300
0.810300
0.810300
0.810300
0.810300
0.810300
0.810300
0.810300
0.810300
0.810300
0.855200
0.855200
0.855200
0.855200
0.855200
0.855200
0.855200
0.900200
0.900200
0.900200
0.900200
0.900200
0.900200
0.900200
0.900200
0.900200
0.900200
0.945100
0.945100
0.945100
0.945100
0.945100
0.945100
0.945100
0.990100
0.990100
0.990100
0.990100
0.990100
0.990100
0.990100
0.990100
0.990100
0.990100
1.035000
1.035000
1.035000
1.035000
1.035000
1.035000
1.035000
1.035000
1.080000
1.080000
1.080000
1.080000
1.080000
1.125000
1.125000
1.125000
1.125000
1.125000
1.125000
1.125000
1.170000
1.170000
1.170000
1.170000
1.170000
1.170000
1.170000
1.170000
1.170000
1.170000
1.170000
1.170000
1.170000
1.170000
1.215000
1.215000
1.215000
1.215000
1.215000
1.215000
1.215000
1.215000
1.215000
1.260000
1.260000
1.260000
1.260000
1.260000
1.260000
1.260000
1.260000
1.260000
1.260000
1.260000
1.260000
1.260000
1.260000
1.260000
1.260000
1.305000
1.305000
1.305000
1.305000
1.305000
1.305000
1.305000
1.305000
1.305000
1.350000
1.350000
1.350000
1.350000
1.350000
1.350000
1.350000
1.350000
1.350000
1.350000
1.350000
1.395000
1.395000
1.395000
1.395000
1.395000
1.395000
1.395000
1.395000
1.395000
1.395000
1.440000
1.440000
1.440000
1.440000
1.440000
1.440000
1.440000
1.440000
1.440000
1.440000
1.440000
1.440000
1.484000
1.484000
1.484000
1.484000
1.484000
1.484000
1.529000
1.529000
1.529000
1.529000
1.529000
1.529000
1.529000
1.529000
1.529000
1.529000
1.529000
1.574000
1.574000
1.574000
1.574000
1.574000
1.574000
1.574000
1.574000
1.619000
1.619000
1.619000
1.619000
1.619000
1.619000
1.619000
1.619000
1.619000
1.619000
1.619000
1.619000
1.619000
1.619000
1.619000
1.664000
1.664000
1.664000
1.664000
1.664000
1.664000
1.664000
1.709000
1.709000
1.709000
1.709000
1.709000
1.709000
1.709000
1.709000
1.709000
1.709000
1.709000
1.709000
1.709000
1.709000
1.709000
1.754000
1.754000
1.754000
1.754000
1.754000
1.754000
1.754000
1.799000
1.799000
1.799000
1.799000
1.799000
1.799000
1.799000
1.799000
1.799000
1.799000
1.844000
1.844000
1.844000
1.844000
1.844000
1.844000
1.844000
1.889000
1.889000
1.889000
1.889000
1.889000
1.889000
1.889000
1.889000
1.889000
1.889000
1.889000
1.889000
1.889000
1.889000
1.889000
1.889000
1.889000
1.934000
1.934000
1.934000
1.934000
1.934000
1.934000
1.934000
1.934000
1.934000
1.934000
1.979000
1.979000
1.979000
1.979000
1.979000
1.979000
1.979000
1.979000
1.979000
2.024000
2.024000
2.024000
2.024000
2.024000
2.024000
2.024000
2.024000
2.024000
2.024000
2.024000
2.024000
3.100000
3.100000
3.100000
3.100000
3.100000
4.175000
4.175000
4.175000
4.175000
4.175000
4.175000
4.175000
4.175000
4.175000
4.175000
4.175000
4.175000
4.175000
4.175000
4.175000
5.251000
5.251000
5.251000
5.251000
5.251000
5.251000
5.251000
5.251000
5.251000
5.251000
5.251000
5.251000
6.327000
6.327000
6.327000
6.327000
6.327000
6.327000
6.327000
6.327000
6.327000
7.403000
7.403000
7.403000
7.403000
7.403000
7.403000
7.403000
7.403000
7.403000
8.478000
8.478000
8.478000
8.478000
8.478000
8.478000
8.478000
8.478000
9.554000
9.554000
9.554000
9.554000
9.554000
9.554000
9.554000
9.554000
9.554000
10.630000
10.630000
10.630000
10.630000
10.630000
10.630000
10.630000
10.630000
10.630000
10.630000
10.630000
10.630000
11.710000
11.710000
11.710000
11.710000
11.710000
11.710000
11.710000
11.710000
11.710000
11.710000
11.710000
11.710000
12.780000
12.780000
12.780000
12.780000
12.780000
12.780000
12.780000
12.780000
12.780000
12.780000
12.780000
13.860000
13.860000
13.860000
13.860000
13.860000
13.860000
13.860000
13.860000
13.860000
13.860000
14.930000
14.930000
14.930000
14.930000
14.930000
14.930000
16.010000
16.010000
16.010000
16.010000
16.010000
16.010000
16.010000
16.010000
16.010000
17.080000
17.080000
17.080000
17.080000
17.080000
17.080000
17.080000
18.160000
18.160000
18.160000
18.160000
18.160000
18.160000
18.160000
18.160000
19.240000
19.240000
19.240000
19.240000
20.309999
20.309999
20.309999
20.309999
20.309999
20.309999
20.309999
21.389999
21.389999
21.389999
21.389999
21.389999
21.389999
21.389999
22.459999
22.459999
22.459999
22.459999
22.459999
22.459999
22.459999
22.459999
23.540001
23.540001
23.540001
23.540001
23.540001
23.540001
23.540001
23.540001
23.540001
23.540001
23.540001
23.540001
24.610001
24.610001
24.610001
24.610001
24.610001
24.610001
24.610001
24.610001
25.690001
25.690001
25.690001
25.690001
25.690001
25.690001
25.690001
25.690001
25.690001
25.690001
25.690001
26.770000
26.770000
26.770000
26.770000
26.770000
26.770000
26.770000
26.770000
26.770000
26.770000
27.840000
27.840000
27.840000
27.840000
27.840000
27.840000
27.840000
27.840000
27.840000
27.840000
27.840000
27.840000
27.840000
27.840000
28.920000
28.920000
28.920000
28.920000
28.920000
28.920000
28.920000
28.920000
28.920000
28.920000
28.920000
29.990000
29.990000
29.990000
29.990000
29.990000
29.990000
29.990000
31.070000
31.070000
31.070000
31.070000
31.070000
31.070000
31.070000
31.070000
31.070000
31.070000
31.070000
31.070000
32.139999
32.139999
32.139999
32.139999
32.139999
32.139999
33.220001
33.220001
33.220001
33.220001
33.220001
33.220001
33.220001
33.220001
33.220001
33.220001
33.220001
34.299999
34.299999
34.299999
34.299999
34.299999
34.299999
34.299999
34.299999
34.299999
34.299999
35.369999
35.369999
35.369999
35.369999
35.369999
35.369999
35.369999
35.369999
35.369999
35.369999
35.369999
35.369999
35.369999
36.450001
36.450001
36.450001
36.450001
36.450001
36.450001
36.450001
36.450001
36.450001
37.520000
37.520000
37.520000
37.520000
37.520000
37.520000
37.520000
37.520000
37.520000
37.520000
37.520000
38.599998
38.599998
38.599998
38.599998
38.599998
38.599998
38.599998
38.599998
38.599998
38.599998
38.599998
38.599998
38.599998
39.669998
39.669998
39.669998
39.669998
39.669998
39.669998
39.669998
39.669998
39.669998
39.669998
39.669998
40.750000
40.750000
40.750000
40.750000
40.750000
40.750000
40.750000
40.750000
41.830002
41.830002
41.830002
41.830002
41.830002
42.900002
42.900002
42.900002
42.900002
42.900002
42.900002
42.900002
42.900002
42.900002
42.900002
42.900002
42.900002
43.980000
43.980000
43.980000
43.980000
43.980000
43.980000
43.980000
43.980000
43.980000
43.980000
43.980000
45.049999
45.049999
45.049999
45.049999
45.049999
45.049999
45.049999
45.049999
45.049999
45.049999
45.049999
46.130001
46.130001
46.130001
46.130001
46.130001
46.130001
46.130001
47.200001
47.200001
47.200001
47.200001
47.200001
47.200001
47.200001
47.200001
48.279999
48.279999
48.279999
48.279999
48.279999
48.279999
48.279999
48.279999
48.279999
48.279999
48.279999
48.279999
48.279999
49.360001
49.360001
49.360001
49.360001
49.360001
49.360001
49.360001
49.360001
49.360001
49.360001
49.360001
49.360001
49.360001
50.430000
50.430000
50.430000
50.430000
50.430000
50.430000
61.810001
61.810001
61.810001
61.810001
61.810001
61.810001
61.810001
61.810001
61.810001
61.810001
61.810001
61.810001
61.810001
73.199997
73.199997
73.199997
73.199997
73.199997
73.199997
73.199997
73.199997
73.199997
73.199997
73.199997
73.199997
73.199997
73.199997
73.199997
84.580002
84.580002
84.580002
84.580002
84.580002
84.580002
84.580002
84.580002
84.580002
95.959999
95.959999
95.959999
95.959999
95.959999
95.959999
95.959999
95.959999
95.959999
104.500000
104.500000
104.500000
104.500000
104.500000
104.500000
104.500000
104.500000
104.500000
104.500000
104.500000
104.500000
104.500000
104.500000
