0.000000
0.000000
0.000000
0.000000
0.000000
0.000000
0.000000
0.000000
0.000000
0.000000
0.000000
0.000000
0.000000
0.000000
0.000000
0.000000
0.000000
0.000000
0.000000
0.000000
0.000000
0.000000
0.000000
0.000000
0.000000
0.000000
0.000000
0.000000
0.000000
0.000000
0.000000
0.000000
0.000000
0.000000
0.000000
0.000000
0.000000
0.000000
0.000000
0.000000
0.000000
0.000000
0.000000
0.000000
0.017240
0.017240
0.017240
0.017240
0.017240
0.017240
0.017240
0.017240
0.017240
0.017240
0.058250
0.058250
0.058250
0.058250
0.058250
0.058250
0.058250
0.058250
0.058250
0.099260
0.099260
0.099260
0.099260
0.099260
0.099260
0.099260
0.099260
0.099260
0.099260
0.140300
0.140300
0.140300
0.181300
0.181300
0.181300
0.181300
0.181300
0.181300
0.181300
0.181300
0.181300
0.181300
0.181300
0.181300
0.181300
0.222300
0.222300
0.222300
0.263300
0.263300
0.263300
0.263300
0.263300
0.263300
0.263300
0.304300
0.304300
0.304300
0.304300
0.304300
0.304300
0.304300
0.304300
0.304300
0.345300
0.345300
0.345300
0.345300
0.345300
0.345300
0.345300
0.345300
0.386300
0.386300
0.386300
0.386300
0.386300
0.386300
0.386300
0.386300
0.427300
0.427300
0.427300
0.427300
0.427300
0.427300
0.427300
0.427300
0.468300
0.468300
0.468300
0.468300
0.468300
0.468300
0.509300
0.509300
0.509300
0.509300
0.509300
0.509300
0.509300
0.509300
0.509300
0.509300
0.550300
0.550300
0.550300
0.550300
0.550300
0.550300
0.591300
0.591300
0.591300
0.591300
0.591300
0.591300
0.591300
0.632300
0.632300
0.632300
0.632300
0.632300
0.632300
0.632300
0.632300
0.632300
0.632300
0.673400
0.673400
0.673400
0.673400
0.673400
0.673400
0.673400
0.673400
0.673400
0.673400
0.673400
0.673400
0.673400
0.673400
0.673400
0.714400
0.714400
0.714400
0.714400
0.714400
0.714400
0.714400
0.714400
0.714400
0.714400
0.714400
0.714400
0.755400
0.755400
0.755400
0.755400
0.755400
0.755400
0.755400
0.755400
0.755400
0.796400
0.796400
0.796400
0.796400
0.796400
0.796400
0.796400
0.796400
0.796400
0.796400
0.796400
0.796400
0.796400
0.796400
0.796400
0.837400
0.837400
0.837400
0.837400
0.837400
0.837400
0.837400
0.837400
0.837400
0.878400
0.878400
0.878400
0.878400
0.878400
0.878400
0.878400
0.878400
0.878400
0.878400
0.919400
0.919400
0.919400
0.919400
0.919400
0.919400
0.960400
0.960400
0.960400
0.960400
0.960400
0.960400
0.960400
1.001000
1.001000
1.001000
1.001000
1.001000
1.001000
1.001000
1.001000
1.042000
1.042000
1.042000
1.042000
1.042000
1.042000
1.042000
1.042000
1.042000
1.083000
1.083000
1.083000
1.083000
1.083000
1.083000
1.083000
1.083000
1.083000
1.083000
1.083000
1.083000
1.083000
1.124000
1.124000
1.124000
1.124000
1.124000
1.124000
1.124000
1.124000
1.124000
1.124000
1.124000
1.124000
1.124000
1.165000
1.165000
1.165000
1.165000
1.165000
1.165000
1.165000
1.165000
1.165000
1.165000
1.206000
1.206000
1.206000
1.206000
1.206000
1.206000
1.206000
1.206000
1.206000
1.206000
1.206000
1.247000
1.247000
1.247000
1.247000
1.247000
1.247000
1.247000
1.247000
1.288000
1.288000
1.288000
1.288000
1.288000
1.288000
1.288000
1.329000
1.329000
1.329000
1.329000
1.329000
1.329000
1.329000
1.329000
1.329000
1.329000
1.370000
1.370000
1.370000
1.370000
1.370000
1.370000
1.370000
1.370000
1.370000
1.370000
1.411000
1.411000
1.411000
1.411000
1.411000
1.411000
1.411000
1.411000
1.411000
1.452000
1.452000
1.452000
1.452000
1.452000
1.452000
1.452000
1.452000
1.452000
1.452000
1.452000
1.452000
1.452000
1.493000
1.493000
1.493000
1.493000
1.493000
1.493000
1.493000
1.493000
1.493000
1.534000
1.534000
1.534000
1.534000
1.534000
1.534000
1.534000
1.534000
1.534000
1.534000
1.534000
1.534000
1.576000
1.576000
1.576000
1.576000
1.576000
1.576000
1.576000
1.576000
1.576000
1.576000
1.576000
1.617000
1.617000
1.617000
1.617000
1.617000
1.617000
1.617000
1.617000
1.617000
1.658000
1.658000
1.658000
1.658000
1.658000
1.658000
1.658000
1.658000
1.658000
1.658000
1.658000
1.699000
1.699000
1.699000
1.699000
1.699000
1.699000
1.699000
1.699000
1.699000
1.699000
1.699000
1.740000
1.740000
1.740000
1.740000
1.740000
1.740000
1.740000
1.740000
1.740000
1.740000
1.781000
1.781000
1.781000
1.781000
1.781000
1.781000
1.822000
1.822000
1.822000
1.822000
1.822000
1.822000
1.822000
1.822000
1.863000
1.863000
1.863000
1.863000
1.863000
2.272000
2.272000
2.272000
2.272000
2.272000
2.272000
2.272000
2.272000
2.272000
2.272000
2.272000
2.682000
2.682000
2.682000
2.682000
2.682000
3.091000
3.091000
3.091000
3.091000
3.091000
3.091000
3.091000
3.091000
3.091000
3.091000
3.091000
3.091000
3.091000
3.501000
3.501000
3.501000
3.501000
3.501000
3.501000
3.911000
3.911000
3.911000
3.911000
3.911000
3.911000
3.911000
3.911000
3.911000
3.911000
4.320000
4.320000
4.320000
4.320000
4.320000
4.320000
4.320000
4.320000
4.730000
4.730000
4.730000
4.730000
4.730000
4.730000
5.140000
5.140000
5.140000
5.140000
5.140000
5.140000
5.140000
5.140000
5.140000
5.140000
5.549000
5.549000
5.549000
5.549000
5.549000
5.549000
5.549000
5.549000
5.549000
5.549000
5.549000
5.549000
5.549000
5.549000
5.959000
5.959000
5.959000
5.959000
5.959000
5.959000
5.959000
5.959000
5.959000
5.959000
5.959000
5.959000
6.369000
6.369000
6.369000
6.369000
6.369000
6.369000
6.369000
6.369000
6.369000
6.369000
6.369000
6.778000
6.778000
6.778000
6.778000
6.778000
6.778000
7.188000
7.188000
7.188000
7.188000
7.188000
7.188000
7.188000
7.188000
7.188000
7.188000
7.188000
7.188000
7.188000
7.188000
7.597000
7.597000
7.597000
7.597000
7.597000
7.597000
7.597000
7.597000
7.597000
8.007000
8.007000
8.007000
8.007000
8.007000
8.007000
8.007000
8.007000
8.007000
8.007000
8.007000
8.007000
8.417000
8.417000
8.417000
8.417000
8.826000
8.826000
8.826000
8.826000
8.826000
8.826000
8.826000
8.826000
8.826000
8.826000
8.826000
8.826000
8.826000
8.826000
8.826000
8.826000
8.826000
8.826000
8.826000
9.236000
9.236000
9.236000
9.236000
9.236000
9.236000
9.236000
9.236000
9.236000
9.236000
9.236000
9.236000
9.646000
9.646000
9.646000
9.646000
9.646000
9.646000
9.646000
9.646000
9.646000
9.646000
9.646000
10.060000
10.060000
10.060000
10.060000
10.060000
10.060000
10.060000
10.460000
10.460000
10.460000
10.460000
10.460000
10.460000
10.460000
10.460000
10.460000
10.870000
10.870000
10.870000
10.870000
10.870000
10.870000
10.870000
10.870000
10.870000
10.870000
10.870000
10.870000
10.870000
10.870000
10.870000
11.280000
11.280000
11.280000
11.280000
11.280000
11.280000
11.280000
11.690000
11.690000
11.690000
11.690000
11.690000
11.690000
11.690000
11.690000
11.690000
11.690000
11.690000
11.690000
11.690000
12.100000
12.100000
12.100000
12.100000
12.100000
12.100000
12.100000
12.100000
12.100000
12.100000
12.100000
12.510000
12.510000
12.510000
12.510000
12.510000
12.510000
12.510000
12.510000
12.510000
12.510000
12.510000
12.510000
12.510000
12.920000
12.920000
12.920000
12.920000
12.920000
12.920000
12.920000
12.920000
12.920000
12.920000
13.330000
13.330000
13.330000
13.330000
13.330000
13.330000
13.330000
13.330000
13.330000
13.740000
13.740000
13.740000
13.740000
13.740000
13.740000
13.740000
13.740000
13.740000
13.740000
13.740000
13.740000
13.740000
13.740000
13.740000
14.150000
14.150000
14.150000
14.150000
14.150000
14.150000
14.150000
14.150000
14.150000
14.560000
14.560000
14.560000
14.560000
14.560000
14.560000
14.560000
14.970000
14.970000
14.970000
14.970000
14.970000
14.970000
14.970000
14.970000
14.970000
14.970000
15.380000
15.380000
15.380000
15.380000
15.380000
15.380000
15.380000
15.380000
15.790000
15.790000
15.790000
15.790000
15.790000
15.790000
15.790000
15.790000
15.790000
16.200001
16.200001
16.200001
16.200001
16.200001
16.200001
16.200001
16.200001
16.200001
16.200001
16.610001
16.610001
16.610001
16.610001
16.610001
16.610001
16.610001
16.610001
16.610001
16.610001
16.610001
16.610001
16.610001
16.610001
17.020000
17.020000
17.020000
17.020000
17.020000
17.020000
17.020000
17.020000
17.430000
17.430000
17.430000
17.430000
17.430000
17.430000
17.430000
17.430000
17.430000
17.430000
17.840000
17.840000
17.840000
17.840000
17.840000
17.840000
17.840000
17.840000
17.840000
17.840000
17.840000
17.840000
17.840000
17.840000
17.840000
18.250000
18.250000
18.250000
18.250000
18.250000
18.250000
18.250000
18.250000
18.250000
18.250000
18.250000
18.660000
18.660000
18.660000
18.660000
18.660000
18.660000
18.660000
18.660000
18.660000
18.660000
18.660000
19.070000
19.070000
19.070000
19.070000
19.070000
19.070000
19.070000
19.070000
19.480000
19.480000
19.480000
19.480000
19.480000
19.480000
19.480000
19.480000
19.480000
19.480000
19.480000
19.480000
19.480000
19.480000
19.889999
19.889999
19.889999
19.889999
19.889999
19.889999
19.889999
19.889999
19.889999
19.889999
20.299999
20.299999
20.299999
20.299999
20.299999
20.299999
20.299999
20.299999
20.299999
20.299999
20.299999
20.299999
20.299999
25.049999
25.049999
25.049999
25.049999
25.049999
25.049999
25.049999
25.049999
25.049999
29.809999
29.809999
29.809999
29.809999
29.809999
29.809999
29.809999
29.809999
29.809999
34.570000
34.570000
34.570000
34.570000
34.570000
34.570000
34.570000
34.570000
39.330002
39.330002
39.330002
39.330002
39.330002
39.330002
39.330002
39.330002
39.330002
39.330002
39.330002
39.330002
39.330002
39.330002
39.330002
39.330002
39.330002
42.900002
42.900002
42.900002
42.900002
42.900002
42.900002
42.900002
42.900002
42.900002
42.900002
42.900002
42.900002
42.900002
42.900002
42.900002
42.900002
42.900002
42.900002
42.900002
42.900002
42.900002
