0.000000
0.000000
0.000000
0.000000
0.000000
0.000000
0.000000
0.000000
0.000000
0.000000
0.000000
0.000000
0.000000
0.000000
0.000000
0.000000
0.000000
0.000000
0.000000
0.000000
0.000000
0.000000
0.000000
0.000000
0.000000
0.000000
0.000000
0.000000
0.000000
0.000000
0.000000
0.000000
0.000000
0.000000
0.000000
0.000000
0.000000
0.000000
0.000000
0.000000
0.000000
0.000000
0.000000
0.000000
0.000000
0.000000
0.000000
0.000000
0.000000
0.000000
0.000000
0.000000
0.000000
0.015440
0.015440
0.015440
0.015440
0.015440
0.015440
0.015440
0.015440
0.015440
0.015440
0.015440
0.039620
0.039620
0.039620
0.039620
0.039620
0.039620
0.039620
0.039620
0.063800
0.063800
0.063800
0.063800
0.063800
0.063800
0.063800
0.063800
0.063800
0.087980
0.087980
0.087980
0.087980
0.087980
0.087980
0.087980
0.087980
0.087980
0.087980
0.087980
0.087980
0.087980
0.112200
0.112200
0.112200
0.112200
0.112200
0.112200
0.112200
0.112200
0.136300
0.136300
0.136300
0.136300
0.136300
0.136300
0.136300
0.136300
0.160500
0.160500
0.160500
0.160500
0.160500
0.160500
0.184700
0.184700
0.184700
0.184700
0.184700
0.184700
0.208900
0.208900
0.208900
0.208900
0.208900
0.208900
0.208900
0.208900
0.233100
0.233100
0.233100
0.233100
0.233100
0.233100
0.233100
0.233100
0.233100
0.233100
0.257200
0.257200
0.257200
0.257200
0.257200
0.257200
0.257200
0.257200
0.257200
0.257200
0.257200
0.257200
0.257200
0.257200
0.281400
0.281400
0.281400
0.281400
0.281400
0.281400
0.281400
0.281400
0.281400
0.281400
0.281400
0.281400
0.281400
0.281400
0.305600
0.305600
0.305600
0.305600
0.305600
0.305600
0.305600
0.305600
0.305600
0.305600
0.305600
0.329800
0.329800
0.329800
0.329800
0.329800
0.329800
0.329800
0.329800
0.329800
0.329800
0.329800
0.329800
0.329800
0.329800
0.329800
0.329800
0.329800
0.354000
0.354000
0.354000
0.354000
0.354000
0.354000
0.354000
0.354000
0.354000
0.354000
0.378100
0.378100
0.378100
0.378100
0.378100
0.378100
0.378100
0.378100
0.378100
0.378100
0.402300
0.402300
0.402300
0.402300
0.402300
0.402300
0.402300
0.402300
0.402300
0.402300
0.402300
0.402300
0.402300
0.402300
0.426500
0.426500
0.426500
0.426500
0.426500
0.426500
0.426500
0.426500
0.426500
0.426500
0.426500
0.426500
0.450700
0.450700
0.450700
0.450700
0.450700
0.450700
0.450700
0.450700
0.450700
0.450700
0.474900
0.474900
0.474900
0.474900
0.474900
0.474900
0.474900
0.474900
0.474900
0.474900
0.474900
0.499000
0.499000
0.499000
0.499000
0.499000
0.499000
0.499000
0.499000
0.499000
0.499000
0.523200
0.523200
0.523200
0.523200
0.523200
0.523200
0.523200
0.523200
0.523200
0.523200
0.523200
0.523200
0.523200
0.523200
0.523200
0.523200
0.547400
0.547400
0.547400
0.547400
0.547400
0.547400
0.547400
0.547400
0.547400
0.571600
0.571600
0.571600
0.571600
0.571600
0.595800
0.595800
0.595800
0.595800
0.595800
0.619900
0.619900
0.619900
0.619900
0.619900
0.619900
0.619900
0.644100
0.644100
0.644100
0.644100
0.644100
0.644100
0.644100
0.644100
0.644100
0.644100
0.644100
0.644100
0.668300
0.668300
0.668300
0.668300
0.668300
0.668300
0.668300
0.668300
0.668300
0.692500
0.692500
0.692500
0.692500
0.692500
0.692500
0.692500
0.692500
0.692500
0.692500
0.692500
0.716700
0.716700
0.716700
0.716700
0.716700
0.716700
0.716700
0.716700
0.716700
0.740800
0.740800
0.740800
0.740800
0.740800
0.740800
0.740800
0.765000
0.765000
0.765000
0.765000
0.765000
0.765000
0.765000
0.765000
0.789200
0.789200
0.789200
0.789200
0.789200
0.789200
0.789200
0.789200
0.789200
0.813400
0.813400
0.813400
0.813400
0.813400
0.813400
0.813400
0.813400
0.813400
0.813400
0.813400
0.813400
0.813400
0.837600
0.837600
0.837600
0.837600
0.837600
0.837600
0.837600
0.837600
0.837600
0.837600
0.837600
0.837600
0.837600
0.861700
0.861700
0.861700
0.861700
0.861700
0.861700
0.861700
0.885900
0.885900
0.885900
0.885900
0.885900
0.885900
0.885900
0.885900
0.910100
0.910100
0.910100
0.910100
0.910100
0.910100
0.910100
0.910100
0.910100
0.910100
0.910100
0.910100
0.934300
0.934300
0.934300
0.934300
0.934300
0.934300
0.934300
0.934300
0.934300
0.958500
0.958500
0.958500
0.958500
0.958500
0.958500
0.958500
0.958500
0.958500
0.958500
0.982600
0.982600
0.982600
0.982600
0.982600
0.982600
0.982600
0.982600
0.982600
0.982600
1.007000
1.007000
1.007000
1.007000
1.007000
1.007000
1.007000
1.031000
1.031000
1.031000
1.031000
1.031000
1.031000
1.031000
1.031000
1.031000
1.031000
1.031000
1.031000
1.055000
1.055000
1.055000
1.055000
1.055000
1.055000
1.055000
1.055000
1.055000
1.055000
1.055000
1.055000
1.055000
1.079000
1.079000
1.079000
1.079000
1.079000
1.079000
1.079000
1.079000
1.104000
1.104000
1.104000
1.104000
1.104000
1.104000
1.104000
1.104000
1.104000
1.104000
1.623000
1.623000
1.623000
1.623000
1.623000
1.623000
1.623000
1.623000
1.623000
2.143000
2.143000
2.143000
2.143000
2.143000
2.143000
2.143000
2.143000
2.143000
2.143000
2.663000
2.663000
2.663000
2.663000
2.663000
2.663000
2.663000
2.663000
2.663000
2.663000
2.663000
3.182000
3.182000
3.182000
3.182000
3.182000
3.182000
3.182000
3.702000
3.702000
3.702000
3.702000
3.702000
3.702000
3.702000
3.702000
3.702000
4.222000
4.222000
4.222000
4.222000
4.222000
4.222000
4.222000
4.222000
4.741000
4.741000
4.741000
4.741000
4.741000
4.741000
4.741000
4.741000
5.261000
5.261000
5.261000
5.261000
5.261000
5.261000
5.261000
5.261000
5.261000
5.781000
5.781000
5.781000
5.781000
5.781000
5.781000
5.781000
5.781000
5.781000
5.781000
5.781000
5.781000
6.301000
6.301000
6.301000
6.301000
6.301000
6.301000
6.301000
6.301000
6.820000
6.820000
6.820000
6.820000
6.820000
6.820000
6.820000
7.340000
7.340000
7.340000
7.340000
7.340000
7.340000
7.860000
7.860000
7.860000
7.860000
7.860000
7.860000
7.860000
7.860000
7.860000
7.860000
7.860000
8.379000
8.379000
8.379000
8.379000
8.379000
8.379000
8.379000
8.379000
8.899000
8.899000
8.899000
8.899000
8.899000
8.899000
8.899000
8.899000
8.899000
8.899000
8.899000
8.899000
8.899000
8.899000
9.419000
9.419000
9.419000
9.419000
9.419000
9.419000
9.419000
9.419000
9.419000
9.419000
9.419000
9.419000
9.419000
9.938000
9.938000
9.938000
9.938000
9.938000
9.938000
9.938000
10.460000
10.460000
10.460000
10.460000
10.460000
10.460000
10.460000
10.460000
10.460000
10.460000
10.980000
10.980000
10.980000
10.980000
10.980000
10.980000
10.980000
10.980000
10.980000
10.980000
10.980000
10.980000
10.980000
10.980000
11.500000
11.500000
11.500000
11.500000
11.500000
11.500000
11.500000
11.500000
11.500000
11.500000
12.020000
12.020000
12.020000
12.020000
12.020000
12.020000
12.020000
12.020000
12.020000
12.020000
12.020000
12.020000
12.020000
12.540000
12.540000
12.540000
12.540000
12.540000
12.540000
12.540000
12.540000
12.540000
12.540000
13.060000
13.060000
13.060000
13.060000
13.580000
13.580000
13.580000
13.580000
13.580000
13.580000
13.580000
13.580000
13.580000
13.580000
13.580000
13.580000
14.100000
14.100000
14.100000
14.100000
14.100000
14.100000
14.100000
14.100000
14.100000
14.100000
14.100000
14.100000
14.100000
14.620000
14.620000
14.620000
14.620000
14.620000
14.620000
14.620000
14.620000
14.620000
14.620000
14.620000
15.140000
15.140000
15.140000
15.140000
15.140000
15.140000
15.660000
15.660000
15.660000
15.660000
15.660000
15.660000
15.660000
15.660000
15.660000
16.170000
16.170000
16.170000
16.170000
16.170000
16.170000
16.170000
16.170000
16.170000
16.170000
16.170000
16.170000
16.170000
16.690001
16.690001
16.690001
16.690001
16.690001
16.690001
16.690001
16.690001
17.209999
17.209999
17.209999
17.209999
17.209999
17.209999
17.209999
17.209999
17.209999
17.730000
17.730000
17.730000
17.730000
17.730000
17.730000
17.730000
17.730000
17.730000
17.730000
17.730000
17.730000
17.730000
17.730000
18.250000
18.250000
18.250000
18.250000
18.250000
18.250000
18.250000
18.250000
18.250000
18.250000
18.250000
18.250000
18.770000
18.770000
18.770000
18.770000
18.770000
18.770000
18.770000
18.770000
18.770000
18.770000
19.290001
19.290001
19.290001
19.290001
19.290001
19.290001
19.290001
19.290001
19.290001
19.290001
19.290001
19.290001
19.290001
19.290001
19.290001
19.809999
19.809999
19.809999
19.809999
19.809999
20.330000
20.330000
20.330000
20.330000
20.330000
20.330000
20.330000
20.850000
20.850000
20.850000
20.850000
20.850000
20.850000
20.850000
20.850000
20.850000
20.850000
21.370001
21.370001
21.370001
21.370001
21.370001
21.370001
21.370001
21.370001
21.370001
21.370001
21.370001
21.370001
21.889999
21.889999
21.889999
21.889999
21.889999
21.889999
21.889999
21.889999
21.889999
21.889999
21.889999
21.889999
21.889999
21.889999
21.889999
22.410000
22.410000
22.410000
22.410000
22.410000
22.410000
22.410000
22.410000
22.930000
22.930000
22.930000
22.930000
22.930000
22.930000
22.930000
22.930000
22.930000
22.930000
22.930000
22.930000
22.930000
23.450001
23.450001
23.450001
23.450001
23.450001
23.450001
23.450001
23.450001
23.969999
23.969999
23.969999
23.969999
23.969999
23.969999
23.969999
23.969999
23.969999
23.969999
23.969999
24.490000
24.490000
24.490000
24.490000
24.490000
24.490000
24.490000
24.490000
24.490000
24.490000
27.790001
27.790001
27.790001
27.790001
27.790001
27.790001
27.790001
27.790001
27.790001
31.080000
31.080000
31.080000
31.080000
31.080000
31.080000
31.080000
31.080000
31.080000
31.080000
34.380001
34.380001
34.380001
34.380001
37.680000
37.680000
37.680000
37.680000
37.680000
37.680000
37.680000
37.680000
37.680000
37.680000
37.680000
40.150002
40.150002
40.150002
40.150002
40.150002
