0.000000
0.000000
0.000000
0.000000
0.000000
0.000000
0.000000
0.000000
0.000000
0.000000
0.000000
0.000000
0.000000
0.000000
0.000000
0.000000
0.000000
0.000000
0.000000
0.000000
0.000000
0.000000
0.000000
0.000000
0.000000
0.000000
0.000000
0.000000
0.000000
0.000000
0.000000
0.000000
0.000000
0.000000
0.000000
0.000000
0.000000
0.000000
0.000000
0.000000
0.000000
0.000000
0.000000
0.000000
0.000000
0.000000
0.000000
0.000000
0.000000
0.000000
0.000000
0.000000
0.000000
0.013990
0.013990
0.013990
0.013990
0.013990
0.013990
0.013990
0.013990
0.013990
0.013990
0.103600
0.103600
0.103600
0.103600
0.103600
0.103600
0.103600
0.103600
0.103600
0.103600
0.193200
0.193200
0.193200
0.282800
0.372400
0.372400
0.372400
0.372400
0.372400
0.372400
0.372400
0.372400
0.372400
0.372400
0.372400
0.372400
0.372400
0.372400
0.372400
0.372400
0.372400
0.372400
0.372400
0.372400
0.372400
0.372400
0.372400
0.372400
0.462000
0.462000
0.462000
0.462000
0.462000
0.462000
0.462000
0.462000
0.551600
0.551600
0.551600
0.551600
0.551600
0.551600
0.551600
0.551600
0.641200
0.641200
0.641200
0.641200
0.641200
0.641200
0.641200
0.641200
0.730900
0.730900
0.730900
0.730900
0.730900
0.730900
0.730900
0.730900
0.820500
0.820500
0.820500
0.820500
0.820500
0.820500
0.820500
0.820500
0.910100
0.910100
0.910100
0.910100
0.910100
0.910100
0.910100
0.999700
0.999700
0.999700
0.999700
0.999700
0.999700
0.999700
0.999700
0.999700
0.999700
1.089000
1.089000
1.089000
1.089000
1.089000
1.089000
1.089000
1.089000
1.089000
1.089000
1.089000
1.089000
1.179000
1.179000
1.179000
1.179000
1.179000
1.179000
1.179000
1.179000
1.179000
1.179000
1.179000
1.179000
1.179000
1.179000
1.179000
1.179000
1.179000
1.268000
1.268000
1.268000
1.268000
1.268000
1.268000
1.268000
1.358000
1.358000
1.358000
1.358000
1.358000
1.358000
1.358000
1.358000
1.358000
1.358000
1.448000
1.448000
1.448000
1.448000
1.448000
1.448000
1.448000
1.537000
1.537000
1.537000
1.537000
1.627000
1.627000
1.627000
1.627000
1.627000
1.627000
1.627000
1.717000
1.717000
1.717000
1.717000
1.717000
1.717000
1.717000
1.717000
1.717000
1.717000
1.806000
1.806000
1.806000
1.806000
1.806000
1.806000
1.806000
1.806000
1.806000
1.806000
1.806000
1.806000
1.806000
1.806000
1.896000
1.896000
1.896000
1.896000
1.896000
1.896000
1.896000
1.896000
1.896000
1.985000
1.985000
1.985000
1.985000
1.985000
1.985000
1.985000
1.985000
1.985000
1.985000
1.985000
1.985000
1.985000
2.075000
2.075000
2.075000
2.075000
2.075000
2.075000
2.075000
2.165000
2.165000
2.165000
2.165000
2.165000
2.165000
2.165000
2.254000
2.254000
2.254000
2.254000
2.254000
2.254000
2.254000
2.254000
2.254000
2.254000
2.344000
2.344000
2.344000
2.344000
2.344000
2.344000
2.344000
2.344000
2.344000
2.344000
2.344000
2.344000
2.433000
2.433000
2.433000
2.433000
2.433000
2.523000
2.523000
2.523000
2.613000
2.613000
2.613000
2.613000
2.613000
2.613000
2.613000
2.613000
2.702000
2.702000
2.702000
2.702000
2.702000
2.702000
2.702000
2.702000
2.702000
2.702000
2.702000
2.702000
2.702000
2.702000
2.702000
2.702000
2.792000
2.792000
2.792000
2.792000
2.792000
2.792000
2.792000
2.792000
2.792000
2.792000
2.792000
2.881000
2.881000
2.881000
2.881000
2.881000
2.881000
2.881000
2.881000
2.881000
2.881000
2.971000
2.971000
2.971000
2.971000
2.971000
2.971000
2.971000
2.971000
2.971000
2.971000
3.061000
3.061000
3.061000
3.061000
3.061000
3.061000
3.061000
3.061000
3.061000
3.150000
3.150000
3.150000
3.150000
3.150000
3.150000
3.150000
3.150000
3.150000
3.150000
3.150000
3.150000
3.150000
3.150000
3.150000
3.150000
3.240000
3.240000
3.240000
3.240000
3.240000
3.240000
3.240000
3.240000
3.240000
3.240000
3.329000
3.329000
3.329000
3.329000
3.329000
3.329000
3.329000
3.329000
3.329000
3.419000
3.419000
3.419000
3.419000
3.419000
3.419000
3.419000
3.419000
3.419000
3.419000
3.509000
3.509000
3.509000
3.509000
3.509000
3.509000
3.509000
3.509000
3.509000
3.509000
3.509000
3.509000
3.598000
3.598000
3.598000
3.598000
3.598000
3.598000
3.598000
3.598000
3.598000
3.598000
3.688000
3.688000
3.688000
3.688000
3.688000
3.688000
3.688000
3.688000
3.688000
3.688000
3.688000
3.688000
3.778000
3.778000
3.778000
3.778000
3.778000
3.778000
3.778000
3.778000
3.778000
3.778000
3.867000
3.867000
3.867000
3.867000
3.867000
3.867000
3.867000
3.867000
3.867000
3.867000
3.867000
3.867000
3.867000
3.867000
3.957000
3.957000
3.957000
3.957000
3.957000
3.957000
3.957000
3.957000
4.046000
4.046000
4.046000
4.046000
4.046000
4.046000
4.046000
4.046000
4.046000
4.046000
4.046000
5.002000
5.002000
5.002000
5.002000
5.002000
5.002000
5.002000
5.002000
5.002000
5.002000
5.959000
5.959000
5.959000
5.959000
5.959000
5.959000
6.915000
6.915000
6.915000
6.915000
6.915000
6.915000
6.915000
6.915000
7.871000
7.871000
7.871000
7.871000
7.871000
7.871000
7.871000
7.871000
7.871000
7.871000
8.827000
8.827000
8.827000
8.827000
8.827000
8.827000
8.827000
8.827000
8.827000
8.827000
8.827000
9.783000
9.783000
9.783000
9.783000
9.783000
9.783000
9.783000
9.783000
9.783000
9.783000
10.740000
10.740000
10.740000
10.740000
10.740000
10.740000
10.740000
10.740000
10.740000
10.740000
10.740000
10.740000
10.740000
11.700000
11.700000
11.700000
11.700000
11.700000
11.700000
11.700000
11.700000
11.700000
11.700000
12.650000
12.650000
12.650000
12.650000
12.650000
12.650000
12.650000
12.650000
12.650000
12.650000
13.610000
13.610000
13.610000
14.560000
14.560000
14.560000
14.560000
14.560000
14.560000
14.560000
15.520000
15.520000
15.520000
15.520000
15.520000
15.520000
15.520000
15.520000
15.520000
15.520000
15.520000
15.520000
15.520000
16.480000
16.480000
16.480000
16.480000
16.480000
16.480000
16.480000
16.480000
16.480000
16.480000
16.480000
16.480000
16.480000
17.430000
17.430000
17.430000
17.430000
17.430000
17.430000
17.430000
17.430000
17.430000
17.430000
17.430000
17.430000
17.430000
18.389999
18.389999
18.389999
18.389999
18.389999
18.389999
18.389999
18.389999
19.340000
19.340000
19.340000
19.340000
19.340000
19.340000
20.299999
20.299999
20.299999
20.299999
20.299999
20.299999
20.299999
20.299999
20.299999
20.299999
20.299999
20.299999
20.299999
20.299999
21.260000
21.260000
21.260000
21.260000
21.260000
21.260000
21.260000
21.260000
21.260000
22.209999
22.209999
22.209999
22.209999
22.209999
23.170000
23.170000
23.170000
23.170000
23.170000
23.170000
23.170000
23.170000
24.120001
24.120001
24.120001
24.120001
24.120001
24.120001
24.120001
24.120001
25.080000
25.080000
25.080000
25.080000
25.080000
25.080000
25.080000
25.080000
25.080000
25.080000
25.080000
25.080000
25.080000
25.080000
25.080000
26.040001
26.040001
26.040001
26.040001
26.040001
26.040001
26.040001
26.040001
26.040001
26.990000
26.990000
26.990000
27.950001
27.950001
27.950001
27.950001
27.950001
27.950001
27.950001
27.950001
27.950001
27.950001
28.900000
28.900000
28.900000
28.900000
28.900000
28.900000
28.900000
28.900000
28.900000
29.860001
29.860001
29.860001
29.860001
29.860001
29.860001
29.860001
29.860001
29.860001
29.860001
29.860001
30.820000
30.820000
30.820000
30.820000
30.820000
30.820000
30.820000
30.820000
30.820000
30.820000
30.820000
30.820000
31.770000
31.770000
31.770000
31.770000
31.770000
31.770000
31.770000
31.770000
32.730000
32.730000
32.730000
32.730000
32.730000
32.730000
32.730000
32.730000
32.730000
32.730000
32.730000
32.730000
32.730000
33.689999
33.689999
33.689999
33.689999
33.689999
33.689999
33.689999
33.689999
34.639999
34.639999
34.639999
34.639999
35.599998
35.599998
35.599998
35.599998
35.599998
35.599998
35.599998
35.599998
35.599998
35.599998
35.599998
35.599998
36.549999
36.549999
36.549999
36.549999
36.549999
36.549999
36.549999
36.549999
36.549999
36.549999
36.549999
36.549999
36.549999
37.509998
37.509998
37.509998
37.509998
37.509998
37.509998
37.509998
37.509998
37.509998
37.509998
37.509998
38.470001
38.470001
38.470001
38.470001
38.470001
38.470001
38.470001
39.419998
39.419998
39.419998
39.419998
39.419998
39.419998
39.419998
39.419998
39.419998
39.419998
39.419998
39.419998
39.419998
39.419998
39.419998
39.419998
39.419998
39.419998
40.380001
40.380001
40.380001
40.380001
40.380001
40.380001
40.380001
40.380001
40.380001
41.330002
41.330002
41.330002
41.330002
41.330002
41.330002
41.330002
41.330002
41.330002
41.330002
41.330002
41.330002
41.330002
41.330002
41.330002
42.290001
42.290001
42.290001
42.290001
42.290001
42.290001
42.290001
43.250000
43.250000
43.250000
43.250000
43.250000
43.250000
43.250000
43.250000
43.250000
43.250000
43.250000
43.250000
43.250000
43.250000
43.250000
43.250000
44.200001
44.200001
44.200001
44.200001
44.200001
44.200001
44.200001
45.160000
45.160000
45.160000
45.160000
45.160000
45.160000
45.160000
45.160000
45.160000
45.160000
45.160000
45.160000
45.160000
45.160000
45.160000
45.160000
45.160000
46.110001
46.110001
46.110001
46.110001
46.110001
46.110001
46.110001
46.110001
47.070000
47.070000
47.070000
47.070000
47.070000
47.070000
47.070000
47.070000
47.070000
47.070000
47.070000
47.070000
54.700001
54.700001
54.700001
54.700001
54.700001
54.700001
54.700001
54.700001
54.700001
54.700001
54.700001
62.320000
62.320000
62.320000
62.320000
62.320000
62.320000
69.940002
69.940002
69.940002
69.940002
69.940002
69.940002
69.940002
69.940002
69.940002
69.940002
69.940002
69.940002
77.570000
77.570000
77.570000
77.570000
77.570000
77.570000
77.570000
77.570000
77.570000
77.570000
77.570000
77.570000
77.570000
77.570000
77.570000
83.290001
83.290001
83.290001
83.290001
83.290001
83.290001
83.290001
83.290001
83.290001
