0.000000
0.000000
0.000000
0.000000
0.000000
0.000000
0.000000
0.000000
0.000000
0.000000
0.000000
0.000000
0.000000
0.000000
0.000000
0.000000
0.000000
0.000000
0.000000
0.000000
0.000000
0.000000
0.000000
0.000000
0.000000
0.000000
0.000000
0.000000
0.000000
0.000000
0.000000
0.000000
0.000000
0.000000
0.000000
0.000000
0.000000
0.000000
0.000000
0.000000
0.000000
0.000000
0.000000
0.000000
0.000000
0.000000
0.000000
0.000000
0.000000
0.000000
0.000000
0.000000
0.000000
0.011980
0.011980
0.011980
0.011980
0.011980
0.078210
0.078210
0.078210
0.078210
0.078210
0.078210
0.078210
0.078210
0.078210
0.144400
0.144400
0.144400
0.144400
0.144400
0.144400
0.144400
0.144400
0.210700
0.210700
0.210700
0.210700
0.210700
0.210700
0.210700
0.210700
0.210700
0.210700
0.276900
0.276900
0.276900
0.276900
0.276900
0.276900
0.276900
0.276900
0.276900
0.276900
0.276900
0.276900
0.276900
0.276900
0.276900
0.343100
0.343100
0.343100
0.343100
0.343100
0.343100
0.343100
0.343100
0.343100
0.343100
0.343100
0.343100
0.343100
0.343100
0.343100
0.343100
0.343100
0.409400
0.409400
0.409400
0.409400
0.409400
0.409400
0.409400
0.409400
0.409400
0.409400
0.475600
0.475600
0.475600
0.475600
0.475600
0.475600
0.475600
0.475600
0.475600
0.475600
0.475600
0.475600
0.475600
0.475600
0.541800
0.541800
0.541800
0.541800
0.541800
0.541800
0.608000
0.608000
0.608000
0.608000
0.608000
0.608000
0.608000
0.608000
0.608000
0.608000
0.608000
0.608000
0.608000
0.674300
0.674300
0.674300
0.674300
0.674300
0.674300
0.674300
0.674300
0.674300
0.674300
0.674300
0.674300
0.674300
0.674300
0.740500
0.740500
0.740500
0.740500
0.740500
0.740500
0.740500
0.740500
0.806700
0.806700
0.806700
0.806700
0.806700
0.806700
0.806700
0.806700
0.806700
0.806700
0.872900
0.872900
0.872900
0.872900
0.872900
0.872900
0.872900
0.872900
0.872900
0.939200
0.939200
0.939200
0.939200
0.939200
0.939200
0.939200
0.939200
0.939200
0.939200
0.939200
1.005000
1.005000
1.005000
1.005000
1.005000
1.005000
1.005000
1.005000
1.005000
1.005000
1.005000
1.072000
1.072000
1.072000
1.072000
1.072000
1.072000
1.072000
1.138000
1.138000
1.138000
1.138000
1.138000
1.138000
1.138000
1.138000
1.138000
1.204000
1.204000
1.204000
1.204000
1.204000
1.270000
1.270000
1.270000
1.270000
1.270000
1.270000
1.270000
1.270000
1.270000
1.337000
1.337000
1.337000
1.337000
1.337000
1.337000
1.337000
1.337000
1.337000
1.337000
1.337000
1.337000
1.337000
1.337000
1.337000
1.403000
1.403000
1.403000
1.403000
1.403000
1.403000
1.403000
1.403000
1.469000
1.469000
1.469000
1.469000
1.469000
1.469000
1.469000
1.469000
1.469000
1.469000
1.535000
1.535000
1.535000
1.535000
1.535000
1.535000
1.601000
1.601000
1.601000
1.601000
1.601000
1.601000
1.601000
1.601000
1.601000
1.668000
1.668000
1.668000
1.668000
1.668000
1.668000
1.668000
1.668000
1.668000
1.668000
1.668000
1.668000
1.668000
1.668000
1.734000
1.734000
1.734000
1.734000
1.734000
1.734000
1.734000
1.734000
1.734000
1.734000
1.734000
1.734000
1.800000
1.800000
1.800000
1.800000
1.800000
1.800000
1.800000
1.800000
1.800000
1.800000
1.866000
1.866000
1.866000
1.866000
1.866000
1.866000
1.866000
1.866000
1.866000
1.933000
1.933000
1.933000
1.933000
1.933000
1.933000
1.933000
1.933000
1.933000
1.933000
1.933000
1.933000
1.933000
1.933000
1.933000
1.999000
1.999000
1.999000
1.999000
2.065000
2.065000
2.065000
2.065000
2.065000
2.065000
2.065000
2.065000
2.065000
2.065000
2.065000
2.065000
2.065000
2.065000
2.131000
2.131000
2.131000
2.131000
2.131000
2.198000
2.198000
2.198000
2.198000
2.264000
2.264000
2.264000
2.264000
2.264000
2.264000
2.264000
2.264000
2.264000
2.264000
2.330000
2.330000
2.330000
2.330000
2.330000
2.330000
2.330000
2.330000
2.396000
2.396000
2.396000
2.396000
2.396000
2.396000
2.396000
2.396000
2.396000
2.396000
2.396000
2.396000
2.462000
2.462000
2.462000
2.462000
2.462000
2.462000
2.462000
2.529000
2.529000
2.529000
2.529000
2.529000
2.529000
2.595000
2.595000
2.595000
2.595000
2.595000
2.595000
2.595000
2.595000
2.595000
2.595000
2.661000
2.661000
2.661000
2.661000
2.661000
2.661000
2.661000
2.727000
2.727000
2.727000
2.727000
2.727000
2.727000
2.727000
2.727000
2.727000
2.727000
2.727000
2.794000
2.794000
2.794000
2.794000
2.794000
2.794000
2.794000
2.794000
2.794000
2.860000
2.860000
2.860000
2.860000
2.860000
2.860000
2.860000
2.860000
2.860000
2.860000
2.860000
2.926000
2.926000
2.926000
2.926000
2.926000
2.926000
2.926000
2.926000
2.926000
2.926000
2.926000
2.926000
2.926000
2.926000
2.992000
2.992000
2.992000
2.992000
2.992000
2.992000
2.992000
2.992000
4.053000
4.053000
4.053000
4.053000
4.053000
4.053000
4.053000
5.114000
5.114000
5.114000
5.114000
5.114000
5.114000
5.114000
5.114000
5.114000
5.114000
5.114000
6.175000
6.175000
6.175000
6.175000
6.175000
7.236000
7.236000
7.236000
7.236000
7.236000
7.236000
7.236000
7.236000
7.236000
7.236000
8.297000
8.297000
8.297000
8.297000
8.297000
8.297000
8.297000
8.297000
8.297000
8.297000
8.297000
8.297000
9.358000
9.358000
9.358000
9.358000
9.358000
9.358000
9.358000
9.358000
9.358000
9.358000
10.420000
10.420000
10.420000
10.420000
10.420000
10.420000
10.420000
10.420000
10.420000
11.480000
11.480000
11.480000
11.480000
11.480000
11.480000
11.480000
11.480000
11.480000
11.480000
11.480000
11.480000
12.540000
12.540000
12.540000
12.540000
12.540000
12.540000
12.540000
13.600000
13.600000
13.600000
13.600000
13.600000
13.600000
13.600000
13.600000
13.600000
13.600000
14.660000
14.660000
14.660000
14.660000
14.660000
14.660000
14.660000
14.660000
14.660000
15.720000
15.720000
15.720000
15.720000
15.720000
15.720000
15.720000
15.720000
15.720000
15.720000
15.720000
15.720000
15.720000
16.780001
16.780001
16.780001
16.780001
16.780001
16.780001
16.780001
16.780001
16.780001
16.780001
16.780001
16.780001
17.850000
17.850000
17.850000
17.850000
17.850000
17.850000
17.850000
17.850000
17.850000
17.850000
17.850000
17.850000
17.850000
17.850000
17.850000
18.910000
18.910000
18.910000
18.910000
18.910000
18.910000
18.910000
18.910000
19.969999
19.969999
19.969999
19.969999
19.969999
19.969999
19.969999
19.969999
19.969999
19.969999
19.969999
19.969999
21.030001
21.030001
21.030001
21.030001
21.030001
21.030001
21.030001
21.030001
22.090000
22.090000
22.090000
22.090000
22.090000
22.090000
22.090000
22.090000
22.090000
22.090000
22.090000
22.090000
22.090000
23.150000
23.150000
23.150000
23.150000
23.150000
23.150000
23.150000
23.150000
23.150000
23.150000
24.209999
24.209999
24.209999
24.209999
24.209999
24.209999
24.209999
24.209999
24.209999
24.209999
25.270000
25.270000
25.270000
25.270000
25.270000
25.270000
25.270000
25.270000
25.270000
25.270000
26.330000
26.330000
26.330000
26.330000
26.330000
26.330000
26.330000
26.330000
26.330000
26.330000
26.330000
26.330000
27.389999
27.389999
27.389999
27.389999
27.389999
27.389999
27.389999
27.389999
27.389999
27.389999
28.459999
28.459999
28.459999
28.459999
28.459999
28.459999
28.459999
29.520000
29.520000
29.520000
29.520000
29.520000
29.520000
29.520000
29.520000
30.580000
30.580000
30.580000
30.580000
30.580000
30.580000
31.639999
31.639999
31.639999
31.639999
31.639999
31.639999
31.639999
31.639999
31.639999
31.639999
31.639999
31.639999
31.639999
32.700001
32.700001
32.700001
32.700001
32.700001
32.700001
32.700001
32.700001
32.700001
33.759998
33.759998
33.759998
33.759998
33.759998
33.759998
33.759998
33.759998
33.759998
33.759998
33.759998
34.820000
34.820000
34.820000
34.820000
34.820000
34.820000
34.820000
34.820000
34.820000
35.880001
35.880001
35.880001
35.880001
35.880001
35.880001
35.880001
35.880001
36.939999
36.939999
36.939999
36.939999
36.939999
36.939999
36.939999
36.939999
36.939999
36.939999
36.939999
36.939999
36.939999
38.000000
38.000000
38.000000
38.000000
38.000000
38.000000
38.000000
38.000000
38.000000
38.000000
38.000000
39.070000
39.070000
39.070000
39.070000
39.070000
39.070000
39.070000
39.070000
39.070000
39.070000
39.070000
39.070000
39.070000
39.070000
39.070000
40.130001
40.130001
40.130001
40.130001
40.130001
40.130001
40.130001
40.130001
40.130001
40.130001
40.130001
40.130001
41.189999
41.189999
41.189999
41.189999
41.189999
41.189999
41.189999
41.189999
41.189999
42.250000
42.250000
42.250000
42.250000
42.250000
42.250000
42.250000
42.250000
42.250000
42.250000
42.250000
43.310001
43.310001
43.310001
43.310001
43.310001
43.310001
43.310001
43.310001
44.369999
44.369999
44.369999
44.369999
44.369999
44.369999
44.369999
44.369999
44.369999
44.369999
44.369999
44.369999
44.369999
44.369999
44.369999
44.369999
44.369999
44.369999
44.369999
44.369999
44.369999
44.369999
44.369999
45.430000
45.430000
45.430000
46.490002
46.490002
46.490002
46.490002
46.490002
46.490002
46.490002
47.549999
47.549999
47.549999
47.549999
47.549999
47.549999
47.549999
48.610001
48.610001
48.610001
48.610001
48.610001
48.610001
48.610001
48.610001
48.610001
48.610001
49.680000
49.680000
49.680000
49.680000
49.680000
49.680000
49.680000
49.680000
50.740002
50.740002
50.740002
50.740002
50.740002
50.740002
50.740002
50.740002
50.740002
50.740002
50.740002
62.049999
62.049999
62.049999
62.049999
62.049999
62.049999
62.049999
62.049999
73.370003
73.370003
73.370003
73.370003
73.370003
73.370003
73.370003
73.370003
73.370003
73.370003
73.370003
73.370003
73.370003
84.690002
84.690002
84.690002
84.690002
84.690002
84.690002
84.690002
84.690002
96.010002
96.010002
96.010002
96.010002
96.010002
96.010002
96.010002
96.010002
104.500000
104.500000
104.500000
104.500000
104.500000
104.500000
104.500000
104.500000
