0.000000
0.000000
0.000000
0.000000
0.000000
0.000000
0.000000
0.000000
0.000000
0.000000
0.000000
0.000000
0.000000
0.000000
0.000000
0.000000
0.000000
0.000000
0.000000
0.000000
0.000000
0.000000
0.000000
0.000000
0.000000
0.000000
0.000000
0.000000
0.000000
0.000000
0.000000
0.000000
0.000000
0.000000
0.000000
0.000000
0.000000
0.000000
0.000000
0.000000
0.000000
0.000000
0.000000
0.000000
0.000000
0.000000
0.242200
0.242200
0.242200
0.242200
0.242200
0.242200
0.242200
0.242200
0.242200
0.242200
0.300800
0.300800
0.300800
0.300800
0.300800
0.300800
0.300800
0.300800
0.300800
0.300800
0.300800
0.300800
0.359400
0.359400
0.359400
0.359400
0.359400
0.359400
0.359400
0.359400
0.359400
0.359400
0.359400
0.359400
0.418100
0.418100
0.418100
0.418100
0.418100
0.418100
0.418100
0.418100
0.418100
0.418100
0.418100
0.418100
0.418100
0.418100
0.418100
0.418100
0.476700
0.476700
0.476700
0.476700
0.476700
0.476700
0.476700
0.476700
0.476700
0.476700
0.476700
0.476700
0.476700
0.476700
0.476700
0.476700
0.476700
0.476700
0.476700
0.476700
0.535300
0.535300
0.535300
0.535300
0.535300
0.535300
0.535300
0.535300
0.535300
0.535300
0.535300
0.535300
0.535300
0.593900
0.593900
0.593900
0.652500
0.652500
0.652500
0.652500
0.652500
0.652500
0.652500
0.652500
0.652500
0.652500
0.711100
0.711100
0.711100
0.711100
0.711100
0.711100
0.711100
0.711100
0.711100
0.711100
0.769700
0.769700
0.769700
0.769700
0.769700
0.769700
0.769700
0.769700
0.769700
0.828300
0.828300
0.828300
0.828300
0.828300
0.828300
0.828300
0.828300
0.828300
0.828300
0.886900
0.886900
0.886900
0.886900
0.886900
0.886900
0.886900
0.886900
0.886900
0.886900
0.945600
0.945600
0.945600
0.945600
0.945600
0.945600
0.945600
0.945600
0.945600
1.004000
1.004000
1.004000
1.004000
1.004000
1.004000
1.004000
1.004000
1.004000
1.063000
1.063000
1.063000
1.063000
1.063000
1.063000
1.063000
1.063000
1.063000
1.063000
1.063000
1.063000
1.063000
1.121000
1.121000
1.121000
1.121000
1.121000
1.121000
1.121000
1.121000
1.121000
1.121000
1.121000
1.180000
1.180000
1.180000
1.180000
1.180000
1.180000
1.180000
1.180000
1.180000
1.180000
1.239000
1.239000
1.239000
1.239000
1.239000
1.239000
1.239000
1.239000
1.239000
1.297000
1.297000
1.297000
1.297000
1.297000
1.297000
1.297000
1.297000
1.297000
1.297000
1.297000
1.297000
1.297000
1.356000
1.356000
1.356000
1.356000
1.356000
1.356000
1.356000
1.356000
1.356000
1.356000
1.356000
1.414000
1.414000
1.414000
1.414000
1.414000
1.414000
1.414000
1.414000
1.414000
1.414000
1.473000
1.473000
1.473000
1.473000
1.473000
1.473000
1.473000
1.532000
1.532000
1.532000
1.532000
1.532000
1.532000
1.532000
1.532000
1.532000
1.532000
1.532000
1.532000
1.532000
1.532000
1.532000
1.590000
1.590000
1.590000
1.590000
1.649000
1.649000
1.649000
1.649000
1.708000
1.708000
1.708000
1.708000
1.708000
1.708000
1.708000
1.708000
1.708000
1.766000
1.766000
1.766000
1.766000
1.766000
1.766000
1.825000
1.825000
1.883000
1.883000
1.883000
1.883000
1.883000
1.883000
1.883000
1.942000
1.942000
1.942000
1.942000
1.942000
1.942000
1.942000
1.942000
1.942000
2.001000
2.001000
2.001000
2.001000
2.001000
2.001000
2.001000
2.001000
2.001000
2.001000
2.001000
2.059000
2.059000
2.059000
2.059000
2.059000
2.059000
2.059000
2.059000
2.059000
2.059000
2.059000
2.059000
2.059000
2.118000
2.118000
2.118000
2.118000
2.176000
2.176000
2.176000
2.176000
2.176000
2.176000
2.176000
2.176000
2.235000
2.235000
2.235000
2.235000
2.235000
2.235000
2.235000
2.235000
2.235000
2.235000
2.294000
2.294000
2.294000
2.294000
2.294000
2.294000
2.294000
2.294000
2.294000
2.294000
2.352000
2.352000
2.352000
2.352000
2.352000
2.352000
2.352000
2.352000
2.352000
2.352000
2.352000
2.352000
2.352000
2.411000
2.411000
2.411000
2.411000
2.411000
2.411000
2.411000
2.411000
2.411000
2.411000
2.411000
2.411000
2.411000
2.411000
2.469000
2.469000
2.469000
2.469000
2.469000
2.469000
2.469000
2.469000
2.469000
2.469000
2.469000
2.469000
2.469000
2.469000
2.528000
2.528000
2.528000
2.528000
2.528000
2.528000
2.528000
2.528000
2.528000
2.587000
2.587000
2.587000
2.587000
2.587000
2.587000
2.587000
2.587000
2.587000
2.587000
2.587000
2.645000
2.645000
2.645000
2.645000
2.645000
2.645000
2.645000
2.645000
2.645000
2.645000
2.645000
2.645000
2.645000
2.645000
2.704000
2.704000
2.704000
2.704000
2.704000
2.763000
2.763000
2.763000
2.763000
2.763000
2.763000
2.763000
2.763000
2.821000
2.821000
2.821000
2.821000
2.821000
2.821000
2.821000
2.821000
2.821000
2.821000
2.821000
2.880000
2.880000
2.880000
2.880000
2.880000
2.880000
3.213000
3.213000
3.213000
3.213000
3.213000
3.213000
3.213000
3.213000
3.546000
3.546000
3.546000
3.546000
3.546000
3.546000
3.546000
3.546000
3.546000
3.546000
3.546000
3.546000
3.879000
3.879000
3.879000
3.879000
3.879000
3.879000
3.879000
3.879000
3.879000
4.212000
4.212000
4.212000
4.212000
4.212000
4.212000
4.212000
4.212000
4.212000
4.212000
4.212000
4.212000
4.545000
4.545000
4.545000
4.545000
4.545000
4.545000
4.878000
4.878000
4.878000
4.878000
4.878000
4.878000
4.878000
4.878000
5.210000
5.210000
5.210000
5.210000
5.210000
5.210000
5.210000
5.210000
5.210000
5.210000
5.210000
5.543000
5.543000
5.543000
5.543000
5.543000
5.543000
5.543000
5.543000
5.543000
5.543000
5.876000
5.876000
5.876000
5.876000
5.876000
5.876000
5.876000
5.876000
6.209000
6.209000
6.209000
6.209000
6.209000
6.209000
6.209000
6.542000
6.542000
6.542000
6.542000
6.542000
6.542000
6.542000
6.542000
6.542000
6.542000
6.542000
6.542000
6.875000
6.875000
6.875000
6.875000
6.875000
6.875000
6.875000
6.875000
6.875000
6.875000
6.875000
6.875000
7.208000
7.208000
7.208000
7.208000
7.208000
7.208000
7.208000
7.208000
7.208000
7.208000
7.208000
7.208000
7.208000
7.208000
7.208000
7.208000
7.541000
7.541000
7.541000
7.541000
7.541000
7.541000
7.541000
7.874000
7.874000
7.874000
7.874000
8.207000
8.207000
8.207000
8.207000
8.207000
8.207000
8.207000
8.207000
8.207000
8.207000
8.207000
8.207000
8.207000
8.207000
8.540000
8.540000
8.540000
8.540000
8.540000
8.873000
8.873000
8.873000
8.873000
8.873000
8.873000
8.873000
8.873000
8.873000
8.873000
8.873000
8.873000
8.873000
9.206000
9.206000
9.206000
9.206000
9.206000
9.206000
9.206000
9.206000
9.206000
9.539000
9.539000
9.539000
9.539000
9.539000
9.539000
9.539000
9.539000
9.539000
9.539000
9.539000
9.539000
9.872000
9.872000
9.872000
9.872000
9.872000
9.872000
9.872000
9.872000
9.872000
9.872000
9.872000
9.872000
9.872000
10.200000
10.200000
10.200000
10.200000
10.200000
10.200000
10.200000
10.200000
10.200000
10.200000
10.540000
10.540000
10.540000
10.540000
10.540000
10.540000
10.540000
10.540000
10.870000
10.870000
10.870000
10.870000
10.870000
10.870000
10.870000
10.870000
10.870000
10.870000
10.870000
11.200000
11.200000
11.200000
11.200000
11.200000
11.200000
11.200000
11.200000
11.200000
11.200000
11.200000
11.540000
11.540000
11.540000
11.540000
11.540000
11.540000
11.540000
11.540000
11.540000
11.540000
11.540000
11.540000
11.540000
11.540000
11.540000
11.540000
11.870000
11.870000
11.870000
11.870000
11.870000
11.870000
11.870000
11.870000
11.870000
11.870000
11.870000
11.870000
12.200000
12.200000
12.200000
12.200000
12.200000
12.200000
12.200000
12.200000
12.200000
12.200000
12.200000
12.540000
12.540000
12.540000
12.540000
12.540000
12.540000
12.540000
12.540000
12.540000
12.540000
12.540000
12.870000
12.870000
12.870000
12.870000
12.870000
12.870000
12.870000
12.870000
12.870000
12.870000
12.870000
12.870000
13.200000
13.200000
13.200000
13.200000
13.200000
13.200000
13.200000
13.200000
13.530000
13.530000
13.530000
13.530000
13.530000
13.530000
13.530000
13.530000
13.530000
13.870000
13.870000
13.870000
13.870000
13.870000
13.870000
13.870000
13.870000
14.200000
14.200000
14.200000
14.200000
14.200000
14.200000
14.200000
14.200000
14.200000
14.200000
14.200000
14.200000
14.530000
14.530000
14.530000
14.530000
14.530000
14.530000
14.530000
14.530000
14.530000
14.530000
14.530000
14.870000
14.870000
14.870000
14.870000
14.870000
14.870000
14.870000
14.870000
14.870000
15.200000
15.200000
15.200000
15.200000
15.200000
15.200000
15.530000
15.530000
15.530000
15.530000
15.530000
15.530000
15.530000
15.530000
15.870000
15.870000
15.870000
15.870000
15.870000
15.870000
15.870000
15.870000
15.870000
15.870000
15.870000
15.870000
15.870000
15.870000
15.870000
16.200001
16.200001
16.200001
16.200001
16.200001
16.200001
16.200001
16.200001
16.200001
16.200001
16.200001
16.200001
16.530001
16.530001
16.530001
16.530001
16.530001
16.530001
16.530001
16.530001
16.530001
16.530001
16.530001
16.530001
16.860001
16.860001
16.860001
16.860001
16.860001
16.860001
16.860001
16.860001
16.860001
17.200001
17.200001
17.200001
17.200001
17.200001
17.200001
17.200001
17.200001
17.200001
17.200001
17.530001
17.530001
17.530001
17.530001
17.530001
17.530001
17.530001
17.530001
17.860001
17.860001
17.860001
17.860001
20.330000
20.330000
20.330000
20.330000
20.330000
20.330000
20.330000
20.330000
20.330000
22.790001
22.790001
22.790001
22.790001
22.790001
22.790001
22.790001
22.790001
22.790001
22.790001
22.790001
22.790001
22.790001
22.790001
25.250000
25.250000
25.250000
25.250000
25.250000
27.719999
27.719999
27.719999
27.719999
27.719999
27.719999
27.719999
27.719999
27.719999
27.719999
29.559999
29.559999
29.559999
29.559999
29.559999
29.559999
29.559999
29.559999
29.559999
29.559999
29.559999
