0.000000
0.000000
0.000000
0.000000
0.000000
0.000000
0.000000
0.000000
0.000000
0.000000
0.000000
0.000000
0.000000
0.000000
0.000000
0.000000
0.000000
0.000000
0.000000
0.000000
0.000000
0.000000
0.000000
0.000000
0.000000
0.000000
0.000000
0.000000
0.000000
0.000000
0.000000
0.000000
0.000000
0.000000
0.000000
0.000000
0.000000
0.000000
0.000000
0.000000
0.000000
0.000000
0.000000
0.000000
0.000000
0.000000
0.000000
0.000000
0.000000
0.000000
0.000000
0.000000
0.000000
0.000000
0.000000
0.000000
0.000000
0.000000
0.000000
0.000000
0.000000
1.151000
1.151000
1.151000
1.151000
1.151000
1.151000
1.151000
1.151000
1.151000
1.151000
1.151000
1.151000
1.151000
1.151000
1.151000
1.403000
1.403000
1.403000
1.403000
1.403000
1.403000
1.403000
1.403000
1.403000
1.403000
1.403000
1.403000
1.656000
1.656000
1.656000
1.656000
1.656000
1.656000
1.656000
1.656000
1.656000
1.908000
1.908000
1.908000
1.908000
1.908000
1.908000
1.908000
1.908000
1.908000
1.908000
1.908000
1.908000
1.908000
2.160000
2.160000
2.160000
2.160000
2.160000
2.160000
2.412000
2.412000
2.412000
2.412000
2.412000
2.412000
2.412000
2.412000
2.412000
2.665000
2.665000
2.665000
2.665000
2.665000
2.665000
2.665000
2.665000
2.665000
2.665000
2.665000
2.665000
2.665000
2.917000
2.917000
2.917000
2.917000
2.917000
2.917000
2.917000
2.917000
3.169000
3.169000
3.169000
3.169000
3.169000
3.169000
3.169000
3.169000
3.169000
3.169000
3.169000
3.169000
3.169000
3.169000
3.169000
3.169000
3.169000
3.169000
3.421000
3.421000
3.421000
3.421000
3.421000
3.421000
3.421000
3.421000
3.421000
3.674000
3.674000
3.674000
3.674000
3.674000
3.674000
3.674000
3.674000
3.674000
3.674000
3.674000
3.674000
3.674000
3.674000
3.926000
3.926000
3.926000
3.926000
3.926000
3.926000
3.926000
3.926000
4.178000
4.178000
4.178000
4.178000
4.178000
4.178000
4.178000
4.178000
4.430000
4.430000
4.430000
4.430000
4.430000
4.430000
4.430000
4.430000
4.430000
4.430000
4.430000
4.430000
4.683000
4.683000
4.683000
4.683000
4.683000
4.683000
4.683000
4.683000
4.683000
4.683000
4.683000
4.683000
4.683000
4.683000
4.935000
4.935000
4.935000
4.935000
4.935000
4.935000
4.935000
4.935000
4.935000
4.935000
4.935000
4.935000
5.187000
5.187000
5.187000
5.187000
5.187000
5.187000
5.187000
5.187000
5.187000
5.187000
5.187000
5.187000
5.187000
5.187000
5.439000
5.439000
5.439000
5.439000
5.439000
5.439000
5.439000
5.439000
5.439000
5.439000
5.439000
5.691000
5.691000
5.691000
5.691000
5.691000
5.691000
5.691000
5.691000
5.691000
5.691000
5.944000
5.944000
5.944000
5.944000
6.196000
6.196000
6.196000
6.196000
6.196000
6.196000
6.196000
6.196000
6.196000
6.196000
6.196000
6.196000
6.196000
6.196000
6.448000
6.448000
6.448000
6.448000
6.448000
6.448000
6.700000
6.700000
6.700000
6.700000
6.700000
6.700000
6.700000
6.700000
6.700000
6.700000
6.700000
6.700000
6.700000
6.953000
6.953000
6.953000
6.953000
6.953000
6.953000
6.953000
7.205000
7.205000
7.205000
7.205000
7.205000
7.205000
7.205000
7.205000
7.205000
7.205000
7.205000
7.457000
7.457000
7.457000
7.457000
7.457000
7.457000
7.457000
7.457000
7.457000
7.457000
7.457000
7.709000
7.709000
7.709000
7.709000
7.709000
7.709000
7.709000
7.709000
7.709000
7.709000
7.709000
7.709000
7.709000
7.709000
7.962000
7.962000
7.962000
7.962000
7.962000
7.962000
7.962000
7.962000
7.962000
7.962000
7.962000
7.962000
7.962000
8.214000
8.214000
8.214000
8.214000
8.214000
8.214000
8.214000
8.214000
8.214000
8.466000
8.466000
8.466000
8.466000
8.466000
8.466000
8.466000
8.718000
8.718000
8.718000
8.718000
8.718000
8.718000
8.718000
8.718000
8.971000
8.971000
8.971000
8.971000
8.971000
8.971000
8.971000
8.971000
8.971000
9.223000
9.223000
9.223000
9.223000
9.223000
9.475000
9.475000
9.475000
9.475000
9.475000
9.475000
9.475000
9.475000
9.475000
9.475000
9.475000
9.475000
9.475000
9.475000
9.475000
9.475000
9.727000
9.727000
9.727000
9.727000
9.980000
9.980000
9.980000
9.980000
9.980000
9.980000
9.980000
9.980000
9.980000
9.980000
9.980000
9.980000
9.980000
9.980000
9.980000
9.980000
10.230000
10.230000
10.230000
10.230000
10.230000
10.230000
10.230000
10.230000
10.480000
10.480000
10.480000
10.480000
10.480000
10.480000
10.480000
10.480000
10.480000
10.740000
10.740000
10.740000
10.740000
10.740000
10.740000
10.740000
10.740000
10.740000
10.740000
10.740000
10.740000
10.990000
10.990000
10.990000
10.990000
10.990000
10.990000
10.990000
10.990000
10.990000
10.990000
10.990000
10.990000
10.990000
11.240000
11.240000
11.240000
11.240000
11.240000
11.240000
11.490000
11.490000
11.490000
11.490000
11.490000
11.490000
11.750000
11.750000
11.750000
11.750000
11.750000
11.750000
11.750000
11.750000
11.750000
11.750000
11.750000
11.750000
11.750000
11.750000
11.750000
11.750000
12.000000
12.000000
12.000000
12.000000
12.000000
12.000000
12.250000
12.250000
12.250000
12.250000
12.250000
12.250000
12.250000
12.250000
12.500000
12.500000
12.500000
12.500000
12.500000
12.500000
12.500000
12.500000
12.500000
12.500000
12.500000
12.500000
12.500000
12.500000
12.500000
12.500000
12.500000
12.500000
13.560000
13.560000
13.560000
13.560000
13.560000
13.560000
13.560000
13.560000
13.560000
13.560000
14.620000
14.620000
14.620000
14.620000
14.620000
15.690000
15.690000
15.690000
15.690000
15.690000
15.690000
15.690000
15.690000
15.690000
15.690000
15.690000
15.690000
15.690000
15.690000
16.750000
16.750000
16.750000
16.750000
16.750000
16.750000
16.750000
17.809999
17.809999
17.809999
17.809999
17.809999
17.809999
17.809999
17.809999
17.809999
17.809999
18.870001
18.870001
18.870001
18.870001
18.870001
18.870001
18.870001
18.870001
19.930000
19.930000
19.930000
19.930000
19.930000
19.930000
19.930000
19.930000
19.930000
19.930000
19.930000
20.990000
20.990000
20.990000
20.990000
20.990000
20.990000
20.990000
20.990000
20.990000
20.990000
20.990000
22.049999
22.049999
22.049999
22.049999
22.049999
22.049999
22.049999
22.049999
22.049999
23.110001
23.110001
23.110001
23.110001
23.110001
23.110001
23.110001
23.110001
24.170000
24.170000
24.170000
24.170000
24.170000
24.170000
24.170000
24.170000
24.170000
25.240000
25.240000
25.240000
25.240000
25.240000
25.240000
25.240000
25.240000
25.240000
25.240000
25.240000
25.240000
26.299999
26.299999
26.299999
26.299999
26.299999
26.299999
26.299999
26.299999
26.299999
27.360001
27.360001
27.360001
27.360001
27.360001
28.420000
28.420000
28.420000
28.420000
28.420000
28.420000
28.420000
28.420000
29.480000
29.480000
29.480000
29.480000
29.480000
29.480000
29.480000
29.480000
29.480000
29.480000
29.480000
30.540001
30.540001
30.540001
30.540001
30.540001
30.540001
30.540001
30.540001
30.540001
30.540001
30.540001
30.540001
30.540001
31.600000
31.600000
31.600000
31.600000
31.600000
31.600000
31.600000
31.600000
31.600000
31.600000
31.600000
31.600000
31.600000
31.600000
32.660000
32.660000
32.660000
32.660000
32.660000
33.720001
33.720001
33.720001
33.720001
33.720001
33.720001
33.720001
33.720001
33.720001
34.790001
34.790001
34.790001
34.790001
34.790001
34.790001
34.790001
34.790001
34.790001
35.849998
35.849998
35.849998
35.849998
35.849998
35.849998
35.849998
35.849998
35.849998
36.910000
36.910000
36.910000
36.910000
36.910000
36.910000
36.910000
36.910000
36.910000
36.910000
36.910000
36.910000
36.910000
36.910000
36.910000
36.910000
37.970001
37.970001
37.970001
37.970001
37.970001
37.970001
37.970001
37.970001
37.970001
37.970001
39.029999
39.029999
39.029999
39.029999
40.090000
40.090000
40.090000
40.090000
40.090000
40.090000
40.090000
40.090000
40.090000
41.150002
41.150002
41.150002
41.150002
41.150002
41.150002
41.150002
41.150002
42.209999
42.209999
42.209999
42.209999
42.209999
42.209999
42.209999
42.209999
42.209999
42.209999
42.209999
42.209999
42.209999
43.270000
43.270000
43.270000
43.270000
43.270000
43.270000
43.270000
43.270000
43.270000
43.270000
44.340000
44.340000
44.340000
44.340000
44.340000
44.340000
44.340000
44.340000
44.340000
44.340000
44.340000
44.340000
44.340000
44.340000
45.400002
45.400002
45.400002
45.400002
45.400002
45.400002
45.400002
45.400002
46.459999
46.459999
46.459999
46.459999
46.459999
46.459999
46.459999
46.459999
46.459999
46.459999
46.459999
46.459999
47.520000
47.520000
47.520000
47.520000
47.520000
47.520000
47.520000
47.520000
47.520000
47.520000
48.580002
48.580002
48.580002
48.580002
48.580002
48.580002
49.639999
49.639999
49.639999
49.639999
49.639999
49.639999
49.639999
49.639999
49.639999
49.639999
49.639999
50.700001
50.700001
50.700001
50.700001
51.759998
51.759998
51.759998
51.759998
51.759998
51.759998
51.759998
51.759998
51.759998
52.820000
52.820000
52.820000
52.820000
52.820000
52.820000
52.820000
52.820000
52.820000
52.820000
52.820000
53.889999
53.889999
53.889999
53.889999
53.889999
53.889999
53.889999
53.889999
53.889999
53.889999
53.889999
54.950001
54.950001
54.950001
54.950001
54.950001
54.950001
54.950001
56.009998
56.009998
56.009998
56.009998
57.070000
57.070000
57.070000
57.070000
57.070000
57.070000
57.070000
57.070000
58.130001
58.130001
58.130001
58.130001
58.130001
58.130001
58.130001
59.189999
59.189999
59.189999
59.189999
59.189999
59.189999
59.189999
59.189999
59.189999
59.189999
60.250000
60.250000
60.250000
60.250000
60.250000
63.779999
63.779999
63.779999
67.300003
67.300003
67.300003
67.300003
67.300003
67.300003
67.300003
67.300003
67.300003
67.300003
67.300003
70.830002
70.830002
70.830002
70.830002
70.830002
70.830002
70.830002
70.830002
70.830002
70.830002
74.360001
74.360001
74.360001
77.000000
77.000000
77.000000
77.000000
77.000000
77.000000
77.000000
77.000000
77.000000
77.000000
77.000000
77.000000
77.000000
77.000000
77.000000
