0.000000
0.000000
0.000000
0.000000
0.000000
0.000000
0.000000
0.000000
0.000000
0.000000
0.000000
0.000000
0.000000
0.000000
0.000000
0.000000
0.000000
0.000000
0.000000
0.000000
0.000000
0.000000
0.000000
0.000000
0.000000
0.000000
0.000000
0.000000
0.000000
0.000000
0.000000
0.000000
0.000000
0.000000
0.000000
0.000000
0.000000
0.000000
0.000000
0.000000
0.000000
0.000000
0.000000
0.000000
0.000000
0.000000
0.000000
0.000000
0.000000
0.000000
0.000000
0.000000
0.000000
0.000000
0.000000
0.002575
0.002575
0.002575
0.002575
0.002575
0.002575
0.002575
0.002575
0.002575
0.002575
0.002575
0.002575
0.002575
0.014960
0.014960
0.014960
0.014960
0.014960
0.014960
0.014960
0.014960
0.014960
0.014960
0.014960
0.014960
0.014960
0.014960
0.027340
0.027340
0.027340
0.027340
0.027340
0.027340
0.027340
0.027340
0.027340
0.039720
0.039720
0.039720
0.039720
0.039720
0.039720
0.039720
0.039720
0.039720
0.052100
0.052100
0.052100
0.052100
0.052100
0.052100
0.052100
0.052100
0.052100
0.052100
0.052100
0.064480
0.064480
0.064480
0.064480
0.064480
0.064480
0.064480
0.064480
0.076860
0.076860
0.076860
0.076860
0.076860
0.076860
0.076860
0.076860
0.076860
0.089250
0.089250
0.089250
0.089250
0.089250
0.089250
0.089250
0.089250
0.089250
0.101600
0.101600
0.101600
0.101600
0.101600
0.101600
0.114000
0.114000
0.114000
0.114000
0.114000
0.114000
0.114000
0.114000
0.114000
0.114000
0.114000
0.126400
0.126400
0.126400
0.126400
0.126400
0.126400
0.126400
0.126400
0.126400
0.126400
0.126400
0.126400
0.138800
0.138800
0.138800
0.138800
0.138800
0.138800
0.138800
0.138800
0.138800
0.138800
0.138800
0.151200
0.151200
0.151200
0.151200
0.151200
0.151200
0.151200
0.151200
0.151200
0.151200
0.151200
0.151200
0.163500
0.163500
0.163500
0.163500
0.163500
0.163500
0.163500
0.163500
0.163500
0.163500
0.175900
0.175900
0.175900
0.175900
0.175900
0.175900
0.175900
0.175900
0.175900
0.175900
0.175900
0.175900
0.188300
0.188300
0.188300
0.188300
0.188300
0.188300
0.188300
0.188300
0.188300
0.188300
0.188300
0.188300
0.188300
0.188300
0.188300
0.188300
0.188300
0.188300
0.188300
0.188300
0.188300
0.200700
0.200700
0.200700
0.200700
0.200700
0.200700
0.200700
0.200700
0.200700
0.200700
0.213100
0.213100
0.213100
0.213100
0.213100
0.213100
0.213100
0.213100
0.213100
0.225400
0.225400
0.225400
0.225400
0.225400
0.225400
0.225400
0.225400
0.225400
0.237800
0.237800
0.237800
0.237800
0.237800
0.237800
0.237800
0.237800
0.250200
0.250200
0.250200
0.250200
0.250200
0.250200
0.250200
0.250200
0.262600
0.262600
0.262600
0.262600
0.262600
0.262600
0.262600
0.262600
0.262600
0.262600
0.262600
0.262600
0.262600
0.275000
0.275000
0.275000
0.275000
0.275000
0.275000
0.275000
0.275000
0.275000
0.275000
0.275000
0.275000
0.287400
0.287400
0.287400
0.287400
0.287400
0.287400
0.287400
0.287400
0.287400
0.287400
0.287400
0.299700
0.299700
0.299700
0.299700
0.299700
0.299700
0.299700
0.299700
0.299700
0.299700
0.312100
0.312100
0.312100
0.312100
0.312100
0.312100
0.312100
0.312100
0.312100
0.312100
0.312100
0.324500
0.324500
0.324500
0.324500
0.324500
0.324500
0.324500
0.324500
0.324500
0.324500
0.324500
0.336900
0.336900
0.336900
0.336900
0.336900
0.336900
0.336900
0.336900
0.336900
0.336900
0.336900
0.349300
0.349300
0.349300
0.349300
0.349300
0.349300
0.349300
0.349300
0.349300
0.349300
0.349300
0.349300
0.349300
0.349300
0.349300
0.349300
0.349300
0.349300
0.361600
0.361600
0.361600
0.361600
0.361600
0.361600
0.361600
0.361600
0.374000
0.374000
0.374000
0.374000
0.374000
0.374000
0.386400
0.386400
0.386400
0.386400
0.386400
0.386400
0.386400
0.386400
0.386400
0.398800
0.398800
0.398800
0.398800
0.398800
0.398800
0.398800
0.398800
0.398800
0.411200
0.411200
0.411200
0.411200
0.411200
0.411200
0.411200
0.411200
0.411200
0.423600
0.423600
0.423600
0.423600
0.423600
0.423600
0.423600
0.423600
0.423600
0.423600
0.423600
0.435900
0.435900
0.435900
0.435900
0.435900
0.435900
0.435900
0.435900
0.435900
0.435900
0.435900
0.448300
0.448300
0.448300
0.448300
0.448300
0.448300
0.460700
0.460700
0.460700
0.460700
0.460700
0.460700
0.460700
0.460700
0.460700
0.460700
0.460700
0.460700
0.460700
0.473100
0.473100
0.473100
0.473100
0.473100
0.473100
0.473100
0.473100
0.473100
0.473100
0.473100
0.473100
0.473100
0.485500
0.485500
0.485500
0.485500
0.485500
0.485500
0.485500
0.485500
0.485500
0.485500
0.485500
0.497800
0.497800
0.497800
0.497800
0.497800
0.497800
0.497800
0.497800
0.497800
0.497800
0.510200
0.510200
0.510200
0.510200
0.510200
0.510200
0.510200
0.510200
0.510200
0.510200
0.510200
0.522600
0.522600
0.522600
0.522600
0.522600
0.522600
0.535000
0.535000
0.535000
0.535000
0.535000
0.547400
0.547400
0.547400
0.547400
0.547400
0.547400
0.547400
0.547400
0.547400
0.547400
0.547400
0.547400
0.559700
0.559700
0.559700
0.559700
0.559700
0.559700
0.559700
0.559700
0.559700
0.559700
0.559700
0.559700
0.559700
1.009000
1.009000
1.009000
1.009000
1.009000
1.009000
1.009000
1.009000
1.009000
1.009000
1.009000
1.009000
1.009000
1.009000
1.459000
1.459000
1.459000
1.459000
1.459000
1.459000
1.459000
1.459000
1.909000
1.909000
1.909000
1.909000
1.909000
1.909000
1.909000
1.909000
2.359000
2.359000
2.359000
2.359000
2.359000
2.359000
2.359000
2.359000
2.359000
2.359000
2.808000
2.808000
2.808000
2.808000
2.808000
2.808000
2.808000
2.808000
2.808000
2.808000
2.808000
2.808000
2.808000
3.258000
3.258000
3.258000
3.258000
3.258000
3.258000
3.258000
3.258000
3.258000
3.258000
3.708000
3.708000
3.708000
3.708000
3.708000
3.708000
3.708000
3.708000
3.708000
4.158000
4.158000
4.158000
4.158000
4.158000
4.158000
4.158000
4.158000
4.158000
4.158000
4.158000
4.607000
4.607000
4.607000
4.607000
4.607000
4.607000
4.607000
4.607000
4.607000
5.057000
5.057000
5.057000
5.057000
5.057000
5.057000
5.507000
5.507000
5.507000
5.507000
5.507000
5.957000
5.957000
5.957000
5.957000
5.957000
5.957000
6.406000
6.406000
6.406000
6.406000
6.406000
6.406000
6.406000
6.406000
6.406000
6.406000
6.406000
6.406000
6.856000
6.856000
6.856000
6.856000
6.856000
6.856000
6.856000
6.856000
6.856000
6.856000
7.306000
7.306000
7.306000
7.306000
7.306000
7.306000
7.306000
7.306000
7.306000
7.306000
7.306000
7.306000
7.306000
7.756000
7.756000
7.756000
7.756000
7.756000
7.756000
7.756000
7.756000
7.756000
8.205000
8.205000
8.205000
8.205000
8.205000
8.205000
8.205000
8.205000
8.205000
8.205000
8.205000
8.205000
8.655000
8.655000
8.655000
8.655000
8.655000
8.655000
8.655000
8.655000
8.655000
8.655000
9.105000
9.105000
9.105000
9.105000
9.105000
9.105000
9.105000
9.105000
9.105000
9.555000
9.555000
9.555000
9.555000
9.555000
9.555000
10.000000
10.000000
10.000000
10.000000
10.000000
10.000000
10.000000
10.000000
10.000000
10.000000
10.000000
10.000000
10.000000
10.450000
10.450000
10.450000
10.450000
10.450000
10.450000
10.450000
10.900000
10.900000
10.900000
10.900000
10.900000
10.900000
10.900000
10.900000
10.900000
10.900000
10.900000
11.350000
11.350000
11.350000
11.350000
11.350000
11.350000
11.350000
11.350000
11.350000
11.350000
11.800000
11.800000
11.800000
11.800000
11.800000
12.250000
12.250000
12.250000
12.700000
12.700000
12.700000
12.700000
12.700000
12.700000
12.700000
12.700000
12.700000
12.700000
13.150000
13.150000
13.150000
13.150000
13.150000
13.150000
13.150000
13.150000
13.150000
13.150000
13.150000
13.600000
13.600000
13.600000
13.600000
13.600000
13.600000
13.600000
13.600000
13.600000
13.600000
14.050000
14.050000
14.050000
14.050000
14.500000
14.500000
14.500000
14.500000
14.500000
14.500000
14.500000
14.500000
14.500000
14.500000
14.500000
14.500000
14.500000
14.500000
14.500000
14.950000
14.950000
14.950000
14.950000
14.950000
15.400000
15.400000
15.400000
15.400000
15.400000
15.400000
15.400000
15.400000
15.400000
15.400000
15.400000
15.400000
15.850000
15.850000
15.850000
15.850000
15.850000
15.850000
15.850000
15.850000
15.850000
15.850000
15.850000
16.299999
16.299999
16.299999
16.299999
16.299999
16.299999
16.750000
16.750000
16.750000
16.750000
16.750000
16.750000
16.750000
16.750000
17.200001
17.200001
17.200001
17.200001
17.200001
17.200001
17.200001
17.200001
17.200001
17.200001
17.200001
17.650000
17.650000
17.650000
17.650000
17.650000
17.650000
17.650000
17.650000
17.650000
17.650000
18.100000
18.100000
18.100000
18.100000
18.549999
18.549999
18.549999
18.549999
18.549999
18.549999
18.549999
18.549999
18.549999
18.549999
18.549999
19.000000
19.000000
19.000000
19.000000
19.000000
19.450001
19.450001
19.450001
19.450001
19.450001
19.450001
19.450001
19.450001
19.450001
19.900000
19.900000
19.900000
19.900000
19.900000
19.900000
20.350000
20.350000
20.350000
20.350000
20.350000
20.350000
20.350000
20.350000
20.350000
20.350000
20.350000
20.350000
20.799999
20.799999
20.799999
20.799999
20.799999
20.799999
20.799999
20.799999
20.799999
20.799999
20.799999
20.799999
22.639999
22.639999
22.639999
22.639999
22.639999
22.639999
22.639999
22.639999
22.639999
22.639999
22.639999
22.639999
22.639999
24.490000
24.490000
24.490000
24.490000
24.490000
24.490000
24.490000
24.490000
24.490000
24.490000
24.490000
26.330000
26.330000
26.330000
26.330000
26.330000
26.330000
28.180000
28.180000
28.180000
28.180000
28.180000
28.180000
28.180000
28.180000
28.180000
29.559999
29.559999
29.559999
29.559999
29.559999
29.559999
29.559999
29.559999
29.559999
29.559999
29.559999
29.559999
29.559999
29.559999
