0.000000
0.000000
0.000000
0.000000
0.000000
0.000000
0.000000
0.000000
0.000000
0.000000
0.000000
0.000000
0.000000
0.000000
0.000000
0.000000
0.000000
0.000000
0.000000
0.000000
0.000000
0.000000
0.000000
0.000000
0.000000
0.000000
0.000000
0.000000
0.000000
0.000000
0.000000
0.000000
0.000000
0.000000
0.000000
0.000000
0.000000
0.000000
0.000000
0.000000
0.000000
0.000000
0.000000
0.000000
0.000000
0.000000
0.000000
0.000000
0.007374
0.007374
0.007374
0.007374
0.007374
0.007374
0.007374
0.007374
0.007374
0.034700
0.034700
0.034700
0.034700
0.034700
0.062020
0.062020
0.062020
0.062020
0.062020
0.062020
0.062020
0.062020
0.062020
0.062020
0.062020
0.062020
0.062020
0.089340
0.089340
0.089340
0.089340
0.089340
0.089340
0.089340
0.089340
0.089340
0.089340
0.089340
0.089340
0.089340
0.116700
0.116700
0.116700
0.116700
0.116700
0.116700
0.116700
0.144000
0.144000
0.144000
0.144000
0.144000
0.144000
0.144000
0.171300
0.171300
0.171300
0.171300
0.171300
0.171300
0.171300
0.171300
0.198600
0.198600
0.198600
0.198600
0.198600
0.198600
0.198600
0.198600
0.198600
0.198600
0.198600
0.198600
0.198600
0.226000
0.226000
0.226000
0.226000
0.226000
0.226000
0.226000
0.226000
0.226000
0.226000
0.253300
0.253300
0.253300
0.253300
0.253300
0.253300
0.253300
0.253300
0.253300
0.253300
0.280600
0.280600
0.280600
0.280600
0.280600
0.280600
0.280600
0.280600
0.280600
0.280600
0.280600
0.307900
0.307900
0.307900
0.307900
0.307900
0.307900
0.307900
0.307900
0.307900
0.307900
0.307900
0.307900
0.307900
0.335200
0.335200
0.335200
0.335200
0.335200
0.335200
0.335200
0.335200
0.335200
0.335200
0.335200
0.335200
0.362600
0.362600
0.362600
0.362600
0.362600
0.362600
0.362600
0.362600
0.362600
0.389900
0.389900
0.389900
0.389900
0.389900
0.389900
0.389900
0.389900
0.389900
0.389900
0.389900
0.389900
0.389900
0.417200
0.417200
0.417200
0.417200
0.417200
0.417200
0.417200
0.444500
0.444500
0.444500
0.444500
0.444500
0.444500
0.444500
0.444500
0.471900
0.471900
0.471900
0.471900
0.471900
0.471900
0.471900
0.471900
0.471900
0.471900
0.471900
0.471900
0.471900
0.499200
0.499200
0.499200
0.499200
0.499200
0.499200
0.499200
0.499200
0.499200
0.499200
0.499200
0.499200
0.499200
0.526500
0.526500
0.526500
0.526500
0.526500
0.526500
0.526500
0.526500
0.526500
0.553800
0.553800
0.553800
0.553800
0.553800
0.553800
0.553800
0.553800
0.553800
0.553800
0.553800
0.553800
0.553800
0.581100
0.581100
0.581100
0.581100
0.581100
0.581100
0.581100
0.581100
0.581100
0.581100
0.581100
0.581100
0.581100
0.581100
0.581100
0.581100
0.581100
0.581100
0.581100
0.608500
0.608500
0.608500
0.608500
0.608500
0.608500
0.608500
0.635800
0.635800
0.635800
0.635800
0.635800
0.635800
0.635800
0.635800
0.635800
0.635800
0.635800
0.663100
0.663100
0.663100
0.663100
0.663100
0.663100
0.663100
0.663100
0.663100
0.663100
0.690400
0.690400
0.690400
0.690400
0.690400
0.690400
0.690400
0.690400
0.690400
0.690400
0.690400
0.717800
0.717800
0.717800
0.717800
0.717800
0.717800
0.717800
0.717800
0.717800
0.745100
0.745100
0.745100
0.745100
0.745100
0.745100
0.745100
0.745100
0.745100
0.745100
0.745100
0.745100
0.745100
0.745100
0.745100
0.772400
0.772400
0.772400
0.772400
0.772400
0.772400
0.772400
0.772400
0.772400
0.772400
0.772400
0.772400
0.772400
0.772400
0.772400
0.772400
0.772400
0.772400
0.799700
0.799700
0.799700
0.799700
0.799700
0.827000
0.827000
0.827000
0.827000
0.827000
0.827000
0.827000
0.854400
0.854400
0.854400
0.854400
0.854400
0.854400
0.854400
0.881700
0.881700
0.881700
0.881700
0.881700
0.881700
0.881700
0.881700
0.881700
0.881700
0.881700
0.881700
0.881700
0.909000
0.909000
0.909000
0.909000
0.909000
0.909000
0.909000
0.909000
0.909000
0.909000
0.909000
0.936300
0.936300
0.936300
0.936300
0.936300
0.936300
0.963700
0.963700
0.963700
0.963700
0.963700
0.991000
0.991000
0.991000
0.991000
0.991000
0.991000
0.991000
0.991000
0.991000
0.991000
0.991000
0.991000
0.991000
0.991000
0.991000
1.018000
1.018000
1.018000
1.018000
1.018000
1.018000
1.018000
1.018000
1.018000
1.018000
1.018000
1.018000
1.018000
1.018000
1.018000
1.046000
1.046000
1.046000
1.046000
1.046000
1.046000
1.046000
1.073000
1.073000
1.073000
1.073000
1.073000
1.073000
1.073000
1.073000
1.073000
1.073000
1.073000
1.073000
1.073000
1.073000
1.073000
1.100000
1.100000
1.100000
1.100000
1.100000
1.100000
1.100000
1.128000
1.128000
1.128000
1.128000
1.128000
1.128000
1.128000
1.128000
1.128000
1.128000
1.128000
1.128000
1.128000
1.155000
1.155000
1.155000
1.155000
1.155000
1.155000
1.155000
1.155000
1.155000
1.155000
1.155000
1.182000
1.182000
1.182000
1.182000
1.182000
1.182000
1.210000
1.210000
1.210000
1.210000
1.210000
1.210000
1.210000
1.237000
1.237000
1.237000
1.237000
1.237000
1.237000
1.237000
1.237000
1.237000
1.237000
1.947000
1.947000
1.947000
1.947000
1.947000
1.947000
2.657000
2.657000
2.657000
2.657000
2.657000
2.657000
2.657000
2.657000
2.657000
2.657000
2.657000
2.657000
2.657000
3.367000
3.367000
3.367000
3.367000
3.367000
3.367000
3.367000
3.367000
4.077000
4.077000
4.077000
4.077000
4.077000
4.077000
4.077000
4.077000
4.787000
4.787000
4.787000
4.787000
4.787000
4.787000
4.787000
4.787000
4.787000
4.787000
4.787000
4.787000
4.787000
5.497000
5.497000
5.497000
5.497000
5.497000
5.497000
5.497000
5.497000
5.497000
5.497000
5.497000
5.497000
6.207000
6.207000
6.207000
6.207000
6.207000
6.207000
6.207000
6.207000
6.207000
6.917000
6.917000
6.917000
6.917000
6.917000
6.917000
6.917000
6.917000
7.627000
7.627000
7.627000
7.627000
7.627000
7.627000
7.627000
7.627000
7.627000
8.338000
8.338000
8.338000
8.338000
8.338000
8.338000
8.338000
8.338000
8.338000
8.338000
8.338000
8.338000
8.338000
9.048000
9.048000
9.048000
9.048000
9.758000
9.758000
9.758000
9.758000
9.758000
9.758000
9.758000
10.470000
10.470000
10.470000
10.470000
10.470000
10.470000
10.470000
10.470000
11.180000
11.180000
11.180000
11.180000
11.180000
11.180000
11.180000
11.890000
11.890000
11.890000
11.890000
11.890000
11.890000
11.890000
11.890000
11.890000
11.890000
11.890000
12.600000
12.600000
12.600000
12.600000
12.600000
12.600000
12.600000
12.600000
12.600000
12.600000
12.600000
12.600000
12.600000
12.600000
13.310000
13.310000
13.310000
13.310000
13.310000
13.310000
13.310000
13.310000
13.310000
13.310000
13.310000
14.020000
14.020000
14.020000
14.020000
14.020000
14.020000
14.020000
14.020000
14.020000
14.020000
14.020000
14.020000
14.730000
14.730000
14.730000
14.730000
14.730000
14.730000
14.730000
14.730000
14.730000
15.440000
15.440000
15.440000
15.440000
15.440000
15.440000
15.440000
15.440000
15.440000
15.440000
15.440000
16.150000
16.150000
16.150000
16.150000
16.150000
16.150000
16.150000
16.860001
16.860001
16.860001
16.860001
16.860001
17.570000
17.570000
17.570000
17.570000
17.570000
17.570000
17.570000
17.570000
17.570000
18.280001
18.280001
18.280001
18.280001
18.280001
18.280001
18.280001
18.280001
18.990000
18.990000
18.990000
19.700001
19.700001
19.700001
19.700001
19.700001
19.700001
19.700001
19.700001
19.700001
19.700001
19.700001
19.700001
19.700001
19.700001
19.700001
19.700001
19.700001
20.410000
20.410000
20.410000
20.410000
20.410000
20.410000
20.410000
20.410000
20.410000
20.410000
20.410000
21.120001
21.120001
21.120001
21.120001
21.830000
21.830000
21.830000
21.830000
21.830000
21.830000
21.830000
21.830000
21.830000
21.830000
21.830000
21.830000
21.830000
21.830000
21.830000
22.540001
22.540001
22.540001
22.540001
22.540001
22.540001
22.540001
22.540001
22.540001
22.540001
22.540001
22.540001
23.250000
23.250000
23.250000
23.250000
23.250000
23.250000
23.250000
23.250000
23.250000
23.250000
23.250000
23.959999
23.959999
23.959999
23.959999
23.959999
23.959999
23.959999
23.959999
23.959999
24.670000
24.670000
24.670000
24.670000
24.670000
24.670000
24.670000
24.670000
24.670000
24.670000
25.379999
25.379999
25.379999
25.379999
25.379999
25.379999
25.379999
25.379999
26.090000
26.090000
26.090000
26.090000
26.090000
26.090000
26.090000
26.090000
26.090000
26.090000
26.090000
26.090000
26.799999
26.799999
26.799999
26.799999
26.799999
26.799999
26.799999
26.799999
26.799999
26.799999
26.799999
26.799999
26.799999
27.510000
27.510000
27.510000
27.510000
27.510000
27.510000
27.510000
27.510000
27.510000
27.510000
27.510000
27.510000
27.510000
28.219999
28.219999
28.219999
28.219999
28.219999
28.219999
28.219999
28.219999
28.219999
28.930000
28.930000
28.930000
28.930000
28.930000
29.639999
29.639999
29.639999
29.639999
29.639999
29.639999
29.639999
30.350000
30.350000
30.350000
30.350000
30.350000
30.350000
30.350000
30.350000
30.350000
30.350000
30.350000
31.059999
31.059999
31.059999
31.059999
31.059999
31.059999
31.059999
31.059999
31.059999
31.059999
31.059999
31.770000
31.770000
31.770000
31.770000
31.770000
31.770000
31.770000
31.770000
32.480000
32.480000
32.480000
32.480000
32.480000
32.480000
32.480000
32.480000
32.480000
33.189999
33.189999
33.189999
33.189999
33.189999
33.189999
33.189999
33.189999
33.189999
40.680000
40.680000
40.680000
40.680000
40.680000
40.680000
40.680000
40.680000
40.680000
48.160000
48.160000
48.160000
48.160000
48.160000
48.160000
55.650002
55.650002
55.650002
55.650002
55.650002
55.650002
55.650002
55.650002
55.650002
55.650002
63.139999
63.139999
63.139999
63.139999
63.139999
63.139999
63.139999
63.139999
63.139999
63.139999
63.139999
68.750000
68.750000
68.750000
68.750000
68.750000
68.750000
68.750000
68.750000
68.750000
68.750000
68.750000
