0.000000
0.000000
0.000000
0.000000
0.000000
0.000000
0.000000
0.000000
0.000000
0.000000
0.000000
0.000000
0.000000
0.000000
0.000000
0.000000
0.000000
0.000000
0.000000
0.000000
0.000000
0.000000
0.000000
0.000000
0.000000
0.000000
0.000000
0.000000
0.000000
0.000000
0.000000
0.000000
0.000000
0.000000
0.000000
0.000000
0.000000
0.000000
0.000000
0.000000
0.000000
0.000000
0.000000
0.000000
0.000000
0.000000
0.000000
0.000000
0.000000
0.000000
0.000000
0.000000
0.015330
0.015330
0.015330
0.015330
0.015330
0.015330
0.015330
0.015330
0.015330
0.015330
0.015330
0.092970
0.092970
0.092970
0.092970
0.092970
0.092970
0.092970
0.092970
0.092970
0.170600
0.170600
0.170600
0.170600
0.170600
0.170600
0.170600
0.170600
0.170600
0.248300
0.248300
0.248300
0.248300
0.325900
0.325900
0.325900
0.325900
0.325900
0.325900
0.325900
0.325900
0.325900
0.325900
0.325900
0.325900
0.325900
0.403500
0.403500
0.403500
0.403500
0.403500
0.403500
0.403500
0.403500
0.403500
0.481200
0.481200
0.481200
0.481200
0.481200
0.481200
0.481200
0.481200
0.481200
0.481200
0.481200
0.481200
0.481200
0.481200
0.481200
0.558800
0.558800
0.558800
0.558800
0.558800
0.558800
0.558800
0.558800
0.558800
0.558800
0.636500
0.636500
0.636500
0.636500
0.636500
0.636500
0.636500
0.636500
0.636500
0.636500
0.636500
0.636500
0.636500
0.636500
0.636500
0.714100
0.714100
0.714100
0.714100
0.714100
0.714100
0.714100
0.714100
0.791800
0.791800
0.791800
0.791800
0.791800
0.791800
0.791800
0.791800
0.791800
0.791800
0.791800
0.869400
0.869400
0.869400
0.869400
0.869400
0.869400
0.869400
0.869400
0.869400
0.869400
0.869400
0.869400
0.869400
0.947100
0.947100
0.947100
0.947100
0.947100
1.025000
1.025000
1.025000
1.025000
1.025000
1.025000
1.025000
1.025000
1.025000
1.102000
1.102000
1.102000
1.102000
1.102000
1.102000
1.102000
1.102000
1.102000
1.102000
1.102000
1.180000
1.180000
1.180000
1.180000
1.180000
1.180000
1.258000
1.258000
1.258000
1.258000
1.258000
1.258000
1.258000
1.335000
1.335000
1.335000
1.335000
1.335000
1.335000
1.335000
1.335000
1.335000
1.413000
1.413000
1.413000
1.413000
1.413000
1.413000
1.413000
1.413000
1.413000
1.413000
1.413000
1.413000
1.413000
1.413000
1.491000
1.491000
1.491000
1.491000
1.491000
1.491000
1.491000
1.491000
1.568000
1.568000
1.568000
1.568000
1.568000
1.568000
1.646000
1.646000
1.646000
1.646000
1.646000
1.646000
1.646000
1.646000
1.646000
1.646000
1.646000
1.646000
1.646000
1.646000
1.724000
1.724000
1.724000
1.724000
1.724000
1.724000
1.724000
1.724000
1.724000
1.801000
1.801000
1.801000
1.801000
1.801000
1.801000
1.879000
1.879000
1.879000
1.879000
1.879000
1.879000
1.879000
1.879000
1.879000
1.879000
1.879000
1.879000
1.879000
1.879000
1.956000
1.956000
1.956000
1.956000
1.956000
1.956000
1.956000
1.956000
1.956000
1.956000
1.956000
1.956000
1.956000
1.956000
2.034000
2.034000
2.034000
2.034000
2.034000
2.034000
2.034000
2.034000
2.034000
2.034000
2.034000
2.034000
2.112000
2.112000
2.112000
2.112000
2.112000
2.112000
2.189000
2.189000
2.189000
2.189000
2.189000
2.189000
2.189000
2.189000
2.189000
2.189000
2.189000
2.189000
2.267000
2.267000
2.267000
2.267000
2.267000
2.267000
2.267000
2.267000
2.345000
2.345000
2.345000
2.345000
2.345000
2.345000
2.345000
2.345000
2.345000
2.345000
2.345000
2.345000
2.422000
2.422000
2.422000
2.422000
2.422000
2.422000
2.422000
2.422000
2.422000
2.422000
2.500000
2.500000
2.500000
2.500000
2.500000
2.500000
2.500000
2.500000
2.500000
2.500000
2.500000
2.578000
2.578000
2.578000
2.578000
2.578000
2.578000
2.578000
2.578000
2.578000
2.578000
2.655000
2.655000
2.655000
2.655000
2.655000
2.733000
2.733000
2.733000
2.733000
2.733000
2.733000
2.733000
2.733000
2.811000
2.811000
2.811000
2.811000
2.811000
2.811000
2.811000
2.811000
2.811000
2.811000
2.811000
2.811000
2.811000
2.811000
2.888000
2.888000
2.888000
2.888000
2.888000
2.888000
2.888000
2.888000
2.888000
2.888000
2.888000
2.966000
2.966000
2.966000
2.966000
2.966000
2.966000
2.966000
2.966000
2.966000
2.966000
2.966000
2.966000
3.043000
3.043000
3.043000
3.043000
3.043000
3.043000
3.043000
3.043000
3.043000
3.043000
3.043000
3.121000
3.121000
3.121000
3.121000
3.121000
3.121000
3.121000
3.121000
3.121000
3.121000
3.121000
3.199000
3.199000
3.199000
3.199000
3.199000
3.199000
3.199000
3.199000
3.199000
3.199000
3.199000
3.199000
3.199000
3.276000
3.276000
3.276000
3.276000
3.276000
3.276000
3.276000
3.276000
3.276000
3.276000
3.276000
3.276000
3.276000
3.276000
3.354000
3.354000
3.354000
3.354000
3.354000
3.354000
3.354000
3.354000
3.354000
3.354000
3.354000
3.354000
3.354000
3.354000
3.354000
3.354000
3.354000
3.354000
3.354000
3.432000
3.432000
3.432000
3.432000
3.432000
3.432000
3.432000
3.432000
3.432000
3.432000
3.432000
3.432000
3.432000
3.432000
3.432000
3.509000
3.509000
3.509000
3.509000
3.509000
3.509000
3.509000
3.509000
4.107000
4.107000
4.107000
4.107000
4.107000
4.107000
4.107000
4.107000
4.705000
4.705000
4.705000
4.705000
4.705000
4.705000
4.705000
4.705000
4.705000
4.705000
4.705000
5.303000
5.303000
5.303000
5.303000
5.303000
5.303000
5.303000
5.303000
5.303000
5.303000
5.901000
5.901000
5.901000
5.901000
5.901000
5.901000
6.499000
6.499000
6.499000
6.499000
6.499000
6.499000
6.499000
6.499000
7.097000
7.097000
7.097000
7.097000
7.097000
7.097000
7.097000
7.097000
7.097000
7.097000
7.695000
7.695000
7.695000
7.695000
7.695000
7.695000
7.695000
8.292000
8.292000
8.292000
8.292000
8.292000
8.292000
8.292000
8.292000
8.292000
8.890000
8.890000
8.890000
8.890000
8.890000
8.890000
8.890000
8.890000
8.890000
8.890000
8.890000
8.890000
8.890000
9.488000
9.488000
9.488000
9.488000
9.488000
9.488000
9.488000
9.488000
10.090000
10.090000
10.090000
10.090000
10.090000
10.090000
10.090000
10.090000
10.090000
10.090000
10.090000
10.090000
10.680000
10.680000
10.680000
10.680000
10.680000
10.680000
11.280000
11.280000
11.280000
11.280000
11.280000
11.280000
11.280000
11.280000
11.280000
11.880000
11.880000
11.880000
11.880000
11.880000
11.880000
11.880000
11.880000
11.880000
11.880000
11.880000
11.880000
11.880000
12.480000
12.480000
12.480000
12.480000
12.480000
12.480000
12.480000
12.480000
12.480000
13.080000
13.080000
13.080000
13.080000
13.080000
13.080000
13.080000
13.080000
13.080000
13.080000
13.080000
13.080000
13.080000
13.080000
13.080000
13.670000
13.670000
13.670000
13.670000
13.670000
13.670000
13.670000
13.670000
13.670000
13.670000
13.670000
13.670000
13.670000
13.670000
14.270000
14.270000
14.270000
14.270000
14.270000
14.270000
14.270000
14.270000
14.270000
14.270000
14.270000
14.870000
14.870000
14.870000
14.870000
14.870000
14.870000
14.870000
15.470000
15.470000
15.470000
15.470000
15.470000
15.470000
15.470000
15.470000
16.070000
16.070000
16.070000
16.070000
16.070000
16.660000
16.660000
16.660000
16.660000
16.660000
16.660000
16.660000
17.260000
17.260000
17.260000
17.260000
17.260000
17.260000
17.260000
17.260000
17.260000
17.260000
17.260000
17.260000
17.260000
17.260000
17.260000
17.860001
17.860001
17.860001
17.860001
17.860001
17.860001
17.860001
17.860001
18.459999
18.459999
18.459999
18.459999
18.459999
18.459999
18.459999
18.459999
18.459999
19.049999
19.049999
19.049999
19.049999
19.049999
19.049999
19.049999
19.049999
19.049999
19.049999
19.049999
19.049999
19.049999
19.049999
19.650000
19.650000
19.650000
19.650000
19.650000
19.650000
19.650000
19.650000
20.250000
20.250000
20.250000
20.250000
20.250000
20.250000
20.250000
20.250000
20.250000
20.250000
20.250000
20.250000
20.850000
20.850000
20.850000
20.850000
20.850000
20.850000
20.850000
20.850000
20.850000
20.850000
20.850000
20.850000
20.850000
20.850000
20.850000
21.450001
21.450001
21.450001
21.450001
21.450001
21.450001
21.450001
21.450001
21.450001
21.450001
21.450001
22.040001
22.040001
22.040001
22.040001
22.040001
22.040001
22.040001
22.040001
22.040001
22.040001
22.040001
22.639999
22.639999
22.639999
22.639999
22.639999
22.639999
22.639999
22.639999
22.639999
22.639999
22.639999
22.639999
22.639999
22.639999
23.240000
23.240000
23.240000
23.240000
23.240000
23.240000
23.240000
23.240000
23.240000
23.240000
23.840000
23.840000
23.840000
23.840000
23.840000
23.840000
23.840000
24.440001
24.440001
24.440001
24.440001
24.440001
24.440001
25.030001
25.030001
25.030001
25.030001
25.030001
25.030001
25.030001
25.030001
25.030001
25.629999
25.629999
26.230000
26.230000
26.230000
26.230000
26.230000
26.230000
26.230000
26.230000
26.230000
26.830000
26.830000
26.830000
26.830000
26.830000
26.830000
27.420000
27.420000
27.420000
27.420000
27.420000
27.420000
27.420000
27.420000
27.420000
27.420000
27.420000
27.420000
27.420000
27.420000
27.420000
27.420000
28.020000
28.020000
28.020000
28.020000
28.020000
28.020000
28.620001
28.620001
28.620001
28.620001
28.620001
28.620001
28.620001
28.620001
28.620001
29.219999
29.219999
29.219999
29.219999
29.219999
29.219999
29.219999
29.820000
29.820000
29.820000
29.820000
29.820000
30.410000
30.410000
30.410000
30.410000
30.410000
30.410000
30.410000
30.410000
46.509998
46.509998
46.509998
46.509998
46.509998
46.509998
46.509998
46.509998
46.509998
46.509998
46.509998
46.509998
46.509998
62.599998
62.599998
62.599998
62.599998
62.599998
62.599998
62.599998
62.599998
78.690002
78.690002
78.690002
78.690002
78.690002
78.690002
78.690002
78.690002
78.690002
94.790001
94.790001
94.790001
94.790001
94.790001
106.900002
106.900002
106.900002
106.900002
106.900002
106.900002
106.900002
106.900002
106.900002
