0.000000
0.000000
0.000000
0.000000
0.000000
0.000000
0.000000
0.000000
0.000000
0.000000
0.000000
0.000000
0.000000
0.000000
0.000000
0.000000
0.000000
0.000000
0.000000
0.000000
0.000000
0.000000
0.000000
0.000000
0.000000
0.000000
0.000000
0.000000
0.000000
0.000000
0.000000
0.000000
0.000000
0.000000
0.000000
0.000000
0.000000
0.000000
0.000000
0.000000
0.000000
0.000000
0.000000
0.000000
0.000000
0.000000
0.000000
0.000000
0.000000
0.000000
0.000030
0.000030
0.000030
0.035520
0.035520
0.035520
0.035520
0.035520
0.035520
0.035520
0.035520
0.035520
0.035520
0.071020
0.071020
0.071020
0.071020
0.071020
0.071020
0.071020
0.071020
0.071020
0.071020
0.106500
0.106500
0.106500
0.106500
0.106500
0.106500
0.106500
0.106500
0.106500
0.106500
0.106500
0.106500
0.106500
0.142000
0.142000
0.142000
0.142000
0.142000
0.142000
0.142000
0.142000
0.142000
0.142000
0.142000
0.142000
0.177500
0.177500
0.177500
0.177500
0.177500
0.177500
0.177500
0.177500
0.177500
0.177500
0.213000
0.213000
0.213000
0.213000
0.213000
0.213000
0.213000
0.213000
0.213000
0.213000
0.248500
0.248500
0.248500
0.248500
0.248500
0.248500
0.248500
0.248500
0.248500
0.248500
0.284000
0.284000
0.284000
0.284000
0.284000
0.284000
0.284000
0.284000
0.284000
0.284000
0.284000
0.319500
0.319500
0.319500
0.319500
0.319500
0.319500
0.319500
0.319500
0.319500
0.319500
0.319500
0.319500
0.319500
0.319500
0.319500
0.319500
0.355000
0.355000
0.355000
0.355000
0.355000
0.355000
0.355000
0.355000
0.355000
0.355000
0.355000
0.390500
0.390500
0.390500
0.390500
0.390500
0.390500
0.390500
0.390500
0.426000
0.426000
0.426000
0.426000
0.426000
0.426000
0.426000
0.426000
0.426000
0.426000
0.426000
0.426000
0.426000
0.426000
0.461400
0.461400
0.461400
0.461400
0.461400
0.461400
0.461400
0.461400
0.461400
0.461400
0.461400
0.496900
0.496900
0.496900
0.496900
0.496900
0.496900
0.496900
0.532400
0.532400
0.532400
0.532400
0.532400
0.532400
0.567900
0.567900
0.567900
0.567900
0.567900
0.567900
0.567900
0.567900
0.567900
0.567900
0.603400
0.603400
0.603400
0.603400
0.603400
0.603400
0.603400
0.603400
0.603400
0.603400
0.603400
0.603400
0.638900
0.638900
0.638900
0.638900
0.638900
0.638900
0.638900
0.638900
0.638900
0.674400
0.674400
0.674400
0.674400
0.674400
0.674400
0.709900
0.709900
0.709900
0.709900
0.709900
0.745400
0.745400
0.745400
0.745400
0.745400
0.745400
0.745400
0.745400
0.745400
0.745400
0.745400
0.780900
0.780900
0.780900
0.780900
0.780900
0.780900
0.780900
0.780900
0.780900
0.780900
0.816400
0.816400
0.816400
0.816400
0.816400
0.816400
0.816400
0.816400
0.816400
0.816400
0.816400
0.851900
0.851900
0.851900
0.851900
0.851900
0.851900
0.851900
0.851900
0.851900
0.851900
0.851900
0.887400
0.887400
0.887400
0.887400
0.887400
0.887400
0.887400
0.887400
0.922900
0.922900
0.922900
0.922900
0.922900
0.922900
0.922900
0.922900
0.922900
0.922900
0.922900
0.922900
0.958400
0.958400
0.958400
0.958400
0.958400
0.993900
0.993900
0.993900
0.993900
0.993900
0.993900
0.993900
0.993900
0.993900
0.993900
0.993900
0.993900
0.993900
1.029000
1.029000
1.029000
1.029000
1.029000
1.029000
1.029000
1.029000
1.029000
1.029000
1.029000
1.029000
1.065000
1.065000
1.065000
1.065000
1.065000
1.065000
1.065000
1.065000
1.065000
1.065000
1.065000
1.065000
1.065000
1.065000
1.065000
1.100000
1.100000
1.100000
1.100000
1.100000
1.100000
1.100000
1.100000
1.100000
1.100000
1.100000
1.100000
1.100000
1.100000
1.100000
1.100000
1.100000
1.100000
1.100000
1.136000
1.136000
1.136000
1.136000
1.136000
1.136000
1.136000
1.136000
1.171000
1.171000
1.171000
1.171000
1.171000
1.171000
1.171000
1.171000
1.171000
1.207000
1.207000
1.207000
1.207000
1.207000
1.207000
1.207000
1.207000
1.207000
1.242000
1.242000
1.242000
1.242000
1.242000
1.242000
1.242000
1.242000
1.242000
1.242000
1.278000
1.278000
1.278000
1.278000
1.278000
1.278000
1.278000
1.278000
1.278000
1.313000
1.313000
1.313000
1.313000
1.313000
1.313000
1.313000
1.349000
1.384000
1.384000
1.384000
1.384000
1.384000
1.384000
1.384000
1.420000
1.420000
1.420000
1.420000
1.420000
1.420000
1.455000
1.455000
1.455000
1.455000
1.455000
1.455000
1.455000
1.455000
1.455000
1.455000
1.491000
1.491000
1.491000
1.491000
1.491000
1.491000
1.491000
1.491000
1.491000
1.491000
1.491000
1.526000
1.526000
1.526000
1.526000
1.526000
1.526000
1.526000
1.526000
1.526000
1.526000
1.562000
1.562000
1.562000
1.562000
1.562000
1.562000
1.562000
1.562000
1.562000
1.562000
1.562000
1.562000
1.562000
1.597000
1.597000
1.597000
1.597000
1.597000
1.597000
1.597000
1.597000
1.597000
1.597000
1.597000
1.597000
1.597000
1.597000
1.597000
1.597000
1.750000
1.750000
1.750000
1.750000
1.750000
1.750000
1.750000
1.750000
1.903000
1.903000
1.903000
1.903000
1.903000
1.903000
1.903000
1.903000
1.903000
1.903000
1.903000
1.903000
1.903000
1.903000
2.055000
2.055000
2.055000
2.055000
2.055000
2.055000
2.055000
2.055000
2.055000
2.055000
2.208000
2.208000
2.208000
2.208000
2.208000
2.208000
2.208000
2.208000
2.208000
2.208000
2.208000
2.208000
2.361000
2.361000
2.361000
2.361000
2.361000
2.361000
2.361000
2.361000
2.361000
2.361000
2.513000
2.513000
2.513000
2.513000
2.513000
2.513000
2.513000
2.513000
2.513000
2.513000
2.513000
2.513000
2.666000
2.666000
2.666000
2.666000
2.666000
2.666000
2.666000
2.666000
2.666000
2.666000
2.666000
2.666000
2.819000
2.819000
2.819000
2.819000
2.819000
2.819000
2.819000
2.819000
2.972000
2.972000
2.972000
2.972000
2.972000
2.972000
2.972000
2.972000
2.972000
2.972000
2.972000
3.124000
3.124000
3.124000
3.124000
3.124000
3.124000
3.124000
3.124000
3.124000
3.124000
3.124000
3.124000
3.124000
3.277000
3.277000
3.277000
3.277000
3.277000
3.277000
3.277000
3.277000
3.277000
3.277000
3.277000
3.277000
3.277000
3.277000
3.277000
3.430000
3.430000
3.430000
3.430000
3.430000
3.430000
3.430000
3.582000
3.582000
3.582000
3.582000
3.582000
3.582000
3.582000
3.582000
3.735000
3.735000
3.735000
3.735000
3.735000
3.735000
3.735000
3.735000
3.735000
3.735000
3.888000
3.888000
3.888000
3.888000
3.888000
3.888000
3.888000
3.888000
3.888000
4.041000
4.041000
4.041000
4.041000
4.041000
4.041000
4.041000
4.041000
4.041000
4.193000
4.193000
4.193000
4.193000
4.193000
4.193000
4.193000
4.193000
4.193000
4.193000
4.193000
4.193000
4.193000
4.193000
4.346000
4.346000
4.346000
4.346000
4.346000
4.346000
4.346000
4.346000
4.346000
4.346000
4.346000
4.346000
4.499000
4.499000
4.499000
4.499000
4.499000
4.499000
4.499000
4.499000
4.651000
4.651000
4.651000
4.651000
4.651000
4.651000
4.651000
4.651000
4.651000
4.651000
4.651000
4.651000
4.651000
4.804000
4.804000
4.804000
4.804000
4.804000
4.804000
4.804000
4.804000
4.804000
4.804000
4.804000
4.804000
4.804000
4.804000
4.804000
4.957000
4.957000
4.957000
4.957000
4.957000
4.957000
4.957000
4.957000
5.109000
5.109000
5.109000
5.109000
5.109000
5.109000
5.109000
5.109000
5.109000
5.109000
5.109000
5.262000
5.262000
5.262000
5.262000
5.262000
5.262000
5.262000
5.262000
5.415000
5.415000
5.415000
5.415000
5.415000
5.415000
5.415000
5.415000
5.415000
5.568000
5.568000
5.568000
5.568000
5.568000
5.568000
5.568000
5.568000
5.568000
5.568000
5.568000
5.720000
5.720000
5.720000
5.720000
5.873000
5.873000
5.873000
5.873000
5.873000
5.873000
5.873000
6.026000
6.026000
6.026000
6.026000
6.026000
6.026000
6.026000
6.026000
6.026000
6.178000
6.178000
6.178000
6.178000
6.178000
6.178000
6.178000
6.178000
6.178000
6.331000
6.331000
6.331000
6.331000
6.331000
6.331000
6.331000
6.331000
6.331000
6.484000
6.484000
6.484000
6.484000
6.484000
6.484000
6.484000
6.484000
6.636000
6.636000
6.636000
6.636000
6.636000
6.636000
6.636000
6.636000
6.636000
6.789000
6.789000
6.789000
6.789000
6.789000
6.789000
6.789000
6.942000
6.942000
6.942000
6.942000
6.942000
6.942000
6.942000
6.942000
6.942000
6.942000
7.095000
7.095000
7.095000
7.095000
7.095000
7.095000
7.095000
7.095000
7.095000
7.247000
7.247000
7.247000
7.247000
7.247000
7.247000
7.247000
7.247000
7.247000
7.247000
7.247000
7.247000
7.247000
7.247000
7.247000
7.400000
7.400000
7.400000
7.400000
7.553000
7.553000
7.553000
7.553000
7.553000
7.553000
7.553000
7.705000
7.705000
7.705000
7.705000
7.705000
7.705000
7.858000
7.858000
7.858000
7.858000
7.858000
7.858000
7.858000
7.858000
7.858000
7.858000
8.011000
8.011000
8.011000
8.011000
8.011000
8.011000
8.011000
8.011000
8.011000
8.011000
8.011000
8.164000
8.164000
8.164000
8.164000
8.164000
8.164000
8.316000
8.316000
8.316000
8.316000
8.316000
8.316000
8.316000
8.316000
8.316000
8.316000
8.316000
8.316000
8.316000
8.316000
8.469000
8.469000
8.469000
8.469000
8.469000
8.469000
8.469000
8.469000
8.469000
8.469000
10.660000
10.660000
10.660000
10.660000
10.660000
10.660000
10.660000
10.660000
12.840000
12.840000
12.840000
12.840000
12.840000
12.840000
12.840000
12.840000
12.840000
12.840000
12.840000
15.030000
15.030000
15.030000
15.030000
15.030000
15.030000
15.030000
15.030000
17.219999
17.219999
17.219999
17.219999
17.219999
17.219999
17.219999
17.219999
17.219999
17.219999
17.219999
18.860001
18.860001
18.860001
18.860001
18.860001
18.860001
18.860001
18.860001
18.860001
18.860001
18.860001
18.860001
18.860001
18.860001
