0.000000
0.000000
0.000000
0.000000
0.000000
0.000000
0.000000
0.000000
0.000000
0.000000
0.000000
0.000000
0.000000
0.000000
0.000000
0.000000
0.000000
0.000000
0.000000
0.000000
0.000000
0.000000
0.000000
0.000000
0.000000
0.000000
0.000000
0.000000
0.000000
0.000000
0.000000
0.000000
0.000000
0.000000
0.000000
0.000000
0.000000
0.000000
0.000000
0.000000
0.000000
0.000000
0.000000
0.000000
0.000000
0.000000
0.000000
0.000000
0.000000
0.000000
0.000000
0.000000
0.000000
0.000000
0.000000
0.000000
0.000000
0.000000
0.000000
0.000000
0.000000
0.201000
0.201000
0.201000
0.201000
0.201000
0.201000
0.201000
0.201000
0.610800
0.610800
0.610800
0.610800
0.610800
0.610800
0.610800
0.610800
0.610800
0.610800
1.021000
1.021000
1.021000
1.021000
1.021000
1.021000
1.021000
1.021000
1.430000
1.430000
1.430000
1.430000
1.430000
1.430000
1.430000
1.430000
1.840000
1.840000
1.840000
1.840000
1.840000
1.840000
1.840000
1.840000
2.250000
2.250000
2.250000
2.250000
2.660000
2.660000
2.660000
2.660000
2.660000
2.660000
2.660000
2.660000
2.660000
2.660000
3.070000
3.070000
3.070000
3.070000
3.070000
3.070000
3.070000
3.070000
3.480000
3.480000
3.480000
3.889000
3.889000
3.889000
3.889000
3.889000
3.889000
3.889000
3.889000
3.889000
4.299000
4.299000
4.299000
4.299000
4.299000
4.299000
4.299000
4.299000
4.299000
4.299000
4.299000
4.299000
4.709000
4.709000
4.709000
4.709000
4.709000
4.709000
4.709000
4.709000
4.709000
4.709000
5.119000
5.119000
5.119000
5.119000
5.119000
5.119000
5.119000
5.119000
5.119000
5.119000
5.119000
5.119000
5.119000
5.119000
5.119000
5.529000
5.529000
5.529000
5.529000
5.529000
5.529000
5.529000
5.529000
5.529000
5.529000
5.529000
5.938000
5.938000
5.938000
5.938000
5.938000
5.938000
5.938000
5.938000
5.938000
5.938000
5.938000
6.348000
6.348000
6.348000
6.348000
6.348000
6.348000
6.348000
6.758000
6.758000
6.758000
6.758000
6.758000
6.758000
6.758000
6.758000
6.758000
6.758000
6.758000
7.168000
7.168000
7.168000
7.168000
7.168000
7.168000
7.168000
7.168000
7.578000
7.578000
7.578000
7.578000
7.578000
7.578000
7.578000
7.578000
7.578000
7.578000
7.988000
7.988000
7.988000
7.988000
7.988000
7.988000
7.988000
7.988000
7.988000
7.988000
7.988000
7.988000
7.988000
8.397000
8.397000
8.397000
8.397000
8.397000
8.397000
8.397000
8.397000
8.397000
8.807000
8.807000
8.807000
8.807000
8.807000
8.807000
8.807000
8.807000
8.807000
8.807000
8.807000
9.217000
9.217000
9.217000
9.217000
9.217000
9.217000
9.217000
9.217000
9.217000
9.217000
9.217000
9.217000
9.217000
9.217000
9.627000
9.627000
9.627000
9.627000
9.627000
9.627000
9.627000
9.627000
9.627000
9.627000
9.627000
9.627000
9.627000
10.040000
10.040000
10.040000
10.040000
10.040000
10.040000
10.040000
10.040000
10.040000
10.040000
10.450000
10.450000
10.450000
10.450000
10.450000
10.450000
10.450000
10.450000
10.860000
10.860000
10.860000
10.860000
10.860000
10.860000
10.860000
10.860000
10.860000
10.860000
11.270000
11.270000
11.270000
11.270000
11.270000
11.270000
11.270000
11.270000
11.270000
11.270000
11.270000
11.270000
11.270000
11.270000
11.680000
11.680000
11.680000
11.680000
11.680000
11.680000
11.680000
11.680000
12.090000
12.090000
12.090000
12.090000
12.090000
12.090000
12.090000
12.090000
12.500000
12.500000
12.500000
12.500000
12.500000
12.500000
12.500000
12.500000
12.910000
12.910000
12.910000
12.910000
12.910000
12.910000
12.910000
12.910000
12.910000
12.910000
12.910000
13.320000
13.320000
13.320000
13.320000
13.320000
13.320000
13.320000
13.320000
13.320000
13.320000
13.320000
13.320000
13.320000
13.320000
13.320000
13.320000
13.320000
13.320000
13.730000
13.730000
13.730000
13.730000
13.730000
13.730000
13.730000
14.130000
14.130000
14.130000
14.130000
14.130000
14.130000
14.130000
14.130000
14.540000
14.540000
14.540000
14.540000
14.540000
14.540000
14.540000
14.950000
14.950000
14.950000
14.950000
14.950000
14.950000
14.950000
15.360000
15.360000
15.360000
15.360000
15.360000
15.360000
15.360000
15.360000
15.360000
15.360000
15.360000
15.360000
15.770000
15.770000
15.770000
15.770000
15.770000
15.770000
15.770000
15.770000
15.770000
16.180000
16.180000
16.180000
16.180000
16.180000
16.180000
16.180000
16.180000
16.180000
16.180000
16.590000
16.590000
16.590000
16.590000
16.590000
16.590000
16.590000
16.590000
16.590000
17.000000
17.000000
17.000000
17.000000
17.000000
17.000000
17.000000
17.000000
17.000000
17.410000
17.410000
17.410000
17.410000
17.410000
17.410000
17.410000
17.410000
17.820000
17.820000
17.820000
17.820000
17.820000
17.820000
17.820000
17.820000
17.820000
17.820000
17.820000
17.820000
17.820000
17.820000
18.230000
18.230000
18.230000
18.230000
18.230000
18.230000
18.230000
18.230000
18.639999
18.639999
18.639999
18.639999
18.639999
18.639999
18.639999
18.639999
18.639999
20.059999
20.059999
20.059999
20.059999
20.059999
20.059999
20.059999
21.490000
21.490000
21.490000
21.490000
21.490000
21.490000
21.490000
21.490000
21.490000
21.490000
21.490000
21.490000
21.490000
22.910000
22.910000
22.910000
22.910000
22.910000
24.330000
24.330000
24.330000
24.330000
24.330000
24.330000
24.330000
24.330000
24.330000
24.330000
24.330000
24.330000
25.750000
25.750000
25.750000
25.750000
25.750000
25.750000
25.750000
25.750000
25.750000
25.750000
25.750000
27.170000
27.170000
27.170000
27.170000
27.170000
27.170000
27.170000
28.590000
28.590000
28.590000
28.590000
28.590000
30.010000
30.010000
30.010000
30.010000
30.010000
30.010000
30.010000
30.010000
30.010000
30.010000
30.010000
30.010000
30.010000
31.440001
31.440001
31.440001
31.440001
31.440001
31.440001
31.440001
31.440001
31.440001
32.860001
32.860001
32.860001
32.860001
32.860001
32.860001
32.860001
34.279999
34.279999
34.279999
34.279999
34.279999
34.279999
34.279999
34.279999
34.279999
35.700001
35.700001
35.700001
35.700001
35.700001
35.700001
35.700001
35.700001
35.700001
35.700001
35.700001
37.119999
37.119999
37.119999
37.119999
37.119999
38.540001
38.540001
38.540001
38.540001
38.540001
38.540001
38.540001
38.540001
38.540001
39.959999
39.959999
39.959999
39.959999
39.959999
39.959999
39.959999
39.959999
39.959999
39.959999
39.959999
39.959999
41.389999
41.389999
41.389999
41.389999
41.389999
41.389999
41.389999
41.389999
41.389999
41.389999
41.389999
41.389999
42.810001
42.810001
42.810001
42.810001
42.810001
42.810001
42.810001
42.810001
42.810001
42.810001
42.810001
42.810001
42.810001
42.810001
42.810001
44.230000
44.230000
44.230000
44.230000
44.230000
44.230000
44.230000
44.230000
44.230000
44.230000
44.230000
44.230000
44.230000
44.230000
44.230000
44.230000
45.650002
45.650002
45.650002
45.650002
45.650002
45.650002
47.070000
47.070000
47.070000
47.070000
47.070000
47.070000
47.070000
47.070000
47.070000
48.490002
48.490002
48.490002
48.490002
48.490002
48.490002
48.490002
48.490002
48.490002
48.490002
48.490002
48.490002
49.910000
49.910000
49.910000
49.910000
49.910000
49.910000
49.910000
49.910000
49.910000
51.340000
51.340000
51.340000
51.340000
51.340000
51.340000
51.340000
51.340000
51.340000
52.759998
52.759998
52.759998
52.759998
52.759998
52.759998
52.759998
52.759998
52.759998
52.759998
52.759998
54.180000
54.180000
54.180000
54.180000
54.180000
54.180000
54.180000
54.180000
54.180000
54.180000
54.180000
54.180000
55.599998
55.599998
55.599998
55.599998
55.599998
55.599998
55.599998
55.599998
55.599998
55.599998
57.020000
57.020000
57.020000
57.020000
57.020000
57.020000
57.020000
57.020000
57.020000
58.439999
58.439999
58.439999
58.439999
58.439999
58.439999
58.439999
58.439999
58.439999
58.439999
58.439999
58.439999
59.860001
59.860001
59.860001
59.860001
59.860001
59.860001
59.860001
59.860001
59.860001
59.860001
59.860001
61.290001
61.290001
61.290001
61.290001
61.290001
61.290001
61.290001
62.709999
62.709999
62.709999
62.709999
62.709999
62.709999
62.709999
62.709999
62.709999
62.709999
62.709999
62.709999
62.709999
64.129997
64.129997
64.129997
64.129997
64.129997
64.129997
64.129997
64.129997
64.129997
64.129997
64.129997
65.550003
65.550003
65.550003
65.550003
65.550003
65.550003
65.550003
65.550003
65.550003
65.550003
65.550003
65.550003
65.550003
66.970001
66.970001
66.970001
66.970001
66.970001
66.970001
66.970001
66.970001
66.970001
66.970001
66.970001
66.970001
68.389999
68.389999
68.389999
68.389999
68.389999
68.389999
68.389999
68.389999
68.389999
68.389999
68.389999
68.389999
68.389999
68.389999
68.389999
69.809998
69.809998
69.809998
69.809998
69.809998
71.239998
71.239998
71.239998
71.239998
71.239998
71.239998
71.239998
71.239998
71.239998
71.239998
71.239998
72.660004
72.660004
72.660004
72.660004
72.660004
72.660004
72.660004
72.660004
72.660004
74.080002
74.080002
74.080002
74.080002
74.080002
74.080002
74.080002
74.080002
74.080002
74.080002
74.080002
75.500000
75.500000
75.500000
75.500000
75.500000
75.500000
75.500000
76.919998
76.919998
76.919998
76.919998
76.919998
76.919998
76.919998
76.919998
76.919998
76.919998
76.919998
78.339996
78.339996
78.339996
78.339996
79.760002
79.760002
79.760002
79.760002
79.760002
79.760002
79.760002
79.760002
79.760002
81.190002
81.190002
81.190002
81.190002
81.190002
81.190002
81.190002
81.190002
81.190002
81.190002
81.190002
81.190002
81.190002
82.610001
82.610001
82.610001
82.610001
82.610001
82.610001
82.610001
82.610001
82.610001
82.610001
82.610001
82.610001
88.370003
88.370003
88.370003
88.370003
88.370003
88.370003
88.370003
88.370003
88.370003
88.370003
88.370003
88.370003
88.370003
94.139999
94.139999
94.139999
94.139999
94.139999
94.139999
94.139999
99.910004
99.910004
99.910004
99.910004
99.910004
99.910004
99.910004
99.910004
99.910004
99.910004
99.910004
105.699997
105.699997
105.699997
105.699997
105.699997
105.699997
105.699997
105.699997
105.699997
110.000000
110.000000
110.000000
110.000000
110.000000
