0.000000
0.000000
0.000000
0.000000
0.000000
0.000000
0.000000
0.000000
0.000000
0.000000
0.000000
0.000000
0.000000
0.000000
0.000000
0.000000
0.000000
0.000000
0.000000
0.000000
0.000000
0.000000
0.000000
0.000000
0.000000
0.000000
0.000000
0.000000
0.000000
0.000000
0.000000
0.000000
0.000000
0.000000
0.000000
0.000000
0.000000
0.000000
0.000000
0.000000
0.000000
0.000000
0.000000
0.000000
0.000000
0.000000
0.000000
0.000000
0.000000
0.000000
0.000000
0.000000
0.167900
0.167900
0.167900
0.167900
0.167900
0.167900
0.167900
0.167900
0.263400
0.263400
0.263400
0.263400
0.263400
0.263400
0.263400
0.358800
0.358800
0.358800
0.358800
0.358800
0.358800
0.358800
0.358800
0.358800
0.358800
0.358800
0.358800
0.358800
0.454300
0.454300
0.454300
0.454300
0.454300
0.454300
0.454300
0.454300
0.454300
0.454300
0.549700
0.549700
0.549700
0.549700
0.549700
0.549700
0.549700
0.549700
0.549700
0.549700
0.645200
0.645200
0.645200
0.645200
0.645200
0.645200
0.645200
0.645200
0.645200
0.645200
0.645200
0.645200
0.645200
0.645200
0.740600
0.740600
0.740600
0.740600
0.740600
0.740600
0.740600
0.740600
0.740600
0.740600
0.740600
0.740600
0.740600
0.740600
0.836100
0.836100
0.836100
0.836100
0.836100
0.836100
0.836100
0.836100
0.836100
0.836100
0.836100
0.931600
0.931600
0.931600
0.931600
0.931600
0.931600
0.931600
0.931600
0.931600
0.931600
1.027000
1.027000
1.027000
1.027000
1.027000
1.027000
1.027000
1.027000
1.027000
1.027000
1.027000
1.027000
1.027000
1.027000
1.122000
1.122000
1.122000
1.122000
1.122000
1.122000
1.122000
1.218000
1.218000
1.218000
1.218000
1.218000
1.218000
1.218000
1.218000
1.218000
1.218000
1.218000
1.313000
1.313000
1.313000
1.313000
1.313000
1.313000
1.313000
1.313000
1.313000
1.313000
1.313000
1.313000
1.409000
1.409000
1.409000
1.409000
1.409000
1.409000
1.409000
1.409000
1.409000
1.504000
1.504000
1.504000
1.504000
1.504000
1.504000
1.504000
1.504000
1.504000
1.504000
1.600000
1.600000
1.600000
1.600000
1.600000
1.600000
1.600000
1.600000
1.600000
1.600000
1.600000
1.600000
1.600000
1.695000
1.695000
1.695000
1.695000
1.695000
1.695000
1.791000
1.791000
1.791000
1.791000
1.791000
1.791000
1.791000
1.791000
1.791000
1.791000
1.791000
1.886000
1.886000
1.886000
1.886000
1.886000
1.886000
1.886000
1.886000
1.886000
1.982000
1.982000
1.982000
1.982000
1.982000
1.982000
1.982000
1.982000
1.982000
1.982000
1.982000
1.982000
1.982000
1.982000
2.077000
2.077000
2.077000
2.077000
2.077000
2.077000
2.077000
2.077000
2.172000
2.172000
2.172000
2.172000
2.172000
2.172000
2.172000
2.172000
2.172000
2.172000
2.172000
2.172000
2.172000
2.172000
2.268000
2.268000
2.268000
2.268000
2.268000
2.268000
2.268000
2.268000
2.268000
2.268000
2.363000
2.363000
2.363000
2.363000
2.363000
2.363000
2.363000
2.363000
2.363000
2.459000
2.459000
2.459000
2.459000
2.459000
2.459000
2.459000
2.459000
2.459000
2.459000
2.554000
2.554000
2.554000
2.554000
2.554000
2.554000
2.554000
2.554000
2.554000
2.650000
2.650000
2.650000
2.650000
2.650000
2.650000
2.650000
2.745000
2.745000
2.745000
2.745000
2.745000
2.745000
2.745000
2.745000
2.841000
2.841000
2.841000
2.841000
2.841000
2.841000
2.841000
2.841000
2.841000
2.841000
2.841000
2.841000
2.841000
2.841000
2.841000
2.841000
2.841000
2.841000
2.841000
2.936000
2.936000
2.936000
2.936000
3.032000
3.032000
3.032000
3.032000
3.127000
3.127000
3.127000
3.127000
3.127000
3.127000
3.127000
3.127000
3.127000
3.127000
3.127000
3.222000
3.222000
3.222000
3.222000
3.222000
3.222000
3.222000
3.222000
3.222000
3.222000
3.222000
3.222000
3.222000
3.222000
3.222000
3.222000
3.222000
3.222000
3.318000
3.318000
3.318000
3.318000
3.318000
3.318000
3.318000
3.318000
3.318000
3.318000
3.413000
3.413000
3.413000
3.413000
3.413000
3.509000
3.509000
3.509000
3.509000
3.509000
3.509000
3.509000
3.509000
3.509000
3.509000
3.509000
3.509000
3.604000
3.604000
3.604000
3.604000
3.604000
3.604000
3.604000
3.604000
3.604000
3.604000
3.700000
3.700000
3.700000
3.700000
3.700000
3.700000
3.700000
3.700000
3.700000
3.795000
3.795000
3.795000
3.795000
3.795000
3.795000
3.795000
3.795000
3.795000
3.891000
3.891000
3.891000
3.891000
3.891000
3.891000
3.891000
3.891000
3.891000
3.891000
3.986000
3.986000
3.986000
3.986000
3.986000
3.986000
3.986000
3.986000
3.986000
4.082000
4.082000
4.082000
4.082000
4.082000
4.082000
4.082000
4.082000
4.082000
4.082000
4.177000
4.177000
4.177000
4.177000
4.177000
4.177000
4.177000
4.177000
4.272000
4.272000
4.272000
4.272000
4.272000
4.272000
4.272000
4.368000
4.368000
4.368000
4.368000
4.368000
4.368000
4.368000
4.368000
4.463000
4.463000
4.463000
4.463000
4.463000
4.463000
4.463000
4.463000
4.846000
4.846000
4.846000
4.846000
4.846000
4.846000
4.846000
4.846000
4.846000
4.846000
5.228000
5.228000
5.228000
5.228000
5.610000
5.610000
5.610000
5.610000
5.610000
5.610000
5.610000
5.610000
5.992000
5.992000
5.992000
5.992000
5.992000
5.992000
5.992000
6.375000
6.375000
6.375000
6.375000
6.375000
6.375000
6.375000
6.375000
6.375000
6.375000
6.375000
6.375000
6.757000
6.757000
6.757000
6.757000
6.757000
6.757000
6.757000
6.757000
6.757000
6.757000
6.757000
6.757000
7.139000
7.139000
7.139000
7.139000
7.139000
7.139000
7.139000
7.139000
7.139000
7.139000
7.139000
7.139000
7.139000
7.139000
7.139000
7.522000
7.522000
7.522000
7.522000
7.522000
7.522000
7.522000
7.522000
7.522000
7.522000
7.522000
7.522000
7.522000
7.904000
7.904000
7.904000
7.904000
7.904000
7.904000
7.904000
7.904000
7.904000
7.904000
7.904000
7.904000
8.286000
8.286000
8.286000
8.286000
8.286000
8.286000
8.286000
8.286000
8.286000
8.286000
8.286000
8.668000
8.668000
8.668000
8.668000
8.668000
8.668000
9.051000
9.051000
9.051000
9.051000
9.051000
9.051000
9.051000
9.051000
9.051000
9.051000
9.051000
9.051000
9.433000
9.433000
9.433000
9.433000
9.433000
9.433000
9.433000
9.433000
9.433000
9.433000
9.815000
9.815000
9.815000
9.815000
9.815000
9.815000
9.815000
9.815000
9.815000
9.815000
10.200000
10.200000
10.200000
10.200000
10.200000
10.200000
10.200000
10.200000
10.200000
10.580000
10.580000
10.580000
10.580000
10.580000
10.580000
10.580000
10.580000
10.580000
10.580000
10.580000
10.580000
10.960000
10.960000
10.960000
10.960000
10.960000
10.960000
10.960000
10.960000
10.960000
11.340000
11.340000
11.340000
11.340000
11.340000
11.340000
11.340000
11.340000
11.340000
11.340000
11.340000
11.340000
11.340000
11.340000
11.340000
11.730000
11.730000
11.730000
11.730000
11.730000
11.730000
12.110000
12.110000
12.110000
12.110000
12.110000
12.110000
12.110000
12.110000
12.110000
12.490000
12.490000
12.490000
12.490000
12.490000
12.490000
12.490000
12.490000
12.490000
12.870000
12.870000
12.870000
12.870000
12.870000
12.870000
12.870000
12.870000
12.870000
13.260000
13.260000
13.260000
13.260000
13.260000
13.260000
13.260000
13.260000
13.260000
13.260000
13.260000
13.640000
13.640000
13.640000
13.640000
13.640000
13.640000
13.640000
13.640000
14.020000
14.020000
14.020000
14.020000
14.400000
14.400000
14.400000
14.400000
14.400000
14.400000
14.400000
14.400000
14.400000
14.780000
14.780000
14.780000
14.780000
14.780000
14.780000
14.780000
14.780000
14.780000
15.170000
15.170000
15.170000
15.170000
15.170000
15.170000
15.170000
15.170000
15.170000
15.170000
15.170000
15.170000
15.170000
15.550000
15.550000
15.550000
15.550000
15.550000
15.550000
15.550000
15.550000
15.550000
15.550000
15.550000
15.550000
15.930000
15.930000
15.930000
15.930000
15.930000
15.930000
15.930000
16.309999
16.309999
16.309999
16.309999
16.309999
16.309999
16.309999
16.309999
16.309999
16.309999
16.700001
16.700001
16.700001
16.700001
16.700001
16.700001
16.700001
16.700001
16.700001
16.700001
16.700001
17.080000
17.080000
17.080000
17.080000
17.080000
17.080000
17.080000
17.080000
17.080000
17.080000
17.080000
17.459999
17.459999
17.459999
17.459999
17.459999
17.459999
17.459999
17.459999
17.459999
17.459999
17.840000
17.840000
17.840000
17.840000
17.840000
17.840000
17.840000
17.840000
17.840000
18.230000
18.230000
18.230000
18.230000
18.230000
18.230000
18.230000
18.230000
18.230000
18.610001
18.610001
18.610001
18.610001
18.610001
18.610001
18.610001
18.610001
18.610001
18.610001
18.610001
18.990000
18.990000
18.990000
18.990000
18.990000
18.990000
19.370001
19.370001
19.370001
19.370001
19.370001
19.370001
19.370001
19.370001
19.370001
19.370001
19.370001
19.750000
19.750000
19.750000
19.750000
19.750000
19.750000
19.750000
20.139999
20.139999
20.139999
20.139999
20.139999
20.139999
20.139999
20.139999
20.139999
20.139999
20.139999
20.520000
20.520000
20.520000
20.520000
20.520000
20.520000
20.520000
20.520000
20.520000
20.900000
20.900000
20.900000
20.900000
20.900000
20.900000
20.900000
20.900000
20.900000
20.900000
21.280001
21.280001
21.280001
21.280001
21.280001
21.280001
21.280001
21.280001
21.280001
21.280001
21.280001
21.280001
21.670000
21.670000
21.670000
21.670000
21.670000
21.670000
21.670000
21.670000
21.670000
31.000000
31.000000
31.000000
31.000000
31.000000
40.330002
40.330002
40.330002
40.330002
40.330002
40.330002
40.330002
40.330002
40.330002
40.330002
40.330002
40.330002
40.330002
49.669998
49.669998
49.669998
49.669998
49.669998
49.669998
49.669998
49.669998
49.669998
49.669998
49.669998
49.669998
49.669998
49.669998
59.000000
59.000000
59.000000
59.000000
59.000000
59.000000
59.000000
59.000000
59.000000
59.000000
66.000000
66.000000
66.000000
66.000000
66.000000
66.000000
66.000000
66.000000
