0.000000
0.000000
0.000000
0.000000
0.000000
0.000000
0.000000
0.000000
0.000000
0.000000
0.000000
0.000000
0.000000
0.000000
0.000000
0.000000
0.000000
0.000000
0.000000
0.000000
0.000000
0.000000
0.000000
0.000000
0.000000
0.000000
0.000000
0.000000
0.000000
0.000000
0.000000
0.000000
0.000000
0.000000
0.000000
0.000000
0.000000
0.000000
0.000000
0.000000
0.000000
0.000000
0.000000
0.000000
0.000000
0.000000
0.000000
0.000000
0.000000
0.000000
0.000000
0.000000
0.000000
0.000000
0.000000
0.000000
0.000000
0.018510
0.018510
0.018510
0.018510
0.018510
0.018510
0.018510
0.018510
0.018510
0.043210
0.043210
0.043210
0.043210
0.067920
0.067920
0.067920
0.067920
0.067920
0.067920
0.067920
0.067920
0.067920
0.092630
0.092630
0.092630
0.092630
0.092630
0.092630
0.117300
0.117300
0.142000
0.142000
0.142000
0.142000
0.142000
0.142000
0.142000
0.142000
0.142000
0.142000
0.142000
0.166800
0.166800
0.166800
0.166800
0.191500
0.191500
0.191500
0.191500
0.191500
0.191500
0.191500
0.191500
0.191500
0.191500
0.191500
0.216200
0.216200
0.216200
0.216200
0.216200
0.216200
0.216200
0.216200
0.216200
0.240900
0.240900
0.240900
0.240900
0.240900
0.240900
0.240900
0.240900
0.240900
0.240900
0.240900
0.240900
0.240900
0.240900
0.265600
0.265600
0.265600
0.265600
0.265600
0.265600
0.265600
0.290300
0.290300
0.290300
0.290300
0.290300
0.290300
0.290300
0.290300
0.290300
0.290300
0.315000
0.315000
0.315000
0.315000
0.315000
0.315000
0.315000
0.315000
0.315000
0.315000
0.315000
0.315000
0.339700
0.339700
0.339700
0.339700
0.339700
0.339700
0.339700
0.364400
0.364400
0.364400
0.364400
0.364400
0.364400
0.364400
0.364400
0.389100
0.389100
0.389100
0.389100
0.389100
0.389100
0.389100
0.389100
0.389100
0.389100
0.389100
0.413800
0.413800
0.413800
0.413800
0.438500
0.438500
0.438500
0.438500
0.438500
0.438500
0.438500
0.438500
0.438500
0.438500
0.463300
0.463300
0.463300
0.463300
0.463300
0.463300
0.463300
0.463300
0.463300
0.463300
0.488000
0.488000
0.488000
0.488000
0.488000
0.488000
0.488000
0.488000
0.488000
0.488000
0.488000
0.488000
0.488000
0.488000
0.512700
0.512700
0.512700
0.512700
0.512700
0.512700
0.512700
0.512700
0.512700
0.537400
0.537400
0.537400
0.537400
0.537400
0.537400
0.562100
0.562100
0.562100
0.562100
0.562100
0.562100
0.562100
0.562100
0.562100
0.562100
0.562100
0.562100
0.586800
0.586800
0.586800
0.586800
0.586800
0.611500
0.611500
0.611500
0.611500
0.611500
0.611500
0.611500
0.611500
0.611500
0.611500
0.611500
0.636200
0.636200
0.636200
0.636200
0.636200
0.636200
0.636200
0.636200
0.636200
0.636200
0.636200
0.636200
0.636200
0.660900
0.660900
0.660900
0.660900
0.660900
0.660900
0.660900
0.660900
0.660900
0.660900
0.660900
0.685600
0.685600
0.685600
0.685600
0.685600
0.685600
0.710300
0.710300
0.710300
0.710300
0.710300
0.710300
0.710300
0.710300
0.710300
0.710300
0.710300
0.710300
0.735000
0.735000
0.735000
0.735000
0.735000
0.735000
0.735000
0.735000
0.735000
0.735000
0.735000
0.735000
0.759700
0.759700
0.759700
0.759700
0.759700
0.759700
0.759700
0.759700
0.759700
0.784500
0.784500
0.784500
0.784500
0.784500
0.784500
0.784500
0.809200
0.809200
0.809200
0.809200
0.809200
0.809200
0.809200
0.833900
0.833900
0.833900
0.833900
0.833900
0.833900
0.833900
0.833900
0.833900
0.833900
0.833900
0.833900
0.833900
0.833900
0.833900
0.858600
0.858600
0.858600
0.858600
0.858600
0.858600
0.858600
0.858600
0.858600
0.858600
0.858600
0.883300
0.883300
0.883300
0.883300
0.883300
0.883300
0.883300
0.908000
0.908000
0.908000
0.908000
0.932700
0.932700
0.932700
0.932700
0.932700
0.932700
0.957400
0.957400
0.957400
0.957400
0.957400
0.957400
0.957400
0.957400
0.957400
0.957400
0.982100
0.982100
0.982100
0.982100
0.982100
0.982100
1.007000
1.007000
1.007000
1.007000
1.007000
1.007000
1.007000
1.007000
1.007000
1.007000
1.007000
1.007000
1.007000
1.007000
1.007000
1.007000
1.032000
1.032000
1.032000
1.032000
1.032000
1.032000
1.032000
1.032000
1.032000
1.032000
1.032000
1.032000
1.056000
1.056000
1.056000
1.056000
1.056000
1.056000
1.056000
1.056000
1.056000
1.056000
1.056000
1.081000
1.081000
1.081000
1.081000
1.081000
1.081000
1.081000
1.081000
1.081000
1.106000
1.106000
1.106000
1.106000
1.106000
1.106000
1.106000
1.106000
1.106000
1.106000
1.106000
1.130000
1.130000
1.130000
1.130000
1.130000
1.130000
1.130000
1.130000
1.130000
1.130000
1.130000
1.130000
1.130000
1.130000
2.060000
2.060000
2.060000
2.060000
2.060000
2.060000
2.060000
2.060000
2.060000
2.060000
2.989000
2.989000
2.989000
2.989000
2.989000
2.989000
2.989000
2.989000
2.989000
2.989000
3.919000
3.919000
3.919000
3.919000
3.919000
3.919000
3.919000
3.919000
3.919000
3.919000
3.919000
3.919000
3.919000
3.919000
3.919000
3.919000
3.919000
3.919000
3.919000
3.919000
3.919000
3.919000
4.848000
4.848000
4.848000
4.848000
4.848000
4.848000
5.778000
5.778000
5.778000
5.778000
5.778000
5.778000
5.778000
5.778000
5.778000
5.778000
5.778000
5.778000
6.707000
6.707000
6.707000
6.707000
6.707000
6.707000
6.707000
6.707000
6.707000
7.637000
7.637000
7.637000
7.637000
8.566000
8.566000
8.566000
8.566000
8.566000
8.566000
8.566000
8.566000
8.566000
8.566000
8.566000
8.566000
8.566000
8.566000
9.496000
9.496000
9.496000
9.496000
9.496000
9.496000
9.496000
9.496000
9.496000
9.496000
10.430000
10.430000
10.430000
10.430000
10.430000
10.430000
10.430000
10.430000
10.430000
10.430000
11.350000
11.350000
11.350000
11.350000
11.350000
11.350000
11.350000
11.350000
11.350000
11.350000
11.350000
12.280000
12.280000
12.280000
12.280000
12.280000
12.280000
12.280000
12.280000
12.280000
12.280000
13.210000
13.210000
13.210000
13.210000
13.210000
13.210000
13.210000
13.210000
13.210000
14.140000
14.140000
14.140000
14.140000
14.140000
14.140000
14.140000
14.140000
14.140000
14.140000
15.070000
15.070000
15.070000
15.070000
15.070000
15.070000
15.070000
15.070000
15.070000
15.070000
15.070000
16.000000
16.000000
16.000000
16.000000
16.000000
16.000000
16.930000
16.930000
16.930000
16.930000
16.930000
16.930000
16.930000
16.930000
16.930000
16.930000
17.860001
17.860001
17.860001
17.860001
17.860001
18.790001
18.790001
18.790001
18.790001
18.790001
18.790001
18.790001
18.790001
18.790001
18.790001
18.790001
18.790001
18.790001
18.790001
18.790001
18.790001
18.790001
18.790001
19.719999
19.719999
19.719999
19.719999
19.719999
19.719999
19.719999
19.719999
19.719999
19.719999
19.719999
20.650000
20.650000
20.650000
20.650000
20.650000
20.650000
20.650000
20.650000
20.650000
20.650000
20.650000
20.650000
20.650000
20.650000
21.580000
21.580000
21.580000
21.580000
21.580000
21.580000
21.580000
21.580000
21.580000
21.580000
22.510000
22.510000
22.510000
22.510000
22.510000
22.510000
22.510000
22.510000
22.510000
22.510000
22.510000
22.510000
23.440001
23.440001
23.440001
23.440001
23.440001
23.440001
23.440001
23.440001
24.370001
24.370001
24.370001
24.370001
24.370001
24.370001
24.370001
24.370001
24.370001
24.370001
24.370001
25.299999
25.299999
25.299999
25.299999
25.299999
25.299999
25.299999
25.299999
25.299999
25.299999
25.299999
25.299999
25.299999
25.299999
25.299999
25.299999
26.230000
26.230000
26.230000
26.230000
26.230000
26.230000
26.230000
27.160000
27.160000
27.160000
27.160000
27.160000
27.160000
27.160000
27.160000
27.160000
27.160000
27.160000
27.160000
28.090000
28.090000
28.090000
28.090000
28.090000
28.090000
28.090000
28.090000
28.090000
28.090000
28.090000
28.090000
29.020000
29.020000
29.020000
29.020000
29.020000
29.020000
29.020000
29.940001
29.940001
29.940001
29.940001
29.940001
29.940001
30.870001
30.870001
30.870001
30.870001
30.870001
31.799999
31.799999
31.799999
31.799999
31.799999
31.799999
31.799999
31.799999
31.799999
31.799999
31.799999
31.799999
31.799999
31.799999
31.799999
31.799999
31.799999
32.730000
32.730000
32.730000
32.730000
32.730000
32.730000
32.730000
32.730000
32.730000
32.730000
32.730000
32.730000
32.730000
32.730000
33.660000
33.660000
33.660000
33.660000
33.660000
33.660000
33.660000
33.660000
33.660000
33.660000
33.660000
33.660000
33.660000
33.660000
33.660000
33.660000
33.660000
33.660000
34.590000
34.590000
34.590000
34.590000
34.590000
34.590000
34.590000
34.590000
34.590000
34.590000
34.590000
34.590000
34.590000
34.590000
34.590000
34.590000
34.590000
34.590000
35.520000
35.520000
35.520000
35.520000
35.520000
35.520000
35.520000
35.520000
36.450001
36.450001
36.450001
36.450001
36.450001
36.450001
36.450001
36.450001
37.380001
37.380001
37.380001
37.380001
37.380001
37.380001
37.380001
37.380001
37.380001
37.380001
37.380001
37.380001
38.310001
38.310001
38.310001
38.310001
38.310001
38.310001
38.310001
38.310001
38.310001
38.310001
39.240002
39.240002
39.240002
39.240002
39.240002
39.240002
39.240002
39.240002
39.240002
39.240002
39.240002
40.169998
40.169998
40.169998
40.169998
40.169998
40.169998
40.169998
41.099998
41.099998
41.099998
41.099998
41.099998
41.099998
41.099998
41.099998
42.029999
42.029999
42.029999
42.029999
42.029999
42.029999
42.959999
42.959999
42.959999
42.959999
42.959999
54.759998
54.759998
54.759998
54.759998
54.759998
54.759998
54.759998
66.550003
66.550003
66.550003
66.550003
66.550003
66.550003
66.550003
66.550003
66.550003
66.550003
66.550003
78.349998
78.349998
78.349998
78.349998
78.349998
78.349998
78.349998
78.349998
90.150002
90.150002
90.150002
90.150002
90.150002
90.150002
90.150002
90.150002
90.150002
90.150002
90.150002
90.150002
99.000000
99.000000
99.000000
99.000000
99.000000
99.000000
99.000000
99.000000
99.000000
99.000000
99.000000
