0.000000
0.000000
0.000000
0.000000
0.000000
0.000000
0.000000
0.000000
0.000000
0.000000
0.000000
0.000000
0.000000
0.000000
0.000000
0.000000
0.000000
0.000000
0.000000
0.000000
0.000000
0.000000
0.000000
0.000000
0.000000
0.000000
0.000000
0.000000
0.000000
0.000000
0.000000
0.000000
0.000000
0.000000
0.000000
0.000000
0.000000
0.000000
0.000000
0.000000
0.000000
0.000000
0.000000
0.000000
0.000000
0.000000
0.000000
0.000000
0.000000
0.000000
0.000000
0.000000
0.000000
0.000000
0.000000
0.000000
0.000000
0.000000
0.000000
0.000000
0.000000
0.000000
0.000000
0.000000
0.000000
0.009167
0.009167
0.009167
0.009167
0.009167
0.009167
0.009167
0.009167
0.009167
0.009167
0.009167
0.025330
0.025330
0.025330
0.025330
0.025330
0.025330
0.025330
0.025330
0.025330
0.025330
0.025330
0.025330
0.025330
0.041490
0.041490
0.041490
0.041490
0.041490
0.041490
0.041490
0.041490
0.041490
0.041490
0.041490
0.041490
0.041490
0.041490
0.041490
0.057660
0.057660
0.057660
0.057660
0.057660
0.057660
0.057660
0.073820
0.073820
0.073820
0.073820
0.073820
0.073820
0.073820
0.073820
0.073820
0.073820
0.073820
0.073820
0.089980
0.089980
0.089980
0.089980
0.089980
0.089980
0.089980
0.089980
0.089980
0.089980
0.089980
0.106100
0.106100
0.106100
0.106100
0.106100
0.106100
0.106100
0.106100
0.106100
0.106100
0.122300
0.122300
0.122300
0.122300
0.122300
0.122300
0.138500
0.138500
0.138500
0.138500
0.138500
0.138500
0.138500
0.138500
0.154600
0.154600
0.154600
0.154600
0.154600
0.154600
0.154600
0.154600
0.154600
0.154600
0.154600
0.154600
0.170800
0.170800
0.170800
0.170800
0.170800
0.170800
0.170800
0.170800
0.170800
0.170800
0.170800
0.170800
0.187000
0.187000
0.187000
0.187000
0.187000
0.187000
0.187000
0.187000
0.187000
0.187000
0.187000
0.187000
0.187000
0.187000
0.187000
0.187000
0.187000
0.187000
0.203100
0.203100
0.203100
0.203100
0.203100
0.203100
0.203100
0.203100
0.203100
0.203100
0.203100
0.203100
0.203100
0.203100
0.219300
0.219300
0.219300
0.219300
0.219300
0.219300
0.219300
0.219300
0.219300
0.219300
0.235400
0.235400
0.235400
0.235400
0.235400
0.235400
0.235400
0.235400
0.251600
0.251600
0.251600
0.251600
0.251600
0.251600
0.251600
0.251600
0.251600
0.251600
0.251600
0.251600
0.251600
0.251600
0.267800
0.267800
0.267800
0.267800
0.267800
0.267800
0.267800
0.267800
0.267800
0.267800
0.283900
0.283900
0.283900
0.283900
0.283900
0.300100
0.300100
0.300100
0.300100
0.300100
0.300100
0.300100
0.300100
0.300100
0.300100
0.300100
0.300100
0.300100
0.300100
0.300100
0.316300
0.316300
0.316300
0.316300
0.316300
0.316300
0.316300
0.316300
0.316300
0.316300
0.316300
0.332400
0.332400
0.332400
0.332400
0.332400
0.332400
0.332400
0.332400
0.332400
0.332400
0.332400
0.332400
0.332400
0.348600
0.348600
0.348600
0.348600
0.348600
0.348600
0.348600
0.348600
0.348600
0.348600
0.348600
0.348600
0.348600
0.364700
0.364700
0.364700
0.364700
0.364700
0.364700
0.364700
0.364700
0.364700
0.380900
0.380900
0.380900
0.380900
0.380900
0.380900
0.380900
0.380900
0.380900
0.380900
0.380900
0.397100
0.397100
0.397100
0.397100
0.397100
0.397100
0.397100
0.397100
0.413200
0.413200
0.413200
0.413200
0.413200
0.413200
0.413200
0.413200
0.429400
0.429400
0.429400
0.429400
0.429400
0.429400
0.429400
0.429400
0.429400
0.445600
0.445600
0.445600
0.445600
0.445600
0.445600
0.445600
0.445600
0.445600
0.445600
0.445600
0.445600
0.445600
0.445600
0.461700
0.461700
0.461700
0.461700
0.461700
0.461700
0.461700
0.461700
0.461700
0.461700
0.461700
0.477900
0.477900
0.477900
0.477900
0.477900
0.477900
0.477900
0.477900
0.477900
0.477900
0.494100
0.494100
0.494100
0.494100
0.494100
0.494100
0.494100
0.494100
0.494100
0.494100
0.510200
0.510200
0.510200
0.510200
0.510200
0.510200
0.510200
0.510200
0.510200
0.510200
0.510200
0.510200
0.510200
0.510200
0.526400
0.526400
0.526400
0.526400
0.526400
0.526400
0.526400
0.526400
0.542500
0.542500
0.542500
0.542500
0.542500
0.542500
0.542500
0.542500
0.558700
0.558700
0.558700
0.558700
0.558700
0.574900
0.574900
0.574900
0.574900
0.591000
0.591000
0.591000
0.591000
0.591000
0.591000
0.591000
0.591000
0.591000
0.591000
0.591000
0.591000
0.591000
0.591000
0.591000
0.607200
0.607200
0.607200
0.607200
0.623400
0.623400
0.623400
0.623400
0.623400
0.623400
0.623400
0.623400
0.639500
0.639500
0.639500
0.639500
0.639500
0.639500
0.639500
0.639500
0.639500
0.639500
0.639500
0.655700
0.655700
0.655700
0.655700
0.655700
0.655700
0.655700
0.655700
0.655700
0.655700
0.655700
0.655700
0.655700
0.655700
0.671800
0.671800
0.671800
0.671800
0.671800
0.671800
0.671800
0.671800
0.671800
0.671800
0.688000
0.688000
0.688000
0.688000
0.688000
0.688000
0.688000
0.688000
0.688000
0.704200
0.704200
0.704200
0.704200
0.704200
0.704200
0.704200
0.704200
0.704200
0.704200
0.720300
0.720300
0.720300
0.720300
0.720300
0.720300
0.720300
0.736500
0.736500
0.736500
0.736500
0.736500
0.736500
0.736500
0.736500
1.005000
1.005000
1.005000
1.005000
1.005000
1.005000
1.005000
1.005000
1.005000
1.274000
1.274000
1.274000
1.274000
1.274000
1.274000
1.542000
1.542000
1.542000
1.542000
1.542000
1.542000
1.811000
1.811000
1.811000
2.079000
2.079000
2.079000
2.079000
2.079000
2.348000
2.348000
2.348000
2.348000
2.348000
2.348000
2.348000
2.348000
2.348000
2.348000
2.617000
2.617000
2.617000
2.617000
2.617000
2.617000
2.617000
2.617000
2.617000
2.617000
2.617000
2.617000
2.617000
2.885000
2.885000
2.885000
2.885000
2.885000
2.885000
2.885000
2.885000
2.885000
2.885000
2.885000
3.154000
3.154000
3.154000
3.154000
3.154000
3.154000
3.154000
3.154000
3.154000
3.422000
3.422000
3.422000
3.422000
3.422000
3.691000
3.691000
3.691000
3.691000
3.959000
3.959000
3.959000
3.959000
3.959000
3.959000
3.959000
3.959000
3.959000
4.228000
4.228000
4.228000
4.228000
4.228000
4.228000
4.228000
4.228000
4.228000
4.228000
4.497000
4.497000
4.497000
4.497000
4.497000
4.497000
4.497000
4.497000
4.497000
4.765000
4.765000
4.765000
4.765000
4.765000
4.765000
4.765000
4.765000
4.765000
4.765000
4.765000
4.765000
5.034000
5.034000
5.034000
5.034000
5.034000
5.034000
5.034000
5.034000
5.034000
5.034000
5.034000
5.034000
5.034000
5.302000
5.302000
5.302000
5.302000
5.302000
5.302000
5.302000
5.302000
5.302000
5.302000
5.571000
5.571000
5.571000
5.571000
5.571000
5.571000
5.571000
5.571000
5.571000
5.571000
5.571000
5.571000
5.839000
5.839000
5.839000
5.839000
5.839000
5.839000
6.108000
6.108000
6.108000
6.108000
6.108000
6.108000
6.108000
6.108000
6.108000
6.108000
6.108000
6.377000
6.377000
6.377000
6.377000
6.377000
6.377000
6.377000
6.377000
6.645000
6.645000
6.645000
6.645000
6.645000
6.645000
6.645000
6.645000
6.645000
6.645000
6.645000
6.645000
6.645000
6.645000
6.914000
6.914000
6.914000
6.914000
6.914000
6.914000
6.914000
6.914000
6.914000
6.914000
6.914000
6.914000
7.182000
7.182000
7.182000
7.182000
7.182000
7.182000
7.182000
7.182000
7.182000
7.182000
7.182000
7.182000
7.451000
7.451000
7.451000
7.451000
7.451000
7.451000
7.451000
7.451000
7.720000
7.720000
7.720000
7.720000
7.720000
7.988000
7.988000
7.988000
7.988000
7.988000
7.988000
7.988000
7.988000
7.988000
7.988000
8.257000
8.257000
8.257000
8.257000
8.257000
8.257000
8.257000
8.257000
8.257000
8.525000
8.525000
8.525000
8.525000
8.525000
8.525000
8.525000
8.525000
8.794000
8.794000
8.794000
8.794000
8.794000
8.794000
8.794000
8.794000
9.062000
9.062000
9.062000
9.062000
9.062000
9.062000
9.062000
9.062000
9.062000
9.062000
9.062000
9.062000
9.062000
9.062000
9.331000
9.331000
9.331000
9.331000
9.331000
9.331000
9.331000
9.331000
9.331000
9.331000
9.600000
9.600000
9.600000
9.600000
9.600000
9.600000
9.600000
9.600000
9.600000
9.868000
9.868000
9.868000
9.868000
9.868000
9.868000
9.868000
9.868000
9.868000
10.140000
10.140000
10.140000
10.140000
10.140000
10.140000
10.410000
10.410000
10.410000
10.410000
10.410000
10.410000
10.410000
10.410000
10.410000
10.410000
10.410000
10.410000
10.410000
10.670000
10.670000
10.670000
10.670000
10.670000
10.670000
10.670000
10.670000
10.670000
10.940000
10.940000
10.940000
10.940000
10.940000
10.940000
10.940000
10.940000
10.940000
10.940000
11.210000
11.210000
11.210000
11.210000
11.210000
11.210000
11.210000
11.210000
11.210000
11.480000
11.480000
11.480000
11.480000
11.480000
11.480000
11.480000
11.480000
11.480000
11.750000
11.750000
11.750000
11.750000
11.750000
11.750000
11.750000
11.750000
12.020000
12.020000
12.020000
12.020000
12.020000
12.020000
12.020000
12.020000
12.020000
12.020000
12.020000
12.290000
12.290000
12.290000
12.290000
12.290000
12.290000
12.290000
12.290000
12.290000
12.290000
12.290000
12.290000
12.550000
12.550000
12.550000
12.550000
12.550000
12.550000
12.550000
12.550000
12.550000
12.550000
12.820000
12.820000
21.700001
21.700001
21.700001
21.700001
21.700001
21.700001
21.700001
21.700001
30.580000
30.580000
30.580000
30.580000
30.580000
30.580000
30.580000
30.580000
30.580000
39.459999
39.459999
39.459999
39.459999
39.459999
39.459999
39.459999
39.459999
39.459999
39.459999
39.459999
39.459999
48.340000
48.340000
48.340000
48.340000
48.340000
48.340000
48.340000
48.340000
48.340000
48.340000
55.000000
55.000000
55.000000
55.000000
55.000000
55.000000
55.000000
55.000000
55.000000
55.000000
55.000000
55.000000
55.000000
55.000000
55.000000
