0.000000
0.000000
0.000000
0.000000
0.000000
0.000000
0.000000
0.000000
0.000000
0.000000
0.000000
0.000000
0.000000
0.000000
0.000000
0.000000
0.000000
0.000000
0.000000
0.000000
0.000000
0.000000
0.000000
0.000000
0.000000
0.000000
0.000000
0.000000
0.000000
0.000000
0.000000
0.000000
0.000000
0.000000
0.000000
0.000000
0.000000
0.000000
0.000000
0.000000
0.000000
0.000000
0.000000
0.000000
0.000000
0.000000
0.000000
0.000000
0.000000
0.000000
0.000000
0.000000
0.000000
0.000000
0.000000
0.000000
0.000000
0.000000
0.000000
0.000000
0.000000
0.000000
0.000000
0.000000
0.000000
0.010290
0.010290
0.010290
0.010290
0.010290
0.010290
0.010290
0.010290
0.010290
0.010290
0.010290
0.010290
0.010290
0.010290
0.010290
0.010290
0.047430
0.047430
0.047430
0.047430
0.047430
0.047430
0.084580
0.084580
0.084580
0.084580
0.084580
0.121700
0.121700
0.121700
0.121700
0.121700
0.158900
0.158900
0.158900
0.158900
0.158900
0.158900
0.158900
0.196000
0.196000
0.196000
0.196000
0.196000
0.196000
0.196000
0.196000
0.196000
0.196000
0.196000
0.196000
0.196000
0.196000
0.196000
0.233200
0.233200
0.233200
0.233200
0.233200
0.233200
0.233200
0.233200
0.233200
0.233200
0.233200
0.233200
0.233200
0.233200
0.233200
0.270300
0.270300
0.270300
0.270300
0.270300
0.270300
0.270300
0.307400
0.307400
0.307400
0.307400
0.307400
0.307400
0.307400
0.307400
0.344600
0.344600
0.344600
0.344600
0.344600
0.344600
0.344600
0.344600
0.344600
0.344600
0.381700
0.381700
0.381700
0.381700
0.381700
0.381700
0.381700
0.381700
0.381700
0.381700
0.381700
0.381700
0.418900
0.418900
0.418900
0.418900
0.418900
0.418900
0.418900
0.418900
0.418900
0.418900
0.418900
0.418900
0.418900
0.418900
0.418900
0.418900
0.418900
0.418900
0.418900
0.456000
0.456000
0.456000
0.456000
0.456000
0.456000
0.456000
0.493200
0.493200
0.493200
0.493200
0.493200
0.530300
0.530300
0.530300
0.530300
0.530300
0.530300
0.530300
0.530300
0.530300
0.530300
0.530300
0.530300
0.530300
0.530300
0.530300
0.530300
0.530300
0.530300
0.567500
0.567500
0.567500
0.567500
0.567500
0.567500
0.567500
0.567500
0.567500
0.567500
0.567500
0.567500
0.567500
0.567500
0.604600
0.604600
0.604600
0.604600
0.604600
0.604600
0.604600
0.604600
0.641700
0.641700
0.641700
0.641700
0.678900
0.678900
0.678900
0.678900
0.678900
0.678900
0.716000
0.716000
0.716000
0.716000
0.716000
0.716000
0.716000
0.716000
0.716000
0.716000
0.716000
0.753200
0.753200
0.753200
0.753200
0.753200
0.753200
0.753200
0.753200
0.753200
0.753200
0.753200
0.753200
0.753200
0.753200
0.753200
0.753200
0.790300
0.790300
0.790300
0.790300
0.790300
0.790300
0.790300
0.790300
0.790300
0.790300
0.790300
0.790300
0.790300
0.790300
0.827500
0.827500
0.827500
0.827500
0.827500
0.827500
0.827500
0.827500
0.827500
0.827500
0.864600
0.864600
0.864600
0.901800
0.901800
0.901800
0.901800
0.901800
0.901800
0.901800
0.901800
0.938900
0.938900
0.938900
0.938900
0.938900
0.938900
0.976000
0.976000
0.976000
0.976000
0.976000
0.976000
0.976000
1.013000
1.013000
1.013000
1.013000
1.013000
1.013000
1.013000
1.013000
1.013000
1.013000
1.050000
1.050000
1.050000
1.050000
1.050000
1.050000
1.050000
1.050000
1.050000
1.050000
1.050000
1.050000
1.050000
1.087000
1.087000
1.087000
1.087000
1.087000
1.087000
1.087000
1.087000
1.087000
1.125000
1.125000
1.125000
1.162000
1.162000
1.162000
1.162000
1.162000
1.162000
1.162000
1.162000
1.162000
1.162000
1.162000
1.162000
1.162000
1.199000
1.199000
1.199000
1.199000
1.199000
1.199000
1.199000
1.199000
1.236000
1.236000
1.236000
1.236000
1.236000
1.236000
1.236000
1.236000
1.236000
1.236000
1.273000
1.273000
1.273000
1.273000
1.273000
1.273000
1.273000
1.273000
1.273000
1.273000
1.273000
1.273000
1.310000
1.310000
1.310000
1.310000
1.310000
1.347000
1.347000
1.347000
1.347000
1.347000
1.347000
1.347000
1.347000
1.347000
1.347000
1.347000
1.347000
1.347000
1.347000
1.347000
1.385000
1.385000
1.385000
1.385000
1.385000
1.385000
1.385000
1.385000
1.385000
1.385000
1.385000
1.385000
1.385000
1.422000
1.422000
1.422000
1.422000
1.422000
1.459000
1.459000
1.459000
1.459000
1.459000
1.459000
1.459000
1.459000
1.459000
1.496000
1.496000
1.496000
1.496000
1.496000
1.496000
1.496000
1.496000
1.496000
1.496000
1.496000
1.533000
1.533000
1.533000
1.533000
1.533000
1.533000
1.533000
1.533000
1.533000
1.570000
1.570000
1.570000
1.570000
1.570000
1.570000
1.570000
1.570000
1.608000
1.608000
1.608000
1.608000
1.608000
1.608000
1.645000
1.645000
1.645000
1.645000
1.645000
1.645000
1.645000
1.645000
1.645000
1.645000
1.645000
1.645000
1.645000
1.645000
1.682000
1.682000
1.682000
1.682000
1.682000
1.682000
1.682000
1.682000
2.654000
2.654000
2.654000
2.654000
2.654000
2.654000
2.654000
2.654000
3.627000
3.627000
3.627000
3.627000
3.627000
3.627000
3.627000
4.600000
4.600000
4.600000
4.600000
4.600000
4.600000
4.600000
4.600000
4.600000
4.600000
4.600000
5.572000
5.572000
5.572000
5.572000
5.572000
5.572000
5.572000
5.572000
5.572000
6.545000
6.545000
6.545000
6.545000
6.545000
6.545000
6.545000
6.545000
6.545000
6.545000
6.545000
7.518000
7.518000
7.518000
7.518000
7.518000
7.518000
7.518000
7.518000
7.518000
7.518000
8.490000
8.490000
8.490000
8.490000
8.490000
8.490000
8.490000
8.490000
9.463000
9.463000
9.463000
9.463000
9.463000
9.463000
10.440000
10.440000
10.440000
10.440000
10.440000
10.440000
10.440000
10.440000
10.440000
10.440000
11.410000
11.410000
11.410000
11.410000
11.410000
12.380000
12.380000
12.380000
12.380000
12.380000
12.380000
12.380000
13.350000
13.350000
13.350000
13.350000
13.350000
13.350000
13.350000
13.350000
13.350000
14.330000
14.330000
14.330000
14.330000
14.330000
14.330000
14.330000
14.330000
14.330000
14.330000
15.300000
15.300000
15.300000
15.300000
15.300000
15.300000
15.300000
15.300000
15.300000
15.300000
15.300000
15.300000
15.300000
15.300000
15.300000
15.300000
16.270000
16.270000
16.270000
16.270000
16.270000
16.270000
16.270000
16.270000
16.270000
17.240000
17.240000
17.240000
17.240000
17.240000
17.240000
17.240000
17.240000
17.240000
17.240000
17.240000
17.240000
17.240000
18.219999
18.219999
18.219999
18.219999
18.219999
18.219999
18.219999
18.219999
18.219999
18.219999
18.219999
18.219999
19.190001
19.190001
19.190001
19.190001
19.190001
19.190001
19.190001
19.190001
19.190001
20.160000
20.160000
20.160000
20.160000
20.160000
20.160000
20.160000
20.160000
20.160000
20.160000
20.160000
20.160000
20.160000
20.160000
20.160000
20.160000
20.160000
21.129999
21.129999
21.129999
21.129999
21.129999
21.129999
22.110001
22.110001
22.110001
22.110001
22.110001
22.110001
22.110001
22.110001
22.110001
22.110001
22.110001
22.110001
23.080000
23.080000
23.080000
23.080000
23.080000
23.080000
23.080000
23.080000
23.080000
23.080000
23.080000
24.049999
24.049999
24.049999
24.049999
24.049999
24.049999
24.049999
24.049999
24.049999
24.049999
24.049999
24.049999
24.049999
25.020000
25.020000
25.020000
25.020000
25.020000
25.020000
25.020000
25.020000
25.020000
26.000000
26.000000
26.000000
26.000000
26.000000
26.000000
26.000000
26.000000
26.969999
26.969999
26.969999
26.969999
27.940001
27.940001
27.940001
27.940001
27.940001
27.940001
27.940001
27.940001
27.940001
27.940001
27.940001
27.940001
27.940001
27.940001
28.920000
28.920000
28.920000
28.920000
28.920000
28.920000
29.889999
29.889999
29.889999
29.889999
29.889999
29.889999
29.889999
30.860001
30.860001
30.860001
30.860001
30.860001
30.860001
30.860001
30.860001
30.860001
30.860001
30.860001
30.860001
31.830000
31.830000
31.830000
31.830000
31.830000
31.830000
31.830000
31.830000
31.830000
31.830000
32.810001
32.810001
32.810001
32.810001
32.810001
33.779999
33.779999
33.779999
33.779999
33.779999
33.779999
33.779999
34.750000
34.750000
34.750000
34.750000
34.750000
34.750000
34.750000
34.750000
34.750000
34.750000
34.750000
34.750000
34.750000
34.750000
35.720001
35.720001
35.720001
35.720001
35.720001
35.720001
35.720001
35.720001
35.720001
35.720001
35.720001
35.720001
36.700001
36.700001
36.700001
36.700001
36.700001
36.700001
36.700001
36.700001
36.700001
37.669998
37.669998
37.669998
37.669998
38.639999
38.639999
38.639999
38.639999
38.639999
38.639999
38.639999
38.639999
38.639999
39.610001
39.610001
39.610001
39.610001
39.610001
39.610001
39.610001
39.610001
39.610001
39.610001
39.610001
39.610001
39.610001
39.610001
39.610001
39.610001
39.610001
39.610001
39.610001
40.590000
40.590000
40.590000
40.590000
40.590000
40.590000
40.590000
40.590000
40.590000
41.560001
41.560001
41.560001
41.560001
41.560001
41.560001
41.560001
41.560001
41.560001
42.529999
42.529999
42.529999
42.529999
42.529999
42.529999
43.500000
43.500000
43.500000
43.500000
43.500000
43.500000
43.500000
43.500000
43.500000
43.500000
43.500000
44.480000
44.480000
44.480000
44.480000
44.480000
44.480000
44.480000
45.450001
45.450001
45.450001
45.450001
45.450001
45.450001
45.450001
56.720001
56.720001
56.720001
56.720001
56.720001
56.720001
56.720001
56.720001
56.720001
56.720001
68.000000
68.000000
68.000000
68.000000
68.000000
68.000000
68.000000
68.000000
68.000000
68.000000
68.000000
68.000000
68.000000
68.000000
79.269997
79.269997
79.269997
79.269997
79.269997
79.269997
79.269997
79.269997
79.269997
79.269997
79.269997
79.269997
79.269997
90.550003
90.550003
90.550003
90.550003
90.550003
90.550003
90.550003
90.550003
90.550003
90.550003
90.550003
90.550003
90.550003
90.550003
90.550003
90.550003
90.550003
90.550003
90.550003
99.000000
99.000000
99.000000
99.000000
99.000000
99.000000
99.000000
99.000000
99.000000
