0.000000
0.000000
0.000000
0.000000
0.000000
0.000000
0.000000
0.000000
0.000000
0.000000
0.000000
0.000000
0.000000
0.000000
0.000000
0.000000
0.000000
0.000000
0.000000
0.000000
0.000000
0.000000
0.000000
0.000000
0.000000
0.000000
0.000000
0.000000
0.000000
0.000000
0.000000
0.000000
0.000000
0.000000
0.000000
0.000000
0.000000
0.000000
0.000000
0.000000
0.000000
0.000000
0.000000
0.000000
0.000000
0.000000
0.000000
0.000000
0.000000
0.000000
0.000000
0.000000
0.364800
0.364800
0.364800
0.364800
0.364800
0.364800
0.364800
0.364800
0.364800
0.364800
0.364800
0.364800
0.563600
0.563600
0.563600
0.563600
0.563600
0.563600
0.563600
0.563600
0.563600
0.563600
0.563600
0.563600
0.762500
0.762500
0.762500
0.762500
0.762500
0.762500
0.762500
0.961300
0.961300
0.961300
0.961300
0.961300
0.961300
0.961300
0.961300
0.961300
0.961300
0.961300
0.961300
0.961300
1.160000
1.160000
1.160000
1.160000
1.160000
1.160000
1.160000
1.160000
1.160000
1.160000
1.160000
1.160000
1.160000
1.160000
1.160000
1.160000
1.160000
1.359000
1.359000
1.359000
1.359000
1.359000
1.359000
1.558000
1.558000
1.558000
1.558000
1.558000
1.558000
1.558000
1.558000
1.558000
1.558000
1.558000
1.558000
1.558000
1.757000
1.757000
1.757000
1.757000
1.757000
1.956000
1.956000
1.956000
1.956000
1.956000
1.956000
1.956000
1.956000
1.956000
1.956000
1.956000
2.155000
2.155000
2.155000
2.155000
2.155000
2.155000
2.155000
2.155000
2.353000
2.353000
2.353000
2.353000
2.552000
2.552000
2.552000
2.552000
2.552000
2.552000
2.552000
2.751000
2.751000
2.751000
2.751000
2.751000
2.751000
2.751000
2.751000
2.751000
2.751000
2.950000
2.950000
2.950000
2.950000
2.950000
2.950000
2.950000
2.950000
2.950000
2.950000
3.149000
3.149000
3.149000
3.149000
3.149000
3.149000
3.149000
3.149000
3.149000
3.348000
3.348000
3.348000
3.348000
3.348000
3.348000
3.348000
3.348000
3.348000
3.348000
3.348000
3.547000
3.547000
3.547000
3.547000
3.547000
3.547000
3.547000
3.547000
3.547000
3.547000
3.547000
3.547000
3.547000
3.547000
3.745000
3.745000
3.745000
3.745000
3.745000
3.745000
3.745000
3.745000
3.745000
3.745000
3.745000
3.745000
3.745000
3.944000
3.944000
3.944000
3.944000
3.944000
3.944000
3.944000
3.944000
3.944000
3.944000
3.944000
3.944000
4.143000
4.143000
4.143000
4.143000
4.143000
4.143000
4.143000
4.143000
4.143000
4.342000
4.342000
4.342000
4.342000
4.342000
4.342000
4.342000
4.342000
4.342000
4.342000
4.342000
4.541000
4.541000
4.541000
4.541000
4.541000
4.541000
4.541000
4.541000
4.541000
4.541000
4.541000
4.541000
4.740000
4.740000
4.740000
4.740000
4.740000
4.740000
4.740000
4.740000
4.740000
4.740000
4.740000
4.939000
4.939000
4.939000
4.939000
4.939000
4.939000
4.939000
4.939000
4.939000
5.138000
5.138000
5.138000
5.138000
5.138000
5.138000
5.138000
5.138000
5.138000
5.336000
5.336000
5.336000
5.336000
5.336000
5.336000
5.336000
5.336000
5.336000
5.336000
5.336000
5.336000
5.336000
5.535000
5.535000
5.535000
5.535000
5.535000
5.535000
5.535000
5.734000
5.734000
5.734000
5.734000
5.734000
5.734000
5.734000
5.734000
5.734000
5.734000
5.734000
5.734000
5.734000
5.734000
5.734000
5.734000
5.933000
5.933000
5.933000
5.933000
5.933000
5.933000
5.933000
5.933000
5.933000
5.933000
5.933000
5.933000
5.933000
6.132000
6.132000
6.132000
6.132000
6.132000
6.132000
6.132000
6.132000
6.132000
6.132000
6.132000
6.132000
6.132000
6.132000
6.132000
6.331000
6.331000
6.331000
6.331000
6.331000
6.331000
6.331000
6.331000
6.331000
6.331000
6.530000
6.530000
6.530000
6.530000
6.728000
6.728000
6.728000
6.728000
6.728000
6.728000
6.728000
6.728000
6.728000
6.927000
6.927000
6.927000
6.927000
6.927000
6.927000
6.927000
6.927000
7.126000
7.126000
7.126000
7.126000
7.126000
7.126000
7.126000
7.126000
7.325000
7.325000
7.325000
7.325000
7.325000
7.524000
7.524000
7.524000
7.524000
7.524000
7.524000
7.723000
7.723000
7.723000
7.723000
7.723000
7.723000
7.723000
7.723000
7.723000
7.723000
7.723000
7.922000
7.922000
7.922000
7.922000
7.922000
7.922000
7.922000
8.120000
8.120000
8.120000
8.120000
8.120000
8.319000
8.319000
8.319000
8.319000
8.319000
8.319000
8.518000
8.518000
8.518000
8.518000
8.518000
8.518000
8.518000
8.518000
8.717000
8.717000
8.717000
8.717000
8.717000
8.717000
8.717000
8.717000
8.717000
8.717000
8.717000
8.916000
8.916000
8.916000
8.916000
8.916000
8.916000
8.916000
8.916000
9.115000
9.115000
9.115000
9.115000
9.115000
9.115000
9.314000
9.314000
9.314000
9.314000
9.314000
9.314000
9.314000
9.314000
9.314000
9.314000
9.314000
9.314000
9.314000
9.314000
9.314000
9.314000
9.314000
9.314000
9.314000
9.314000
9.314000
9.314000
9.314000
10.520000
10.520000
10.520000
10.520000
10.520000
10.520000
10.520000
11.720000
11.720000
11.720000
11.720000
11.720000
11.720000
12.930000
12.930000
12.930000
12.930000
12.930000
12.930000
12.930000
12.930000
14.130000
14.130000
14.130000
14.130000
14.130000
14.130000
14.130000
14.130000
15.330000
15.330000
15.330000
15.330000
15.330000
15.330000
16.540001
16.540001
16.540001
16.540001
16.540001
16.540001
16.540001
16.540001
17.740000
17.740000
17.740000
17.740000
17.740000
17.740000
17.740000
17.740000
17.740000
17.740000
17.740000
17.740000
17.740000
17.740000
17.740000
17.740000
17.740000
17.740000
18.950001
18.950001
18.950001
18.950001
18.950001
18.950001
18.950001
18.950001
18.950001
18.950001
20.150000
20.150000
20.150000
20.150000
20.150000
20.150000
20.150000
20.150000
20.150000
20.150000
20.150000
20.150000
20.150000
21.360001
21.360001
21.360001
21.360001
21.360001
21.360001
21.360001
21.360001
21.360001
21.360001
21.360001
22.559999
22.559999
22.559999
22.559999
22.559999
22.559999
22.559999
22.559999
22.559999
22.559999
22.559999
22.559999
23.760000
23.760000
23.760000
23.760000
23.760000
23.760000
23.760000
23.760000
23.760000
23.760000
23.760000
23.760000
24.969999
24.969999
24.969999
24.969999
24.969999
24.969999
24.969999
24.969999
24.969999
24.969999
24.969999
26.170000
26.170000
26.170000
26.170000
26.170000
26.170000
26.170000
26.170000
26.170000
26.170000
26.170000
26.170000
26.170000
26.170000
26.170000
26.170000
26.170000
27.379999
27.379999
27.379999
27.379999
27.379999
27.379999
27.379999
27.379999
28.580000
28.580000
28.580000
28.580000
28.580000
28.580000
28.580000
28.580000
29.780001
29.780001
29.780001
29.780001
29.780001
29.780001
29.780001
29.780001
29.780001
30.990000
30.990000
30.990000
30.990000
30.990000
30.990000
30.990000
30.990000
32.189999
32.189999
32.189999
32.189999
32.189999
32.189999
32.189999
32.189999
32.189999
32.189999
32.189999
32.189999
32.189999
32.189999
32.189999
32.189999
32.189999
33.400002
33.400002
33.400002
33.400002
33.400002
33.400002
33.400002
33.400002
33.400002
33.400002
33.400002
34.599998
34.599998
34.599998
34.599998
34.599998
34.599998
34.599998
34.599998
34.599998
34.599998
35.810001
35.810001
35.810001
35.810001
35.810001
35.810001
35.810001
37.009998
37.009998
37.009998
37.009998
37.009998
37.009998
37.009998
37.009998
37.009998
37.009998
37.009998
38.209999
38.209999
38.209999
38.209999
38.209999
38.209999
38.209999
38.209999
38.209999
38.209999
38.209999
39.419998
39.419998
39.419998
39.419998
39.419998
39.419998
39.419998
39.419998
39.419998
39.419998
40.619999
40.619999
40.619999
40.619999
40.619999
40.619999
41.830002
41.830002
41.830002
41.830002
41.830002
41.830002
41.830002
41.830002
41.830002
41.830002
41.830002
41.830002
41.830002
41.830002
41.830002
41.830002
43.029999
43.029999
43.029999
43.029999
43.029999
43.029999
43.029999
43.029999
43.029999
43.029999
43.029999
43.029999
43.029999
44.230000
44.230000
44.230000
44.230000
44.230000
44.230000
44.230000
45.439999
45.439999
45.439999
45.439999
45.439999
45.439999
45.439999
45.439999
45.439999
46.639999
46.639999
46.639999
46.639999
46.639999
46.639999
46.639999
46.639999
46.639999
46.639999
47.849998
47.849998
47.849998
47.849998
47.849998
47.849998
47.849998
47.849998
49.049999
49.049999
49.049999
49.049999
49.049999
49.049999
49.049999
49.049999
49.049999
49.049999
49.049999
49.049999
50.259998
50.259998
50.259998
50.259998
50.259998
50.259998
50.259998
50.259998
50.259998
51.459999
51.459999
51.459999
51.459999
51.459999
52.660000
52.660000
52.660000
52.660000
52.660000
52.660000
52.660000
52.660000
53.869999
53.869999
53.869999
53.869999
53.869999
53.869999
53.869999
53.869999
53.869999
53.869999
53.869999
53.869999
53.869999
53.869999
55.070000
55.070000
55.070000
55.070000
55.070000
55.070000
55.070000
55.070000
55.070000
56.279999
56.279999
56.279999
56.279999
56.279999
56.279999
56.279999
56.279999
56.279999
56.279999
57.480000
57.480000
57.480000
57.480000
57.480000
57.480000
57.480000
57.480000
58.680000
58.680000
58.680000
58.680000
58.680000
58.680000
58.680000
58.680000
58.680000
58.680000
59.889999
59.889999
59.889999
59.889999
59.889999
59.889999
61.090000
61.090000
61.090000
61.090000
61.090000
61.090000
61.090000
61.090000
61.090000
61.090000
61.090000
61.090000
62.299999
62.299999
62.299999
62.299999
62.299999
62.299999
62.299999
62.299999
62.299999
62.299999
62.299999
63.500000
63.500000
63.500000
63.500000
63.500000
63.500000
63.500000
73.290001
73.290001
73.290001
73.290001
73.290001
73.290001
73.290001
73.290001
83.080002
83.080002
83.080002
83.080002
83.080002
83.080002
83.080002
83.080002
83.080002
83.080002
83.080002
83.080002
83.080002
92.870003
92.870003
92.870003
92.870003
92.870003
92.870003
92.870003
92.870003
92.870003
92.870003
92.870003
102.699997
102.699997
102.699997
102.699997
102.699997
102.699997
102.699997
110.000000
110.000000
110.000000
110.000000
110.000000
110.000000
110.000000
110.000000
