0.000000
0.000000
0.000000
0.000000
0.000000
0.000000
0.000000
0.000000
0.000000
0.000000
0.000000
0.000000
0.000000
0.000000
0.000000
0.000000
0.000000
0.000000
0.000000
0.000000
0.000000
0.000000
0.000000
0.000000
0.000000
0.000000
0.000000
0.000000
0.000000
0.000000
0.000000
0.000000
0.000000
0.000000
0.000000
0.000000
0.000000
0.000000
0.000000
0.000000
0.000000
0.000000
0.000000
0.000000
0.000000
0.000000
0.000000
0.000000
0.000000
0.000000
0.000000
0.000000
0.000000
0.000000
0.000000
0.100300
0.100300
0.100300
0.100300
0.100300
0.158900
0.158900
0.158900
0.158900
0.158900
0.158900
0.158900
0.217500
0.217500
0.217500
0.217500
0.217500
0.217500
0.217500
0.217500
0.276100
0.276100
0.276100
0.276100
0.276100
0.276100
0.276100
0.276100
0.334700
0.334700
0.334700
0.334700
0.334700
0.334700
0.334700
0.334700
0.334700
0.334700
0.334700
0.334700
0.334700
0.334700
0.393200
0.393200
0.393200
0.393200
0.393200
0.393200
0.393200
0.393200
0.393200
0.393200
0.393200
0.393200
0.393200
0.393200
0.451800
0.451800
0.451800
0.451800
0.451800
0.451800
0.451800
0.451800
0.510400
0.510400
0.510400
0.510400
0.510400
0.510400
0.510400
0.510400
0.510400
0.569000
0.569000
0.569000
0.569000
0.569000
0.569000
0.569000
0.627600
0.627600
0.627600
0.627600
0.627600
0.627600
0.627600
0.627600
0.627600
0.627600
0.686200
0.686200
0.686200
0.686200
0.686200
0.686200
0.686200
0.686200
0.686200
0.686200
0.744800
0.744800
0.744800
0.744800
0.744800
0.744800
0.744800
0.744800
0.744800
0.744800
0.803400
0.803400
0.803400
0.803400
0.803400
0.803400
0.803400
0.803400
0.862000
0.862000
0.862000
0.862000
0.862000
0.862000
0.862000
0.862000
0.920500
0.920500
0.920500
0.920500
0.920500
0.920500
0.920500
0.920500
0.979100
0.979100
0.979100
0.979100
0.979100
0.979100
0.979100
0.979100
0.979100
0.979100
0.979100
0.979100
0.979100
0.979100
1.038000
1.038000
1.038000
1.038000
1.038000
1.038000
1.038000
1.038000
1.038000
1.038000
1.096000
1.096000
1.096000
1.096000
1.155000
1.155000
1.155000
1.155000
1.155000
1.213000
1.213000
1.213000
1.213000
1.213000
1.272000
1.272000
1.272000
1.272000
1.272000
1.272000
1.272000
1.272000
1.272000
1.272000
1.331000
1.331000
1.331000
1.331000
1.331000
1.331000
1.331000
1.331000
1.331000
1.331000
1.331000
1.331000
1.389000
1.389000
1.389000
1.389000
1.389000
1.389000
1.389000
1.389000
1.389000
1.389000
1.389000
1.389000
1.389000
1.448000
1.448000
1.448000
1.448000
1.448000
1.448000
1.448000
1.448000
1.448000
1.448000
1.448000
1.448000
1.448000
1.448000
1.506000
1.506000
1.506000
1.506000
1.506000
1.506000
1.506000
1.506000
1.506000
1.506000
1.506000
1.506000
1.506000
1.565000
1.565000
1.565000
1.565000
1.565000
1.565000
1.565000
1.565000
1.565000
1.565000
1.565000
1.565000
1.565000
1.624000
1.624000
1.624000
1.624000
1.624000
1.624000
1.624000
1.624000
1.624000
1.624000
1.624000
1.624000
1.624000
1.624000
1.682000
1.682000
1.682000
1.682000
1.682000
1.682000
1.682000
1.682000
1.682000
1.682000
1.682000
1.682000
1.682000
1.682000
1.682000
1.682000
1.741000
1.741000
1.741000
1.741000
1.741000
1.741000
1.741000
1.741000
1.741000
1.741000
1.741000
1.741000
1.741000
1.741000
1.799000
1.799000
1.799000
1.799000
1.799000
1.799000
1.799000
1.799000
1.799000
1.799000
1.858000
1.858000
1.858000
1.858000
1.858000
1.858000
1.917000
1.917000
1.917000
1.917000
1.917000
1.917000
1.975000
1.975000
1.975000
1.975000
1.975000
1.975000
1.975000
1.975000
1.975000
2.034000
2.034000
2.034000
2.034000
2.034000
2.092000
2.092000
2.092000
2.092000
2.092000
2.092000
2.092000
2.092000
2.092000
2.151000
2.151000
2.151000
2.151000
2.151000
2.151000
2.151000
2.209000
2.209000
2.209000
2.209000
2.209000
2.209000
2.209000
2.209000
2.209000
2.209000
2.209000
2.209000
2.268000
2.268000
2.268000
2.327000
2.327000
2.327000
2.385000
2.385000
2.385000
2.385000
2.385000
2.385000
2.385000
2.385000
2.444000
2.444000
2.444000
2.444000
2.444000
2.444000
2.444000
2.444000
2.444000
2.444000
2.444000
2.502000
2.502000
2.502000
2.502000
2.502000
2.502000
2.502000
2.502000
2.502000
2.502000
2.502000
2.561000
2.561000
2.561000
2.561000
2.561000
2.561000
2.561000
2.561000
2.561000
2.561000
2.620000
2.620000
2.620000
2.620000
2.620000
2.620000
2.620000
2.620000
2.620000
2.620000
2.678000
2.678000
2.678000
2.678000
2.678000
2.678000
2.678000
2.737000
2.737000
2.737000
2.737000
2.737000
2.737000
2.737000
2.737000
3.831000
3.831000
3.831000
3.831000
3.831000
3.831000
3.831000
3.831000
3.831000
4.926000
4.926000
4.926000
4.926000
4.926000
4.926000
4.926000
4.926000
4.926000
4.926000
6.021000
6.021000
6.021000
6.021000
6.021000
6.021000
6.021000
6.021000
6.021000
6.021000
6.021000
6.021000
6.021000
7.115000
7.115000
7.115000
7.115000
7.115000
7.115000
7.115000
7.115000
7.115000
7.115000
7.115000
8.210000
8.210000
8.210000
8.210000
8.210000
8.210000
8.210000
8.210000
8.210000
8.210000
8.210000
8.210000
8.210000
9.305000
9.305000
9.305000
9.305000
9.305000
9.305000
9.305000
9.305000
9.305000
10.400000
10.400000
10.400000
10.400000
10.400000
10.400000
10.400000
10.400000
10.400000
10.400000
10.400000
10.400000
10.400000
11.490000
11.490000
11.490000
11.490000
11.490000
11.490000
11.490000
11.490000
11.490000
12.590000
12.590000
12.590000
12.590000
12.590000
12.590000
12.590000
12.590000
12.590000
12.590000
12.590000
13.680000
13.680000
13.680000
13.680000
13.680000
13.680000
13.680000
13.680000
13.680000
13.680000
13.680000
14.780000
14.780000
14.780000
14.780000
14.780000
14.780000
14.780000
14.780000
14.780000
14.780000
15.870000
15.870000
15.870000
15.870000
15.870000
15.870000
15.870000
15.870000
15.870000
15.870000
15.870000
15.870000
15.870000
15.870000
16.969999
16.969999
16.969999
16.969999
16.969999
16.969999
16.969999
16.969999
16.969999
16.969999
16.969999
16.969999
16.969999
18.059999
18.059999
18.059999
18.059999
18.059999
18.059999
18.059999
19.160000
19.160000
19.160000
19.160000
19.160000
19.160000
19.160000
19.160000
20.250000
20.250000
20.250000
20.250000
20.250000
20.250000
20.250000
20.250000
20.250000
21.350000
21.350000
21.350000
21.350000
21.350000
21.350000
21.350000
21.350000
21.350000
21.350000
21.350000
22.440001
22.440001
22.440001
22.440001
22.440001
22.440001
22.440001
22.440001
22.440001
22.440001
22.440001
22.440001
22.440001
23.540001
23.540001
23.540001
23.540001
23.540001
23.540001
23.540001
23.540001
23.540001
23.540001
23.540001
23.540001
23.540001
23.540001
23.540001
23.540001
24.629999
24.629999
24.629999
24.629999
24.629999
24.629999
24.629999
24.629999
24.629999
24.629999
25.719999
25.719999
25.719999
25.719999
25.719999
25.719999
25.719999
25.719999
26.820000
26.820000
26.820000
26.820000
26.820000
27.910000
27.910000
27.910000
27.910000
27.910000
27.910000
27.910000
27.910000
27.910000
27.910000
29.010000
29.010000
29.010000
29.010000
29.010000
29.010000
29.010000
29.010000
29.010000
30.100000
30.100000
30.100000
30.100000
30.100000
30.100000
30.100000
30.100000
30.100000
30.100000
30.100000
30.100000
30.100000
31.200001
31.200001
31.200001
31.200001
31.200001
31.200001
31.200001
31.200001
31.200001
31.200001
31.200001
31.200001
32.290001
32.290001
32.290001
32.290001
32.290001
32.290001
32.290001
32.290001
33.389999
33.389999
33.389999
33.389999
33.389999
33.389999
33.389999
33.389999
34.480000
34.480000
34.480000
34.480000
34.480000
34.480000
34.480000
35.580002
35.580002
35.580002
35.580002
35.580002
35.580002
35.580002
35.580002
36.669998
36.669998
36.669998
36.669998
36.669998
36.669998
36.669998
36.669998
37.770000
37.770000
37.770000
37.770000
37.770000
38.860001
38.860001
38.860001
38.860001
38.860001
38.860001
38.860001
38.860001
38.860001
38.860001
38.860001
39.959999
39.959999
39.959999
39.959999
39.959999
39.959999
39.959999
39.959999
39.959999
39.959999
39.959999
41.049999
41.049999
41.049999
41.049999
41.049999
41.049999
41.049999
41.049999
41.049999
41.049999
41.049999
41.049999
42.139999
42.139999
42.139999
42.139999
42.139999
42.139999
42.139999
42.139999
42.139999
42.139999
42.139999
43.240002
43.240002
43.240002
43.240002
43.240002
43.240002
43.240002
43.240002
43.240002
43.240002
43.240002
43.240002
43.240002
43.240002
44.330002
44.330002
44.330002
44.330002
44.330002
44.330002
44.330002
44.330002
44.330002
44.330002
44.330002
44.330002
45.430000
45.430000
45.430000
45.430000
45.430000
45.430000
46.520000
46.520000
46.520000
46.520000
46.520000
46.520000
46.520000
46.520000
46.520000
46.520000
46.520000
46.520000
47.619999
47.619999
47.619999
47.619999
47.619999
47.619999
47.619999
47.619999
47.619999
47.619999
47.619999
47.619999
48.709999
48.709999
48.709999
48.709999
48.709999
48.709999
48.709999
48.709999
48.709999
49.810001
49.810001
49.810001
49.810001
49.810001
49.810001
49.810001
50.900002
50.900002
50.900002
50.900002
50.900002
50.900002
50.900002
50.900002
50.900002
50.900002
50.900002
50.900002
50.900002
52.000000
52.000000
52.000000
52.000000
52.000000
52.000000
52.000000
61.790001
61.790001
61.790001
61.790001
61.790001
61.790001
61.790001
61.790001
61.790001
61.790001
61.790001
61.790001
61.790001
61.790001
61.790001
61.790001
61.790001
61.790001
71.580002
71.580002
71.580002
71.580002
71.580002
71.580002
71.580002
71.580002
71.580002
71.580002
71.580002
71.580002
81.370003
81.370003
81.370003
81.370003
81.370003
81.370003
81.370003
81.370003
91.160004
91.160004
91.160004
91.160004
91.160004
98.500000
98.500000
98.500000
98.500000
98.500000
98.500000
98.500000
98.500000
98.500000
98.500000
98.500000
98.500000
98.500000
98.500000
98.500000
98.500000
98.500000
98.500000
