0.000000
0.000000
0.000000
0.000000
0.000000
0.000000
0.000000
0.000000
0.000000
0.000000
0.000000
0.000000
0.000000
0.000000
0.000000
0.000000
0.000000
0.000000
0.000000
0.000000
0.000000
0.000000
0.000000
0.000000
0.000000
0.000000
0.000000
0.000000
0.000000
0.000000
0.000000
0.000000
0.000000
0.000000
0.000000
0.000000
0.000000
0.000000
0.000000
0.000000
0.000000
0.000000
0.000000
0.000000
0.000000
0.000000
0.000000
0.000000
0.000000
0.000000
0.000000
0.000000
0.000000
0.000000
0.000000
0.000000
0.000000
0.000000
0.086030
0.086030
0.086030
0.086030
0.086030
0.086030
0.086030
0.086030
0.086030
0.086030
0.086030
0.086030
0.156700
0.156700
0.156700
0.156700
0.156700
0.156700
0.227500
0.227500
0.227500
0.227500
0.227500
0.227500
0.227500
0.227500
0.227500
0.227500
0.227500
0.227500
0.227500
0.227500
0.227500
0.227500
0.298200
0.298200
0.298200
0.298200
0.298200
0.298200
0.298200
0.298200
0.298200
0.298200
0.298200
0.368900
0.368900
0.368900
0.368900
0.368900
0.368900
0.368900
0.439600
0.439600
0.439600
0.439600
0.439600
0.439600
0.439600
0.510300
0.510300
0.510300
0.510300
0.510300
0.510300
0.510300
0.510300
0.510300
0.510300
0.510300
0.510300
0.510300
0.510300
0.581100
0.581100
0.581100
0.581100
0.581100
0.581100
0.581100
0.581100
0.581100
0.581100
0.581100
0.581100
0.581100
0.581100
0.651800
0.651800
0.651800
0.651800
0.651800
0.651800
0.651800
0.722500
0.722500
0.722500
0.722500
0.722500
0.722500
0.722500
0.722500
0.722500
0.722500
0.722500
0.793200
0.793200
0.793200
0.793200
0.793200
0.793200
0.793200
0.793200
0.793200
0.793200
0.793200
0.793200
0.793200
0.793200
0.793200
0.863900
0.863900
0.863900
0.863900
0.863900
0.934600
0.934600
0.934600
0.934600
0.934600
0.934600
0.934600
1.005000
1.005000
1.005000
1.005000
1.005000
1.005000
1.005000
1.005000
1.005000
1.005000
1.005000
1.005000
1.005000
1.005000
1.005000
1.005000
1.076000
1.076000
1.076000
1.076000
1.076000
1.076000
1.076000
1.076000
1.076000
1.147000
1.147000
1.147000
1.147000
1.147000
1.147000
1.147000
1.147000
1.147000
1.147000
1.147000
1.218000
1.218000
1.218000
1.218000
1.218000
1.218000
1.218000
1.218000
1.218000
1.218000
1.288000
1.288000
1.288000
1.288000
1.288000
1.288000
1.288000
1.288000
1.288000
1.288000
1.288000
1.359000
1.359000
1.359000
1.359000
1.359000
1.359000
1.359000
1.359000
1.359000
1.359000
1.359000
1.359000
1.359000
1.359000
1.359000
1.430000
1.430000
1.430000
1.430000
1.430000
1.430000
1.430000
1.430000
1.430000
1.430000
1.430000
1.430000
1.430000
1.430000
1.500000
1.500000
1.500000
1.571000
1.571000
1.571000
1.571000
1.571000
1.571000
1.571000
1.571000
1.642000
1.642000
1.642000
1.642000
1.642000
1.642000
1.642000
1.642000
1.642000
1.642000
1.642000
1.713000
1.713000
1.713000
1.713000
1.713000
1.713000
1.713000
1.713000
1.713000
1.713000
1.713000
1.713000
1.783000
1.783000
1.783000
1.783000
1.783000
1.783000
1.783000
1.783000
1.783000
1.783000
1.854000
1.854000
1.854000
1.854000
1.854000
1.854000
1.854000
1.854000
1.854000
1.854000
1.925000
1.925000
1.925000
1.925000
1.925000
1.925000
1.925000
1.925000
1.925000
1.925000
1.925000
1.925000
1.925000
1.925000
1.995000
1.995000
1.995000
1.995000
1.995000
1.995000
1.995000
1.995000
1.995000
1.995000
1.995000
1.995000
2.066000
2.066000
2.066000
2.066000
2.066000
2.066000
2.066000
2.066000
2.066000
2.066000
2.066000
2.066000
2.066000
2.066000
2.137000
2.137000
2.137000
2.137000
2.137000
2.137000
2.137000
2.137000
2.137000
2.137000
2.137000
2.208000
2.208000
2.208000
2.208000
2.208000
2.208000
2.208000
2.208000
2.208000
2.208000
2.278000
2.278000
2.278000
2.278000
2.278000
2.278000
2.278000
2.278000
2.278000
2.278000
2.349000
2.349000
2.349000
2.349000
2.349000
2.349000
2.349000
2.349000
2.349000
2.349000
2.349000
2.349000
2.420000
2.420000
2.420000
2.420000
2.420000
2.420000
2.420000
2.420000
2.420000
2.490000
2.490000
2.490000
2.490000
2.490000
2.490000
2.490000
2.561000
2.561000
2.561000
2.561000
2.561000
2.561000
2.561000
2.561000
2.561000
2.561000
2.561000
2.632000
2.632000
2.632000
2.632000
2.632000
2.632000
2.632000
2.632000
2.703000
2.703000
2.703000
2.703000
2.703000
2.703000
2.703000
2.703000
2.703000
2.773000
2.773000
2.773000
2.773000
2.773000
2.773000
2.773000
2.773000
2.773000
2.773000
2.773000
2.773000
2.773000
2.773000
2.773000
2.773000
2.773000
2.844000
2.844000
2.844000
2.844000
2.844000
2.844000
2.844000
2.915000
2.915000
2.915000
2.915000
2.915000
2.915000
2.915000
2.915000
2.915000
2.985000
2.985000
2.985000
2.985000
2.985000
2.985000
3.056000
3.056000
3.056000
3.056000
3.056000
3.056000
3.056000
3.056000
3.056000
3.056000
3.056000
3.056000
3.056000
3.056000
3.056000
3.056000
3.056000
3.127000
3.127000
3.127000
3.127000
3.127000
3.127000
3.127000
3.127000
3.127000
3.198000
3.198000
3.198000
3.198000
3.198000
3.198000
3.198000
3.198000
3.198000
3.198000
3.198000
3.198000
3.268000
3.268000
3.268000
3.268000
3.268000
3.268000
3.268000
3.268000
3.268000
3.268000
3.268000
3.268000
3.268000
4.307000
4.307000
4.307000
4.307000
4.307000
4.307000
4.307000
4.307000
4.307000
4.307000
4.307000
5.346000
5.346000
5.346000
5.346000
5.346000
5.346000
5.346000
5.346000
6.385000
6.385000
6.385000
6.385000
6.385000
6.385000
6.385000
6.385000
6.385000
7.424000
7.424000
7.424000
7.424000
7.424000
7.424000
7.424000
8.462000
8.462000
8.462000
8.462000
8.462000
8.462000
8.462000
8.462000
8.462000
8.462000
8.462000
8.462000
9.501000
9.501000
9.501000
9.501000
9.501000
9.501000
9.501000
9.501000
10.540000
10.540000
10.540000
10.540000
10.540000
10.540000
10.540000
10.540000
10.540000
11.580000
11.580000
11.580000
11.580000
11.580000
12.620000
12.620000
12.620000
12.620000
12.620000
12.620000
12.620000
12.620000
12.620000
12.620000
13.660000
13.660000
13.660000
13.660000
13.660000
13.660000
13.660000
13.660000
13.660000
13.660000
13.660000
13.660000
13.660000
13.660000
14.700000
14.700000
14.700000
14.700000
14.700000
15.730000
15.730000
16.770000
16.770000
16.770000
16.770000
16.770000
16.770000
16.770000
16.770000
16.770000
16.770000
16.770000
16.770000
17.809999
17.809999
17.809999
17.809999
17.809999
17.809999
17.809999
17.809999
17.809999
17.809999
17.809999
17.809999
18.850000
18.850000
18.850000
18.850000
18.850000
18.850000
18.850000
18.850000
19.889999
19.889999
19.889999
19.889999
19.889999
19.889999
19.889999
19.889999
19.889999
19.889999
20.930000
20.930000
20.930000
20.930000
20.930000
20.930000
20.930000
20.930000
20.930000
20.930000
20.930000
20.930000
20.930000
21.969999
21.969999
21.969999
21.969999
21.969999
21.969999
23.010000
23.010000
23.010000
23.010000
23.010000
23.010000
23.010000
23.010000
24.049999
24.049999
24.049999
24.049999
24.049999
24.049999
25.080000
25.080000
25.080000
25.080000
25.080000
25.080000
25.080000
25.080000
25.080000
25.080000
25.080000
25.080000
25.080000
25.080000
26.120001
26.120001
26.120001
26.120001
26.120001
27.160000
27.160000
27.160000
27.160000
27.160000
27.160000
27.160000
27.160000
27.160000
27.160000
28.200001
28.200001
28.200001
28.200001
28.200001
28.200001
28.200001
29.240000
29.240000
29.240000
29.240000
29.240000
29.240000
29.240000
30.280001
30.280001
30.280001
30.280001
30.280001
30.280001
30.280001
31.320000
31.320000
31.320000
31.320000
31.320000
31.320000
31.320000
31.320000
31.320000
31.320000
31.320000
31.320000
32.360001
32.360001
32.360001
32.360001
32.360001
32.360001
32.360001
32.360001
32.360001
32.360001
32.360001
33.389999
33.389999
33.389999
33.389999
33.389999
34.430000
34.430000
34.430000
34.430000
34.430000
34.430000
34.430000
34.430000
34.430000
34.430000
34.430000
34.430000
34.430000
34.430000
35.470001
35.470001
35.470001
35.470001
35.470001
35.470001
35.470001
35.470001
35.470001
35.470001
35.470001
36.509998
36.509998
36.509998
36.509998
36.509998
36.509998
36.509998
36.509998
37.549999
37.549999
37.549999
37.549999
37.549999
38.590000
38.590000
38.590000
38.590000
38.590000
38.590000
38.590000
38.590000
38.590000
38.590000
38.590000
38.590000
39.630001
39.630001
39.630001
39.630001
39.630001
39.630001
39.630001
39.630001
39.630001
39.630001
39.630001
40.669998
40.669998
40.669998
40.669998
40.669998
40.669998
40.669998
40.669998
40.669998
40.669998
40.669998
41.709999
41.709999
41.709999
41.709999
41.709999
41.709999
41.709999
41.709999
41.709999
41.709999
41.709999
41.709999
41.709999
41.709999
42.740002
42.740002
42.740002
42.740002
42.740002
42.740002
42.740002
42.740002
43.779999
43.779999
43.779999
43.779999
43.779999
44.820000
44.820000
44.820000
44.820000
44.820000
44.820000
44.820000
44.820000
44.820000
44.820000
44.820000
44.820000
44.820000
45.860001
45.860001
45.860001
45.860001
45.860001
45.860001
45.860001
45.860001
45.860001
45.860001
45.860001
45.860001
45.860001
46.900002
46.900002
46.900002
46.900002
46.900002
46.900002
47.939999
47.939999
47.939999
47.939999
47.939999
47.939999
47.939999
47.939999
47.939999
48.980000
48.980000
48.980000
48.980000
48.980000
48.980000
48.980000
48.980000
50.020000
50.020000
50.020000
50.020000
50.020000
50.020000
50.020000
50.020000
50.020000
50.020000
58.639999
58.639999
58.639999
58.639999
58.639999
58.639999
58.639999
58.639999
67.269997
67.269997
67.269997
67.269997
67.269997
67.269997
67.269997
75.900002
75.900002
75.900002
75.900002
75.900002
75.900002
75.900002
75.900002
75.900002
84.529999
84.529999
84.529999
84.529999
84.529999
84.529999
84.529999
91.000000
91.000000
91.000000
91.000000
91.000000
91.000000
91.000000
91.000000
91.000000
91.000000
91.000000
