0.000000
0.000000
0.000000
0.000000
0.000000
0.000000
0.000000
0.000000
0.000000
0.000000
0.000000
0.000000
0.000000
0.000000
0.000000
0.000000
0.000000
0.000000
0.000000
0.000000
0.000000
0.000000
0.000000
0.000000
0.000000
0.000000
0.000000
0.000000
0.000000
0.000000
0.000000
0.000000
0.000000
0.000000
0.000000
0.000000
0.000000
0.000000
0.000000
0.000000
0.000000
0.000000
0.000000
0.000000
0.000000
0.458000
0.458000
0.458000
0.458000
0.458000
0.458000
0.458000
0.458000
0.458000
0.458000
0.458000
0.458000
0.458000
0.458000
0.588400
0.588400
0.588400
0.588400
0.588400
0.588400
0.588400
0.718700
0.718700
0.718700
0.718700
0.718700
0.718700
0.718700
0.718700
0.718700
0.718700
0.718700
0.718700
0.849100
0.849100
0.849100
0.849100
0.849100
0.849100
0.849100
0.849100
0.849100
0.849100
0.979400
0.979400
0.979400
0.979400
0.979400
0.979400
0.979400
0.979400
1.110000
1.110000
1.110000
1.110000
1.110000
1.110000
1.110000
1.240000
1.240000
1.240000
1.240000
1.240000
1.240000
1.240000
1.240000
1.240000
1.240000
1.240000
1.370000
1.370000
1.370000
1.370000
1.370000
1.370000
1.370000
1.370000
1.370000
1.370000
1.370000
1.370000
1.370000
1.370000
1.370000
1.370000
1.370000
1.370000
1.370000
1.501000
1.501000
1.501000
1.501000
1.501000
1.501000
1.501000
1.501000
1.501000
1.501000
1.631000
1.631000
1.631000
1.631000
1.631000
1.631000
1.631000
1.631000
1.631000
1.631000
1.762000
1.762000
1.762000
1.762000
1.762000
1.762000
1.762000
1.762000
1.762000
1.762000
1.762000
1.762000
1.892000
1.892000
1.892000
1.892000
1.892000
1.892000
1.892000
1.892000
1.892000
1.892000
2.022000
2.022000
2.022000
2.022000
2.022000
2.022000
2.022000
2.022000
2.022000
2.022000
2.022000
2.022000
2.153000
2.153000
2.153000
2.153000
2.153000
2.153000
2.153000
2.283000
2.283000
2.283000
2.283000
2.283000
2.283000
2.283000
2.283000
2.283000
2.413000
2.413000
2.413000
2.413000
2.413000
2.413000
2.413000
2.413000
2.413000
2.413000
2.413000
2.413000
2.544000
2.544000
2.544000
2.544000
2.544000
2.544000
2.544000
2.674000
2.674000
2.674000
2.674000
2.674000
2.674000
2.674000
2.674000
2.674000
2.674000
2.674000
2.674000
2.674000
2.674000
2.804000
2.804000
2.804000
2.804000
2.804000
2.804000
2.804000
2.804000
2.935000
2.935000
2.935000
2.935000
2.935000
2.935000
2.935000
2.935000
2.935000
2.935000
3.065000
3.065000
3.065000
3.065000
3.065000
3.065000
3.065000
3.065000
3.065000
3.195000
3.195000
3.195000
3.195000
3.195000
3.195000
3.195000
3.195000
3.195000
3.195000
3.195000
3.195000
3.326000
3.326000
3.326000
3.326000
3.326000
3.326000
3.326000
3.326000
3.326000
3.326000
3.326000
3.326000
3.326000
3.326000
3.456000
3.456000
3.456000
3.456000
3.456000
3.456000
3.456000
3.456000
3.456000
3.586000
3.586000
3.586000
3.586000
3.586000
3.586000
3.586000
3.586000
3.586000
3.586000
3.717000
3.717000
3.717000
3.847000
3.847000
3.847000
3.847000
3.847000
3.847000
3.847000
3.978000
3.978000
3.978000
3.978000
3.978000
3.978000
3.978000
4.108000
4.108000
4.108000
4.108000
4.108000
4.108000
4.108000
4.108000
4.108000
4.108000
4.108000
4.238000
4.238000
4.238000
4.238000
4.238000
4.238000
4.238000
4.238000
4.238000
4.238000
4.369000
4.369000
4.369000
4.369000
4.369000
4.499000
4.499000
4.499000
4.499000
4.499000
4.499000
4.499000
4.499000
4.629000
4.629000
4.629000
4.629000
4.629000
4.629000
4.629000
4.760000
4.760000
4.760000
4.760000
4.760000
4.760000
4.760000
4.760000
4.760000
4.890000
4.890000
4.890000
4.890000
4.890000
4.890000
4.890000
5.020000
5.020000
5.020000
5.020000
5.020000
5.020000
5.151000
5.151000
5.151000
5.151000
5.151000
5.151000
5.151000
5.151000
5.151000
5.151000
5.151000
5.151000
5.281000
5.281000
5.281000
5.281000
5.281000
5.281000
5.281000
5.281000
5.281000
5.281000
5.281000
5.411000
5.411000
5.411000
5.411000
5.411000
5.542000
5.542000
5.542000
5.542000
5.542000
5.542000
5.542000
5.542000
5.542000
5.542000
5.542000
5.542000
5.672000
5.672000
5.672000
5.672000
5.672000
5.672000
5.672000
5.802000
5.802000
5.802000
5.802000
5.802000
5.933000
5.933000
5.933000
5.933000
5.933000
5.933000
5.933000
5.933000
5.933000
5.933000
5.933000
5.933000
5.933000
6.063000
6.063000
6.063000
6.063000
6.063000
6.063000
6.063000
6.063000
6.063000
6.063000
6.063000
6.194000
6.194000
6.194000
6.194000
6.194000
6.194000
6.194000
6.194000
6.194000
6.194000
6.324000
6.324000
6.324000
6.324000
6.324000
6.324000
6.324000
6.324000
6.324000
6.324000
6.850000
6.850000
6.850000
6.850000
6.850000
6.850000
6.850000
6.850000
6.850000
6.850000
6.850000
7.377000
7.377000
7.377000
7.377000
7.377000
7.377000
7.377000
7.377000
7.377000
7.377000
7.377000
7.377000
7.903000
7.903000
7.903000
7.903000
7.903000
7.903000
7.903000
7.903000
7.903000
7.903000
7.903000
7.903000
7.903000
8.430000
8.430000
8.430000
8.430000
8.430000
8.430000
8.430000
8.430000
8.430000
8.430000
8.956000
8.956000
8.956000
8.956000
8.956000
8.956000
8.956000
8.956000
8.956000
8.956000
9.482000
9.482000
9.482000
9.482000
9.482000
9.482000
9.482000
9.482000
9.482000
9.482000
10.010000
10.010000
10.010000
10.010000
10.010000
10.010000
10.010000
10.010000
10.010000
10.540000
10.540000
10.540000
10.540000
10.540000
10.540000
10.540000
10.540000
10.540000
10.540000
10.540000
11.060000
11.060000
11.060000
11.060000
11.060000
11.060000
11.060000
11.060000
11.060000
11.060000
11.060000
11.060000
11.590000
11.590000
11.590000
11.590000
11.590000
11.590000
11.590000
11.590000
11.590000
11.590000
12.110000
12.110000
12.110000
12.110000
12.110000
12.110000
12.110000
12.110000
12.110000
12.110000
12.110000
12.110000
12.640000
12.640000
12.640000
12.640000
12.640000
12.640000
12.640000
12.640000
12.640000
12.640000
12.640000
12.640000
12.640000
13.170000
13.170000
13.170000
13.170000
13.170000
13.690000
13.690000
13.690000
13.690000
13.690000
13.690000
13.690000
13.690000
13.690000
13.690000
13.690000
14.220000
14.220000
14.220000
14.220000
14.750000
14.750000
14.750000
14.750000
14.750000
14.750000
14.750000
14.750000
14.750000
14.750000
15.270000
15.270000
15.270000
15.270000
15.270000
15.270000
15.270000
15.270000
15.270000
15.270000
15.800000
15.800000
15.800000
15.800000
15.800000
15.800000
15.800000
15.800000
15.800000
15.800000
15.800000
15.800000
15.800000
15.800000
16.330000
16.330000
16.330000
16.330000
16.330000
16.330000
16.330000
16.330000
16.330000
16.330000
16.330000
16.850000
16.850000
16.850000
16.850000
16.850000
16.850000
16.850000
17.379999
17.379999
17.379999
17.379999
17.379999
17.379999
17.379999
17.379999
17.379999
17.379999
17.379999
17.379999
17.379999
17.379999
17.379999
17.379999
17.910000
17.910000
17.910000
17.910000
17.910000
17.910000
17.910000
17.910000
17.910000
17.910000
17.910000
18.430000
18.430000
18.430000
18.430000
18.430000
18.430000
18.430000
18.430000
18.430000
18.430000
18.430000
18.430000
18.430000
18.430000
18.959999
18.959999
18.959999
18.959999
18.959999
18.959999
18.959999
18.959999
18.959999
18.959999
19.480000
19.480000
19.480000
19.480000
19.480000
19.480000
19.480000
19.480000
19.480000
19.480000
19.480000
19.480000
19.480000
20.010000
20.010000
20.010000
20.010000
20.540001
20.540001
20.540001
20.540001
20.540001
20.540001
20.540001
21.059999
21.059999
21.059999
21.059999
21.059999
21.059999
21.059999
21.590000
21.590000
21.590000
21.590000
21.590000
21.590000
21.590000
21.590000
21.590000
21.590000
21.590000
21.590000
21.590000
21.590000
22.120001
22.120001
22.120001
22.120001
22.120001
22.120001
22.120001
22.120001
22.120001
22.120001
22.639999
22.639999
22.639999
22.639999
22.639999
22.639999
22.639999
22.639999
22.639999
22.639999
22.639999
22.639999
22.639999
22.639999
23.170000
23.170000
23.170000
23.170000
23.170000
23.170000
23.170000
23.170000
23.700001
23.700001
23.700001
23.700001
23.700001
23.700001
23.700001
23.700001
24.219999
24.219999
24.219999
24.219999
24.219999
24.219999
24.219999
24.219999
24.219999
24.219999
24.219999
24.219999
24.750000
24.750000
24.750000
24.750000
24.750000
24.750000
24.750000
24.750000
24.750000
24.750000
24.750000
24.750000
24.750000
25.270000
25.270000
25.270000
25.270000
25.270000
25.799999
25.799999
25.799999
25.799999
25.799999
25.799999
25.799999
25.799999
25.799999
26.330000
26.330000
26.330000
26.330000
26.330000
26.330000
26.330000
26.330000
26.850000
26.850000
26.850000
26.850000
26.850000
26.850000
26.850000
26.850000
26.850000
26.850000
26.850000
26.850000
26.850000
27.379999
27.379999
27.379999
27.379999
27.379999
27.379999
27.379999
27.379999
27.910000
27.910000
27.910000
27.910000
27.910000
27.910000
28.430000
28.430000
28.430000
28.430000
28.430000
28.430000
28.430000
28.430000
28.430000
28.430000
28.430000
28.430000
28.430000
28.430000
28.959999
28.959999
28.959999
28.959999
28.959999
28.959999
28.959999
28.959999
28.959999
28.959999
28.959999
29.490000
29.490000
29.490000
29.490000
29.490000
29.490000
29.490000
29.490000
29.490000
29.490000
29.490000
29.490000
29.490000
29.490000
29.490000
30.010000
30.010000
30.010000
30.010000
30.010000
30.010000
30.010000
30.010000
30.010000
30.010000
33.389999
33.389999
33.389999
33.389999
33.389999
33.389999
33.389999
33.389999
33.389999
33.389999
33.389999
36.770000
36.770000
36.770000
36.770000
36.770000
36.770000
36.770000
40.150002
40.150002
40.150002
40.150002
40.150002
40.150002
43.529999
43.529999
43.529999
43.529999
43.529999
43.529999
43.529999
43.529999
43.529999
43.529999
43.529999
43.529999
43.529999
46.060001
46.060001
46.060001
46.060001
46.060001
46.060001
46.060001
46.060001
46.060001
46.060001
46.060001
46.060001
46.060001
46.060001
