0.000000
0.000000
0.000000
0.000000
0.000000
0.000000
0.000000
0.000000
0.000000
0.000000
0.000000
0.000000
0.000000
0.000000
0.000000
0.000000
0.000000
0.000000
0.000000
0.000000
0.000000
0.000000
0.000000
0.000000
0.000000
0.000000
0.000000
0.000000
0.000000
0.000000
0.000000
0.000000
0.000000
0.000000
0.000000
0.000000
0.000000
0.000000
0.000000
0.000000
0.000000
0.000000
0.000000
0.000000
0.000000
0.000000
0.000000
0.000000
0.000000
0.000000
0.000000
0.352200
0.352200
0.352200
0.352200
0.352200
0.438700
0.438700
0.438700
0.438700
0.438700
0.438700
0.438700
0.438700
0.438700
0.438700
0.438700
0.438700
0.438700
0.525200
0.525200
0.525200
0.525200
0.525200
0.525200
0.525200
0.525200
0.525200
0.525200
0.611600
0.611600
0.611600
0.611600
0.611600
0.611600
0.611600
0.611600
0.611600
0.611600
0.698100
0.698100
0.698100
0.698100
0.698100
0.698100
0.698100
0.698100
0.698100
0.698100
0.698100
0.784600
0.784600
0.784600
0.784600
0.784600
0.784600
0.784600
0.784600
0.784600
0.871100
0.871100
0.871100
0.871100
0.871100
0.871100
0.871100
0.871100
0.871100
0.871100
0.871100
0.871100
0.871100
0.871100
0.957500
0.957500
0.957500
0.957500
0.957500
0.957500
0.957500
0.957500
1.044000
1.044000
1.044000
1.044000
1.044000
1.044000
1.044000
1.044000
1.130000
1.130000
1.130000
1.130000
1.130000
1.130000
1.130000
1.217000
1.217000
1.217000
1.217000
1.217000
1.217000
1.217000
1.217000
1.217000
1.217000
1.217000
1.303000
1.303000
1.303000
1.303000
1.303000
1.303000
1.303000
1.303000
1.303000
1.303000
1.390000
1.390000
1.390000
1.390000
1.390000
1.390000
1.390000
1.390000
1.390000
1.390000
1.390000
1.390000
1.390000
1.390000
1.390000
1.390000
1.390000
1.390000
1.476000
1.476000
1.476000
1.476000
1.476000
1.476000
1.476000
1.476000
1.476000
1.476000
1.563000
1.563000
1.563000
1.563000
1.563000
1.563000
1.563000
1.563000
1.563000
1.563000
1.563000
1.563000
1.563000
1.563000
1.563000
1.563000
1.649000
1.649000
1.649000
1.649000
1.649000
1.649000
1.649000
1.649000
1.649000
1.649000
1.649000
1.649000
1.736000
1.736000
1.736000
1.736000
1.736000
1.736000
1.736000
1.736000
1.736000
1.736000
1.736000
1.736000
1.822000
1.822000
1.822000
1.822000
1.822000
1.822000
1.822000
1.822000
1.822000
1.822000
1.822000
1.822000
1.909000
1.909000
1.909000
1.909000
1.909000
1.909000
1.909000
1.909000
1.909000
1.909000
1.909000
1.909000
1.909000
1.909000
1.995000
1.995000
1.995000
1.995000
1.995000
1.995000
1.995000
1.995000
1.995000
2.082000
2.082000
2.082000
2.082000
2.082000
2.082000
2.082000
2.082000
2.082000
2.082000
2.082000
2.168000
2.168000
2.168000
2.168000
2.168000
2.168000
2.168000
2.168000
2.168000
2.255000
2.255000
2.255000
2.255000
2.255000
2.341000
2.341000
2.341000
2.341000
2.341000
2.341000
2.341000
2.341000
2.341000
2.341000
2.341000
2.341000
2.341000
2.341000
2.428000
2.428000
2.428000
2.428000
2.428000
2.428000
2.428000
2.514000
2.514000
2.514000
2.514000
2.514000
2.514000
2.514000
2.514000
2.514000
2.514000
2.514000
2.514000
2.601000
2.601000
2.601000
2.601000
2.601000
2.601000
2.601000
2.601000
2.601000
2.601000
2.687000
2.687000
2.687000
2.687000
2.687000
2.687000
2.687000
2.687000
2.774000
2.774000
2.774000
2.774000
2.774000
2.774000
2.774000
2.774000
2.774000
2.774000
2.774000
2.774000
2.774000
2.774000
2.774000
2.860000
2.860000
2.860000
2.860000
2.860000
2.860000
2.860000
2.860000
2.860000
2.947000
2.947000
2.947000
2.947000
2.947000
2.947000
2.947000
2.947000
2.947000
2.947000
2.947000
2.947000
2.947000
3.033000
3.033000
3.033000
3.033000
3.033000
3.033000
3.033000
3.033000
3.033000
3.033000
3.033000
3.119000
3.119000
3.119000
3.119000
3.119000
3.119000
3.206000
3.206000
3.206000
3.206000
3.206000
3.206000
3.206000
3.206000
3.292000
3.292000
3.292000
3.292000
3.292000
3.292000
3.292000
3.292000
3.292000
3.292000
3.379000
3.379000
3.379000
3.379000
3.379000
3.379000
3.465000
3.465000
3.465000
3.465000
3.465000
3.465000
3.465000
3.465000
3.465000
3.465000
3.465000
3.465000
3.465000
3.552000
3.552000
3.552000
3.552000
3.552000
3.552000
3.552000
3.552000
3.552000
3.552000
3.552000
3.638000
3.638000
3.638000
3.638000
3.638000
3.638000
3.638000
3.638000
3.725000
3.725000
3.725000
3.725000
3.725000
3.725000
3.725000
3.725000
3.725000
3.725000
3.725000
3.725000
3.725000
3.725000
3.811000
3.811000
3.811000
3.811000
3.811000
3.811000
3.811000
3.811000
3.811000
3.811000
3.811000
3.811000
3.898000
3.898000
3.898000
3.898000
3.898000
3.898000
3.898000
3.898000
3.898000
3.898000
3.898000
3.898000
3.898000
3.984000
3.984000
3.984000
3.984000
3.984000
3.984000
3.984000
3.984000
3.984000
3.984000
3.984000
3.984000
3.984000
3.984000
3.984000
3.984000
4.071000
4.071000
4.071000
4.071000
4.071000
4.071000
4.071000
4.071000
4.071000
4.071000
4.071000
4.071000
4.071000
4.157000
4.157000
4.157000
4.157000
4.157000
4.157000
4.244000
4.244000
4.244000
4.244000
4.244000
4.244000
4.244000
4.640000
4.640000
4.640000
4.640000
4.640000
5.036000
5.036000
5.036000
5.036000
5.036000
5.036000
5.036000
5.432000
5.432000
5.432000
5.432000
5.432000
5.432000
5.828000
5.828000
5.828000
5.828000
5.828000
5.828000
5.828000
5.828000
5.828000
5.828000
6.224000
6.224000
6.224000
6.224000
6.224000
6.224000
6.224000
6.224000
6.620000
6.620000
6.620000
6.620000
6.620000
6.620000
6.620000
6.620000
6.620000
6.620000
6.620000
6.620000
6.620000
6.620000
7.017000
7.017000
7.017000
7.017000
7.017000
7.017000
7.017000
7.017000
7.413000
7.413000
7.413000
7.413000
7.413000
7.413000
7.413000
7.413000
7.809000
7.809000
7.809000
7.809000
7.809000
7.809000
7.809000
7.809000
7.809000
8.205000
8.205000
8.205000
8.205000
8.205000
8.205000
8.205000
8.205000
8.205000
8.601000
8.601000
8.601000
8.601000
8.601000
8.601000
8.601000
8.997000
8.997000
8.997000
8.997000
8.997000
8.997000
8.997000
8.997000
8.997000
8.997000
8.997000
8.997000
8.997000
8.997000
8.997000
9.393000
9.393000
9.393000
9.393000
9.393000
9.393000
9.393000
9.393000
9.393000
9.789000
9.789000
9.789000
9.789000
10.190000
10.190000
10.190000
10.190000
10.190000
10.190000
10.190000
10.190000
10.190000
10.190000
10.190000
10.190000
10.190000
10.580000
10.580000
10.580000
10.580000
10.580000
10.580000
10.580000
10.580000
10.580000
10.580000
10.980000
10.980000
10.980000
10.980000
10.980000
10.980000
10.980000
10.980000
10.980000
10.980000
11.370000
11.370000
11.370000
11.370000
11.370000
11.770000
11.770000
11.770000
11.770000
11.770000
11.770000
11.770000
11.770000
12.170000
12.170000
12.170000
12.170000
12.560000
12.560000
12.560000
12.560000
12.560000
12.560000
12.560000
12.560000
12.560000
12.560000
12.560000
12.960000
12.960000
12.960000
12.960000
12.960000
12.960000
13.350000
13.350000
13.350000
13.350000
13.350000
13.350000
13.350000
13.350000
13.350000
13.350000
13.350000
13.350000
13.350000
13.350000
13.750000
13.750000
13.750000
13.750000
13.750000
13.750000
13.750000
13.750000
13.750000
14.150000
14.150000
14.150000
14.150000
14.150000
14.150000
14.150000
14.150000
14.150000
14.150000
14.540000
14.540000
14.540000
14.540000
14.540000
14.540000
14.540000
14.540000
14.540000
14.540000
14.540000
14.940000
14.940000
14.940000
14.940000
14.940000
14.940000
14.940000
14.940000
14.940000
14.940000
14.940000
15.340000
15.340000
15.340000
15.340000
15.340000
15.340000
15.730000
15.730000
15.730000
15.730000
15.730000
15.730000
15.730000
15.730000
15.730000
15.730000
16.129999
16.129999
16.129999
16.129999
16.129999
16.129999
16.129999
16.129999
16.129999
16.129999
16.129999
16.129999
16.520000
16.520000
16.520000
16.520000
16.520000
16.520000
16.520000
16.520000
16.520000
16.520000
16.520000
16.520000
16.520000
16.920000
16.920000
16.920000
16.920000
16.920000
16.920000
17.320000
17.320000
17.320000
17.320000
17.320000
17.320000
17.320000
17.709999
17.709999
17.709999
17.709999
17.709999
17.709999
17.709999
17.709999
17.709999
17.709999
17.709999
17.709999
17.709999
17.709999
17.709999
18.110001
18.110001
18.110001
18.110001
18.110001
18.110001
18.110001
18.110001
18.110001
18.110001
18.110001
18.110001
18.110001
18.110001
18.110001
18.500000
18.500000
18.500000
18.500000
18.500000
18.500000
18.500000
18.900000
18.900000
18.900000
18.900000
18.900000
19.299999
19.299999
19.299999
19.299999
19.299999
19.299999
19.299999
19.690001
19.690001
19.690001
19.690001
19.690001
19.690001
19.690001
19.690001
19.690001
19.690001
19.690001
20.090000
20.090000
20.090000
20.090000
20.090000
20.090000
20.090000
20.090000
20.090000
20.480000
20.480000
20.480000
20.480000
20.480000
20.480000
20.480000
20.480000
20.480000
20.480000
20.480000
20.480000
20.879999
20.879999
20.879999
20.879999
20.879999
20.879999
20.879999
20.879999
20.879999
20.879999
20.879999
20.879999
20.879999
21.280001
21.280001
21.280001
21.280001
21.280001
21.280001
21.280001
21.280001
21.280001
21.280001
21.280001
21.670000
21.670000
21.670000
21.670000
21.670000
21.670000
22.070000
22.070000
22.070000
22.070000
22.070000
22.070000
22.070000
22.070000
26.690001
26.690001
26.690001
26.690001
26.690001
31.299999
31.299999
31.299999
31.299999
31.299999
31.299999
31.299999
31.299999
31.299999
31.299999
35.919998
35.919998
35.919998
35.919998
35.919998
35.919998
35.919998
35.919998
35.919998
35.919998
35.919998
35.919998
35.919998
35.919998
35.919998
40.540001
40.540001
40.540001
40.540001
40.540001
40.540001
40.540001
40.540001
40.540001
44.000000
44.000000
44.000000
44.000000
44.000000
44.000000
44.000000
44.000000
44.000000
44.000000
