0.000000
0.000000
0.000000
0.000000
0.000000
0.000000
0.000000
0.000000
0.000000
0.000000
0.000000
0.000000
0.000000
0.000000
0.000000
0.000000
0.000000
0.000000
0.000000
0.000000
0.000000
0.000000
0.000000
0.000000
0.000000
0.000000
0.000000
0.000000
0.000000
0.000000
0.000000
0.000000
0.000000
0.000000
0.000000
0.000000
0.000000
0.000000
0.000000
0.000000
0.000000
0.000000
0.000000
0.000000
0.000000
0.000000
0.000000
0.000000
0.000000
0.000000
0.000000
0.000000
0.365000
0.365000
0.365000
0.365000
0.365000
0.365000
0.365000
0.365000
0.365000
0.365000
0.365000
0.365000
0.623000
0.623000
0.623000
0.623000
0.623000
0.623000
0.623000
0.623000
0.623000
0.623000
0.623000
0.623000
0.623000
0.623000
0.623000
0.623000
0.623000
0.623000
0.623000
0.881000
0.881000
0.881000
0.881000
0.881000
0.881000
0.881000
1.139000
1.139000
1.139000
1.139000
1.139000
1.139000
1.139000
1.139000
1.139000
1.139000
1.139000
1.139000
1.397000
1.397000
1.397000
1.397000
1.397000
1.397000
1.397000
1.397000
1.397000
1.397000
1.397000
1.397000
1.397000
1.397000
1.397000
1.655000
1.655000
1.655000
1.655000
1.655000
1.655000
1.655000
1.655000
1.655000
1.655000
1.913000
1.913000
1.913000
1.913000
1.913000
1.913000
1.913000
1.913000
1.913000
2.171000
2.171000
2.171000
2.171000
2.171000
2.171000
2.171000
2.171000
2.429000
2.429000
2.429000
2.429000
2.429000
2.429000
2.429000
2.429000
2.429000
2.429000
2.429000
2.429000
2.429000
2.687000
2.687000
2.687000
2.687000
2.687000
2.687000
2.687000
2.687000
2.687000
2.687000
2.687000
2.687000
2.687000
2.687000
2.687000
2.687000
2.945000
2.945000
2.945000
2.945000
2.945000
2.945000
2.945000
2.945000
2.945000
2.945000
2.945000
3.203000
3.203000
3.203000
3.203000
3.203000
3.203000
3.203000
3.203000
3.203000
3.203000
3.203000
3.462000
3.462000
3.462000
3.462000
3.462000
3.462000
3.462000
3.462000
3.462000
3.720000
3.720000
3.720000
3.720000
3.720000
3.720000
3.720000
3.720000
3.720000
3.720000
3.720000
3.978000
3.978000
3.978000
3.978000
3.978000
3.978000
3.978000
3.978000
3.978000
3.978000
3.978000
3.978000
4.236000
4.236000
4.236000
4.236000
4.236000
4.236000
4.236000
4.236000
4.494000
4.494000
4.494000
4.494000
4.494000
4.494000
4.494000
4.494000
4.494000
4.494000
4.752000
4.752000
4.752000
4.752000
4.752000
4.752000
4.752000
4.752000
4.752000
4.752000
4.752000
4.752000
4.752000
4.752000
5.010000
5.010000
5.010000
5.010000
5.010000
5.010000
5.010000
5.010000
5.010000
5.010000
5.268000
5.268000
5.268000
5.268000
5.268000
5.268000
5.268000
5.268000
5.526000
5.526000
5.526000
5.526000
5.526000
5.526000
5.526000
5.526000
5.526000
5.526000
5.526000
5.526000
5.526000
5.526000
5.784000
5.784000
5.784000
5.784000
5.784000
5.784000
6.042000
6.042000
6.042000
6.042000
6.042000
6.042000
6.042000
6.042000
6.042000
6.042000
6.300000
6.300000
6.300000
6.300000
6.300000
6.300000
6.300000
6.300000
6.300000
6.300000
6.558000
6.558000
6.558000
6.558000
6.558000
6.558000
6.558000
6.558000
6.558000
6.558000
6.558000
6.558000
6.558000
6.558000
6.558000
6.816000
6.816000
6.816000
6.816000
6.816000
6.816000
7.074000
7.074000
7.074000
7.074000
7.074000
7.074000
7.074000
7.074000
7.074000
7.074000
7.332000
7.332000
7.332000
7.332000
7.332000
7.332000
7.332000
7.332000
7.332000
7.332000
7.332000
7.590000
7.590000
7.590000
7.590000
7.590000
7.590000
7.590000
7.590000
7.590000
7.590000
7.590000
7.590000
7.848000
7.848000
7.848000
7.848000
7.848000
7.848000
7.848000
7.848000
7.848000
7.848000
7.848000
7.848000
7.848000
7.848000
7.848000
8.106000
8.106000
8.106000
8.106000
8.106000
8.106000
8.106000
8.364000
8.364000
8.364000
8.364000
8.364000
8.364000
8.364000
8.364000
8.622000
8.622000
8.622000
8.622000
8.622000
8.622000
8.622000
8.622000
8.622000
8.622000
8.622000
8.622000
8.622000
8.622000
8.622000
8.880000
8.880000
8.880000
8.880000
8.880000
8.880000
8.880000
8.880000
8.880000
8.880000
8.880000
8.880000
9.139000
9.139000
9.139000
9.139000
9.139000
9.139000
9.139000
9.397000
9.397000
9.397000
9.397000
9.397000
9.655000
9.655000
9.655000
9.655000
9.655000
9.655000
9.655000
9.655000
9.655000
9.655000
9.655000
9.913000
9.913000
9.913000
9.913000
9.913000
9.913000
9.913000
9.913000
9.913000
9.913000
9.913000
10.170000
10.170000
10.170000
10.170000
10.170000
10.170000
10.170000
10.170000
10.430000
10.430000
10.430000
10.430000
10.430000
10.430000
10.430000
10.690000
10.690000
10.690000
10.690000
10.690000
10.940000
10.940000
10.940000
10.940000
10.940000
11.200000
11.200000
11.200000
11.200000
11.200000
11.200000
11.200000
11.200000
11.200000
11.200000
11.460000
11.460000
11.460000
11.460000
11.460000
11.720000
11.720000
11.720000
11.720000
11.720000
11.720000
11.720000
11.720000
11.720000
11.720000
11.980000
11.980000
11.980000
11.980000
11.980000
11.980000
11.980000
13.390000
13.390000
13.390000
13.390000
13.390000
13.390000
14.810000
14.810000
14.810000
14.810000
14.810000
14.810000
14.810000
14.810000
14.810000
14.810000
14.810000
14.810000
14.810000
16.219999
16.219999
16.219999
16.219999
16.219999
16.219999
17.639999
17.639999
17.639999
17.639999
17.639999
17.639999
17.639999
17.639999
17.639999
17.639999
17.639999
19.059999
19.059999
19.059999
19.059999
19.059999
19.059999
19.059999
19.059999
19.059999
19.059999
19.059999
19.059999
19.059999
19.059999
20.469999
20.469999
20.469999
20.469999
20.469999
20.469999
21.889999
21.889999
21.889999
21.889999
21.889999
21.889999
21.889999
23.299999
23.299999
23.299999
23.299999
23.299999
23.299999
23.299999
23.299999
23.299999
23.299999
23.299999
24.719999
24.719999
24.719999
24.719999
24.719999
24.719999
24.719999
24.719999
24.719999
24.719999
24.719999
24.719999
24.719999
24.719999
24.719999
24.719999
24.719999
26.139999
26.139999
26.139999
26.139999
26.139999
26.139999
27.549999
27.549999
27.549999
27.549999
27.549999
27.549999
27.549999
27.549999
27.549999
27.549999
28.969999
28.969999
28.969999
28.969999
28.969999
28.969999
28.969999
30.379999
30.379999
30.379999
30.379999
30.379999
31.799999
31.799999
31.799999
31.799999
31.799999
33.220001
33.220001
33.220001
33.220001
33.220001
33.220001
33.220001
33.220001
33.220001
33.220001
34.630001
34.630001
34.630001
34.630001
34.630001
34.630001
34.630001
34.630001
34.630001
34.630001
34.630001
34.630001
34.630001
34.630001
36.049999
36.049999
36.049999
36.049999
36.049999
36.049999
37.459999
37.459999
37.459999
37.459999
37.459999
37.459999
37.459999
37.459999
38.880001
38.880001
38.880001
38.880001
38.880001
38.880001
38.880001
38.880001
38.880001
38.880001
40.299999
40.299999
40.299999
40.299999
40.299999
40.299999
40.299999
40.299999
40.299999
40.299999
40.299999
41.709999
41.709999
41.709999
41.709999
41.709999
41.709999
41.709999
41.709999
41.709999
41.709999
41.709999
43.130001
43.130001
43.130001
43.130001
43.130001
43.130001
43.130001
44.540001
44.540001
44.540001
44.540001
44.540001
44.540001
44.540001
44.540001
44.540001
45.959999
45.959999
45.959999
45.959999
45.959999
45.959999
47.380001
47.380001
47.380001
47.380001
47.380001
47.380001
47.380001
47.380001
47.380001
47.380001
47.380001
47.380001
48.790001
48.790001
48.790001
48.790001
48.790001
48.790001
48.790001
50.209999
50.209999
50.209999
50.209999
50.209999
50.209999
50.209999
50.209999
50.209999
51.619999
51.619999
51.619999
51.619999
51.619999
51.619999
51.619999
51.619999
51.619999
51.619999
51.619999
51.619999
53.040001
53.040001
53.040001
53.040001
53.040001
53.040001
53.040001
53.040001
53.040001
53.040001
53.040001
53.040001
54.459999
54.459999
54.459999
54.459999
54.459999
54.459999
54.459999
54.459999
54.459999
54.459999
54.459999
55.869999
55.869999
55.869999
55.869999
55.869999
55.869999
55.869999
57.290001
57.290001
57.290001
57.290001
57.290001
57.290001
57.290001
57.290001
57.290001
57.290001
57.290001
58.700001
58.700001
58.700001
58.700001
58.700001
58.700001
58.700001
58.700001
58.700001
60.119999
60.119999
60.119999
60.119999
60.119999
60.119999
60.119999
60.119999
60.119999
60.119999
60.119999
60.119999
60.119999
61.540001
61.540001
61.540001
61.540001
61.540001
61.540001
61.540001
61.540001
61.540001
61.540001
61.540001
61.540001
62.950001
62.950001
62.950001
62.950001
62.950001
62.950001
62.950001
62.950001
62.950001
62.950001
62.950001
62.950001
62.950001
62.950001
64.370003
64.370003
64.370003
64.370003
64.370003
64.370003
64.370003
64.370003
64.370003
64.370003
65.779999
65.779999
65.779999
65.779999
65.779999
65.779999
65.779999
65.779999
65.779999
65.779999
65.779999
65.779999
65.779999
65.779999
65.779999
67.199997
67.199997
67.199997
67.199997
67.199997
67.199997
68.620003
68.620003
68.620003
68.620003
68.620003
68.620003
70.029999
70.029999
70.029999
70.029999
71.449997
71.449997
71.449997
71.449997
71.449997
71.449997
71.449997
71.449997
71.449997
71.449997
71.449997
72.860001
72.860001
72.860001
72.860001
72.860001
72.860001
72.860001
72.860001
72.860001
72.860001
74.279999
74.279999
74.279999
74.279999
74.279999
74.279999
74.279999
75.699997
75.699997
75.699997
75.699997
75.699997
75.699997
75.699997
75.699997
79.440002
79.440002
79.440002
79.440002
79.440002
79.440002
79.440002
79.440002
79.440002
79.440002
79.440002
79.440002
79.440002
79.440002
83.190002
83.190002
83.190002
83.190002
83.190002
83.190002
83.190002
83.190002
83.190002
83.190002
83.190002
83.190002
83.190002
83.190002
83.190002
83.190002
83.190002
83.190002
83.190002
83.190002
83.190002
83.190002
86.940002
86.940002
86.940002
86.940002
86.940002
86.940002
86.940002
86.940002
90.690002
90.690002
90.690002
90.690002
90.690002
90.690002
90.690002
90.690002
90.690002
90.690002
93.500000
93.500000
93.500000
93.500000
93.500000
