0.000000
0.000000
0.000000
0.000000
0.000000
0.000000
0.000000
0.000000
0.000000
0.000000
0.000000
0.000000
0.000000
0.000000
0.000000
0.000000
0.000000
0.000000
0.000000
0.000000
0.000000
0.000000
0.000000
0.000000
0.000000
0.000000
0.000000
0.000000
0.000000
0.000000
0.000000
0.000000
0.000000
0.000000
0.000000
0.000000
0.000000
0.000000
0.000000
0.000000
0.000000
0.000000
0.000000
0.008832
0.008832
0.008832
0.008832
0.008832
0.008832
0.008832
0.008832
0.008832
0.008832
0.053460
0.053460
0.053460
0.053460
0.053460
0.053460
0.053460
0.053460
0.053460
0.098080
0.098080
0.098080
0.098080
0.098080
0.098080
0.098080
0.098080
0.142700
0.142700
0.142700
0.142700
0.142700
0.187300
0.187300
0.187300
0.187300
0.187300
0.187300
0.187300
0.187300
0.187300
0.187300
0.187300
0.187300
0.187300
0.232000
0.232000
0.232000
0.232000
0.232000
0.232000
0.232000
0.232000
0.232000
0.276600
0.276600
0.276600
0.276600
0.276600
0.276600
0.321200
0.321200
0.321200
0.321200
0.321200
0.321200
0.321200
0.321200
0.321200
0.321200
0.321200
0.321200
0.321200
0.321200
0.321200
0.321200
0.321200
0.321200
0.321200
0.365800
0.365800
0.365800
0.365800
0.365800
0.365800
0.365800
0.365800
0.365800
0.410500
0.410500
0.410500
0.410500
0.410500
0.410500
0.410500
0.410500
0.410500
0.410500
0.455100
0.455100
0.455100
0.455100
0.455100
0.455100
0.455100
0.455100
0.455100
0.455100
0.499700
0.499700
0.499700
0.499700
0.499700
0.499700
0.544300
0.544300
0.544300
0.544300
0.544300
0.544300
0.544300
0.544300
0.544300
0.589000
0.589000
0.589000
0.589000
0.589000
0.589000
0.589000
0.589000
0.589000
0.589000
0.633600
0.633600
0.633600
0.633600
0.633600
0.633600
0.633600
0.633600
0.633600
0.633600
0.633600
0.633600
0.633600
0.678200
0.678200
0.678200
0.678200
0.678200
0.678200
0.678200
0.722800
0.722800
0.722800
0.722800
0.722800
0.722800
0.722800
0.722800
0.767500
0.767500
0.767500
0.767500
0.767500
0.767500
0.767500
0.767500
0.767500
0.767500
0.767500
0.767500
0.812100
0.812100
0.812100
0.812100
0.812100
0.812100
0.812100
0.812100
0.812100
0.812100
0.856700
0.856700
0.856700
0.856700
0.856700
0.856700
0.856700
0.856700
0.856700
0.856700
0.856700
0.856700
0.856700
0.856700
0.856700
0.856700
0.856700
0.901300
0.901300
0.901300
0.901300
0.901300
0.901300
0.901300
0.901300
0.946000
0.946000
0.946000
0.946000
0.946000
0.946000
0.946000
0.946000
0.946000
0.990600
0.990600
0.990600
0.990600
0.990600
1.035000
1.035000
1.035000
1.035000
1.035000
1.035000
1.035000
1.035000
1.035000
1.035000
1.035000
1.035000
1.080000
1.080000
1.080000
1.080000
1.080000
1.080000
1.124000
1.124000
1.124000
1.124000
1.124000
1.124000
1.124000
1.124000
1.124000
1.169000
1.169000
1.169000
1.169000
1.169000
1.169000
1.169000
1.169000
1.169000
1.214000
1.214000
1.214000
1.214000
1.214000
1.214000
1.214000
1.214000
1.214000
1.214000
1.214000
1.214000
1.214000
1.214000
1.214000
1.214000
1.214000
1.214000
1.258000
1.258000
1.258000
1.258000
1.258000
1.258000
1.258000
1.303000
1.303000
1.303000
1.303000
1.303000
1.303000
1.303000
1.303000
1.303000
1.303000
1.348000
1.348000
1.348000
1.348000
1.348000
1.348000
1.348000
1.348000
1.348000
1.348000
1.348000
1.348000
1.392000
1.392000
1.392000
1.392000
1.392000
1.392000
1.392000
1.392000
1.392000
1.392000
1.392000
1.392000
1.392000
1.392000
1.437000
1.437000
1.437000
1.437000
1.437000
1.437000
1.437000
1.437000
1.437000
1.481000
1.481000
1.481000
1.481000
1.481000
1.481000
1.481000
1.526000
1.526000
1.526000
1.526000
1.526000
1.526000
1.526000
1.526000
1.526000
1.526000
1.526000
1.526000
1.526000
1.571000
1.571000
1.571000
1.571000
1.571000
1.571000
1.571000
1.571000
1.571000
1.571000
1.571000
1.571000
1.571000
1.571000
1.615000
1.615000
1.615000
1.615000
1.615000
1.615000
1.615000
1.615000
1.615000
1.615000
1.615000
1.660000
1.660000
1.660000
1.660000
1.660000
1.660000
1.705000
1.705000
1.705000
1.705000
1.705000
1.705000
1.705000
1.705000
1.705000
1.705000
1.705000
1.749000
1.749000
1.749000
1.749000
1.749000
1.749000
1.749000
1.749000
1.749000
1.749000
1.794000
1.794000
1.794000
1.794000
1.794000
1.794000
1.794000
1.794000
1.794000
1.794000
1.794000
1.794000
1.794000
1.794000
1.838000
1.838000
1.838000
1.838000
1.838000
1.838000
1.838000
1.838000
1.838000
1.838000
1.838000
1.883000
1.883000
1.883000
1.883000
1.883000
1.883000
1.883000
1.883000
1.928000
1.928000
1.928000
1.928000
1.928000
1.928000
1.928000
1.928000
1.928000
1.928000
1.928000
1.928000
1.928000
1.972000
1.972000
1.972000
1.972000
1.972000
1.972000
1.972000
1.972000
2.017000
2.017000
2.017000
2.017000
2.017000
2.017000
2.017000
2.614000
2.614000
2.614000
2.614000
2.614000
2.614000
2.614000
2.614000
2.614000
2.614000
2.614000
2.614000
3.211000
3.211000
3.211000
3.211000
3.211000
3.211000
3.808000
3.808000
3.808000
3.808000
3.808000
3.808000
3.808000
3.808000
3.808000
3.808000
3.808000
3.808000
4.405000
4.405000
4.405000
4.405000
4.405000
4.405000
4.405000
4.405000
4.405000
4.405000
4.405000
4.405000
4.405000
5.002000
5.002000
5.002000
5.599000
5.599000
5.599000
5.599000
5.599000
5.599000
5.599000
6.196000
6.196000
6.196000
6.196000
6.196000
6.196000
6.196000
6.196000
6.196000
6.196000
6.793000
6.793000
6.793000
6.793000
6.793000
6.793000
6.793000
6.793000
6.793000
6.793000
6.793000
7.390000
7.390000
7.390000
7.390000
7.390000
7.390000
7.390000
7.390000
7.390000
7.390000
7.390000
7.987000
7.987000
7.987000
7.987000
7.987000
7.987000
7.987000
7.987000
7.987000
7.987000
7.987000
7.987000
7.987000
8.584000
8.584000
8.584000
8.584000
8.584000
8.584000
8.584000
9.181000
9.181000
9.181000
9.181000
9.181000
9.181000
9.181000
9.181000
9.181000
9.778000
9.778000
9.778000
9.778000
9.778000
9.778000
9.778000
9.778000
9.778000
10.370000
10.370000
10.370000
10.370000
10.370000
10.370000
10.370000
10.370000
10.370000
10.370000
10.970000
10.970000
10.970000
10.970000
10.970000
10.970000
10.970000
10.970000
10.970000
10.970000
10.970000
10.970000
10.970000
10.970000
10.970000
10.970000
11.570000
11.570000
11.570000
11.570000
11.570000
11.570000
11.570000
11.570000
11.570000
11.570000
11.570000
11.570000
11.570000
11.570000
12.170000
12.170000
12.170000
12.170000
12.170000
12.170000
12.170000
12.170000
12.170000
12.170000
12.760000
12.760000
12.760000
12.760000
12.760000
12.760000
12.760000
13.360000
13.360000
13.360000
13.360000
13.360000
13.360000
13.960000
13.960000
13.960000
13.960000
13.960000
13.960000
13.960000
13.960000
13.960000
14.550000
14.550000
14.550000
14.550000
14.550000
14.550000
14.550000
14.550000
14.550000
14.550000
15.150000
15.150000
15.150000
15.150000
15.150000
15.150000
15.150000
15.150000
15.150000
15.150000
15.750000
15.750000
15.750000
15.750000
15.750000
15.750000
15.750000
15.750000
15.750000
15.750000
15.750000
15.750000
15.750000
15.750000
15.750000
15.750000
15.750000
16.340000
16.340000
16.340000
16.340000
16.340000
16.340000
16.340000
16.940001
16.940001
16.940001
16.940001
16.940001
16.940001
16.940001
16.940001
16.940001
16.940001
16.940001
16.940001
16.940001
17.540001
17.540001
17.540001
17.540001
17.540001
17.540001
17.540001
17.540001
17.540001
17.540001
17.540001
17.540001
18.139999
18.139999
18.139999
18.139999
18.139999
18.730000
18.730000
18.730000
18.730000
18.730000
18.730000
18.730000
18.730000
18.730000
18.730000
18.730000
18.730000
18.730000
19.330000
19.330000
19.330000
19.330000
19.330000
19.330000
19.330000
19.330000
19.330000
19.330000
19.330000
19.330000
19.330000
19.330000
19.930000
19.930000
19.930000
19.930000
19.930000
20.520000
20.520000
20.520000
20.520000
20.520000
20.520000
20.520000
20.520000
20.520000
20.520000
20.520000
20.520000
20.520000
20.520000
21.120001
21.120001
21.120001
21.120001
21.120001
21.120001
21.120001
21.719999
21.719999
21.719999
21.719999
21.719999
21.719999
21.719999
21.719999
22.309999
22.309999
22.309999
22.309999
22.309999
22.309999
22.309999
22.309999
22.309999
22.309999
22.309999
22.910000
22.910000
22.910000
22.910000
22.910000
22.910000
22.910000
22.910000
22.910000
22.910000
22.910000
22.910000
23.510000
23.510000
23.510000
23.510000
23.510000
23.510000
23.510000
23.510000
23.510000
23.510000
24.110001
24.110001
24.110001
24.110001
24.110001
24.110001
24.110001
24.110001
24.700001
24.700001
24.700001
24.700001
24.700001
24.700001
24.700001
24.700001
24.700001
24.700001
24.700001
24.700001
24.700001
24.700001
25.299999
25.299999
25.299999
25.299999
25.299999
25.299999
25.299999
25.299999
25.299999
25.299999
25.299999
25.299999
25.900000
25.900000
25.900000
25.900000
25.900000
25.900000
25.900000
26.490000
26.490000
26.490000
26.490000
26.490000
26.490000
26.490000
26.490000
26.490000
27.090000
27.090000
27.090000
27.090000
27.090000
27.090000
27.090000
27.090000
27.090000
27.090000
27.090000
27.090000
27.090000
27.090000
27.090000
27.690001
27.690001
27.690001
27.690001
27.690001
27.690001
27.690001
27.690001
27.690001
27.690001
28.280001
28.280001
28.280001
28.280001
28.280001
28.879999
28.879999
28.879999
28.879999
28.879999
28.879999
28.879999
28.879999
28.879999
28.879999
31.629999
31.629999
34.380001
34.380001
34.380001
34.380001
34.380001
34.380001
34.380001
34.380001
37.130001
37.130001
37.130001
37.130001
37.130001
37.130001
37.130001
37.130001
37.130001
37.130001
37.130001
39.880001
39.880001
39.880001
39.880001
39.880001
39.880001
39.880001
41.939999
41.939999
41.939999
41.939999
41.939999
41.939999
41.939999
41.939999
41.939999
41.939999
41.939999
41.939999
41.939999
41.939999
41.939999
