0.000000
0.000000
0.000000
0.000000
0.000000
0.000000
0.000000
0.000000
0.000000
0.000000
0.000000
0.000000
0.000000
0.000000
0.000000
0.000000
0.000000
0.000000
0.000000
0.000000
0.000000
0.000000
0.000000
0.000000
0.000000
0.000000
0.000000
0.000000
0.000000
0.000000
0.000000
0.000000
0.000000
0.000000
0.000000
0.000000
0.000000
0.000000
0.000000
0.000000
0.000000
0.000000
0.000000
0.000000
0.000000
0.000000
0.000000
0.000000
0.092540
0.092540
0.092540
0.092540
0.092540
0.092540
0.092540
0.092540
0.092540
0.092540
0.092540
0.092540
0.092540
0.092540
0.092540
0.092540
0.134000
0.134000
0.134000
0.134000
0.134000
0.134000
0.134000
0.134000
0.134000
0.175500
0.175500
0.175500
0.175500
0.175500
0.175500
0.175500
0.217000
0.217000
0.217000
0.217000
0.217000
0.217000
0.217000
0.217000
0.217000
0.217000
0.217000
0.258500
0.258500
0.258500
0.258500
0.258500
0.258500
0.258500
0.258500
0.258500
0.258500
0.258500
0.258500
0.258500
0.258500
0.258500
0.258500
0.258500
0.300000
0.300000
0.300000
0.300000
0.300000
0.300000
0.300000
0.341500
0.341500
0.341500
0.341500
0.341500
0.341500
0.341500
0.341500
0.341500
0.341500
0.382900
0.382900
0.382900
0.382900
0.382900
0.382900
0.382900
0.382900
0.382900
0.382900
0.382900
0.424400
0.424400
0.424400
0.424400
0.424400
0.424400
0.424400
0.424400
0.424400
0.424400
0.424400
0.424400
0.424400
0.465900
0.465900
0.465900
0.465900
0.465900
0.465900
0.465900
0.465900
0.465900
0.507400
0.507400
0.507400
0.507400
0.507400
0.507400
0.507400
0.507400
0.507400
0.507400
0.507400
0.507400
0.507400
0.548900
0.548900
0.548900
0.548900
0.548900
0.548900
0.548900
0.548900
0.548900
0.548900
0.548900
0.590400
0.590400
0.590400
0.590400
0.590400
0.631900
0.631900
0.631900
0.631900
0.631900
0.631900
0.631900
0.631900
0.631900
0.631900
0.673300
0.673300
0.673300
0.673300
0.673300
0.673300
0.673300
0.673300
0.673300
0.673300
0.673300
0.673300
0.673300
0.673300
0.673300
0.714800
0.714800
0.714800
0.714800
0.714800
0.714800
0.714800
0.714800
0.714800
0.714800
0.714800
0.714800
0.756300
0.756300
0.756300
0.756300
0.756300
0.756300
0.756300
0.756300
0.797800
0.797800
0.797800
0.797800
0.797800
0.797800
0.797800
0.797800
0.797800
0.797800
0.839300
0.839300
0.839300
0.839300
0.839300
0.839300
0.880800
0.880800
0.880800
0.880800
0.880800
0.880800
0.880800
0.880800
0.880800
0.880800
0.922200
0.922200
0.922200
0.922200
0.922200
0.922200
0.922200
0.922200
0.922200
0.922200
0.922200
0.963700
0.963700
0.963700
0.963700
0.963700
0.963700
0.963700
0.963700
1.005000
1.005000
1.005000
1.005000
1.005000
1.005000
1.005000
1.005000
1.005000
1.047000
1.047000
1.047000
1.047000
1.047000
1.047000
1.047000
1.047000
1.047000
1.088000
1.088000
1.088000
1.088000
1.088000
1.088000
1.088000
1.088000
1.088000
1.088000
1.130000
1.130000
1.130000
1.130000
1.130000
1.130000
1.130000
1.130000
1.171000
1.171000
1.171000
1.171000
1.171000
1.171000
1.171000
1.171000
1.171000
1.171000
1.171000
1.171000
1.171000
1.171000
1.171000
1.171000
1.171000
1.171000
1.171000
1.171000
1.213000
1.213000
1.213000
1.213000
1.213000
1.213000
1.213000
1.254000
1.254000
1.254000
1.254000
1.254000
1.254000
1.254000
1.254000
1.296000
1.296000
1.296000
1.296000
1.296000
1.337000
1.337000
1.337000
1.337000
1.337000
1.337000
1.379000
1.379000
1.379000
1.379000
1.379000
1.379000
1.420000
1.420000
1.420000
1.420000
1.420000
1.420000
1.420000
1.420000
1.462000
1.462000
1.462000
1.462000
1.462000
1.462000
1.462000
1.462000
1.503000
1.503000
1.503000
1.503000
1.503000
1.503000
1.503000
1.503000
1.545000
1.545000
1.545000
1.545000
1.545000
1.545000
1.545000
1.545000
1.545000
1.586000
1.586000
1.586000
1.586000
1.586000
1.586000
1.586000
1.586000
1.628000
1.628000
1.628000
1.628000
1.628000
1.628000
1.628000
1.628000
1.628000
1.628000
1.628000
1.628000
1.628000
1.628000
1.628000
1.628000
1.628000
1.628000
1.628000
1.628000
1.669000
1.669000
1.669000
1.669000
1.669000
1.669000
1.669000
1.669000
1.669000
1.669000
1.669000
1.669000
1.669000
1.710000
1.710000
1.710000
1.710000
1.710000
1.710000
1.710000
1.710000
1.710000
1.752000
1.752000
1.752000
1.752000
1.752000
1.752000
1.752000
1.752000
1.752000
1.752000
1.752000
1.752000
1.752000
1.752000
1.752000
1.752000
1.752000
1.752000
1.793000
1.793000
1.793000
1.793000
1.793000
1.793000
1.793000
1.793000
1.793000
1.835000
1.835000
1.835000
1.835000
1.835000
1.835000
1.835000
1.876000
1.876000
1.876000
1.876000
1.876000
1.876000
1.876000
1.876000
1.918000
1.918000
1.918000
1.918000
1.918000
1.918000
1.918000
1.918000
1.918000
1.918000
1.918000
1.959000
1.959000
1.959000
1.959000
1.959000
1.959000
1.959000
1.959000
1.959000
1.959000
2.399000
2.399000
2.399000
2.399000
2.399000
2.839000
2.839000
2.839000
2.839000
2.839000
2.839000
2.839000
2.839000
2.839000
2.839000
3.279000
3.279000
3.279000
3.279000
3.279000
3.279000
3.279000
3.279000
3.279000
3.279000
3.279000
3.279000
3.279000
3.718000
3.718000
3.718000
3.718000
3.718000
3.718000
3.718000
3.718000
4.158000
4.158000
4.158000
4.158000
4.158000
4.158000
4.158000
4.158000
4.158000
4.158000
4.158000
4.158000
4.598000
4.598000
4.598000
4.598000
4.598000
4.598000
4.598000
4.598000
4.598000
4.598000
4.598000
4.598000
5.037000
5.037000
5.037000
5.037000
5.037000
5.037000
5.037000
5.477000
5.477000
5.477000
5.477000
5.477000
5.477000
5.477000
5.477000
5.477000
5.477000
5.477000
5.477000
5.477000
5.477000
5.477000
5.477000
5.917000
5.917000
5.917000
5.917000
5.917000
5.917000
5.917000
5.917000
5.917000
5.917000
5.917000
5.917000
6.357000
6.357000
6.357000
6.357000
6.357000
6.357000
6.357000
6.357000
6.357000
6.357000
6.357000
6.796000
6.796000
6.796000
6.796000
6.796000
6.796000
6.796000
7.236000
7.236000
7.236000
7.236000
7.236000
7.236000
7.236000
7.236000
7.236000
7.236000
7.236000
7.236000
7.236000
7.676000
7.676000
7.676000
7.676000
7.676000
8.115000
8.115000
8.115000
8.115000
8.115000
8.115000
8.115000
8.115000
8.115000
8.115000
8.115000
8.115000
8.115000
8.115000
8.115000
8.555000
8.555000
8.555000
8.555000
8.555000
8.555000
8.555000
8.555000
8.995000
8.995000
8.995000
8.995000
9.435000
9.435000
9.435000
9.435000
9.874000
9.874000
9.874000
9.874000
9.874000
9.874000
9.874000
9.874000
9.874000
9.874000
9.874000
10.310000
10.310000
10.310000
10.310000
10.310000
10.310000
10.310000
10.310000
10.310000
10.750000
10.750000
10.750000
10.750000
10.750000
10.750000
10.750000
10.750000
10.750000
11.190000
11.190000
11.190000
11.190000
11.190000
11.190000
11.190000
11.190000
11.190000
11.190000
11.190000
11.190000
11.190000
11.630000
11.630000
11.630000
11.630000
11.630000
11.630000
11.630000
11.630000
11.630000
11.630000
12.070000
12.070000
12.070000
12.070000
12.070000
12.070000
12.510000
12.510000
12.510000
12.510000
12.510000
12.510000
12.510000
12.510000
12.510000
12.510000
12.510000
12.510000
12.510000
12.950000
12.950000
12.950000
12.950000
12.950000
12.950000
12.950000
12.950000
12.950000
12.950000
12.950000
12.950000
12.950000
13.390000
13.390000
13.390000
13.390000
13.390000
13.390000
13.390000
13.390000
13.390000
13.830000
13.830000
13.830000
13.830000
13.830000
13.830000
13.830000
13.830000
13.830000
13.830000
13.830000
13.830000
13.830000
13.830000
13.830000
14.270000
14.270000
14.270000
14.270000
14.270000
14.270000
14.270000
14.270000
14.270000
14.270000
14.270000
14.270000
14.270000
14.270000
14.710000
14.710000
14.710000
14.710000
14.710000
14.710000
14.710000
14.710000
14.710000
14.710000
15.150000
15.150000
15.150000
15.150000
15.150000
15.150000
15.150000
15.150000
15.150000
15.150000
15.590000
15.590000
15.590000
15.590000
15.590000
15.590000
15.590000
16.030001
16.030001
16.030001
16.030001
16.030001
16.030001
16.030001
16.030001
16.030001
16.030001
16.030001
16.030001
16.030001
16.469999
16.469999
16.469999
16.469999
16.469999
16.469999
16.469999
16.469999
16.469999
16.469999
16.469999
16.469999
16.469999
16.469999
16.910000
16.910000
16.910000
16.910000
16.910000
16.910000
17.350000
17.350000
17.350000
17.350000
17.350000
17.350000
17.350000
17.350000
17.350000
17.790001
17.790001
17.790001
17.790001
17.790001
17.790001
17.790001
18.230000
18.230000
18.230000
18.230000
18.230000
18.230000
18.230000
18.230000
18.230000
18.230000
18.230000
18.230000
18.230000
18.670000
18.670000
18.670000
18.670000
18.670000
18.670000
18.670000
18.670000
18.670000
18.670000
18.670000
18.670000
19.110001
19.110001
19.110001
19.110001
19.110001
19.110001
19.110001
19.549999
19.549999
19.549999
19.549999
19.549999
19.549999
19.549999
19.549999
19.990000
19.990000
19.990000
19.990000
19.990000
20.430000
20.430000
20.430000
20.430000
20.430000
20.430000
20.430000
20.870001
20.870001
20.870001
20.870001
20.870001
20.870001
20.870001
20.870001
20.870001
20.870001
20.870001
20.870001
20.870001
20.870001
20.870001
21.309999
21.309999
21.309999
21.309999
21.309999
21.309999
21.309999
21.309999
21.309999
21.309999
21.309999
21.309999
21.309999
21.309999
21.309999
21.309999
21.750000
21.750000
21.750000
21.750000
21.750000
21.750000
21.750000
30.070000
30.070000
30.070000
30.070000
30.070000
30.070000
30.070000
30.070000
38.389999
38.389999
38.389999
38.389999
38.389999
38.389999
38.389999
38.389999
38.389999
38.389999
38.389999
38.389999
38.389999
46.720001
46.720001
46.720001
46.720001
46.720001
55.040001
55.040001
55.040001
55.040001
55.040001
55.040001
55.040001
55.040001
55.040001
55.040001
61.290001
61.290001
61.290001
