0.000000
0.000000
0.000000
0.000000
0.000000
0.000000
0.000000
0.000000
0.000000
0.000000
0.000000
0.000000
0.000000
0.000000
0.000000
0.000000
0.000000
0.000000
0.000000
0.000000
0.000000
0.000000
0.000000
0.000000
0.000000
0.000000
0.000000
0.000000
0.000000
0.000000
0.000000
0.000000
0.000000
0.000000
0.000000
0.000000
0.000000
0.000000
0.000000
0.000000
0.000000
0.000000
0.000000
0.000000
0.000000
0.000000
0.000000
0.000000
0.000000
0.000000
0.000000
0.380700
0.380700
0.380700
0.380700
0.380700
0.380700
0.380700
0.461800
0.461800
0.461800
0.461800
0.461800
0.461800
0.461800
0.461800
0.461800
0.461800
0.542900
0.542900
0.542900
0.542900
0.542900
0.542900
0.542900
0.542900
0.542900
0.542900
0.624000
0.624000
0.624000
0.624000
0.624000
0.624000
0.624000
0.624000
0.624000
0.624000
0.624000
0.624000
0.705100
0.705100
0.705100
0.705100
0.705100
0.705100
0.705100
0.705100
0.705100
0.705100
0.705100
0.786200
0.786200
0.786200
0.786200
0.867300
0.867300
0.867300
0.867300
0.867300
0.867300
0.867300
0.867300
0.867300
0.867300
0.867300
0.948400
0.948400
0.948400
0.948400
0.948400
0.948400
0.948400
1.029000
1.029000
1.029000
1.029000
1.029000
1.029000
1.029000
1.111000
1.111000
1.111000
1.111000
1.111000
1.111000
1.111000
1.192000
1.192000
1.192000
1.192000
1.192000
1.192000
1.273000
1.273000
1.273000
1.273000
1.273000
1.273000
1.273000
1.273000
1.273000
1.273000
1.273000
1.273000
1.273000
1.273000
1.273000
1.354000
1.354000
1.354000
1.354000
1.354000
1.354000
1.354000
1.354000
1.435000
1.435000
1.435000
1.435000
1.435000
1.435000
1.435000
1.435000
1.435000
1.435000
1.435000
1.435000
1.435000
1.435000
1.435000
1.435000
1.516000
1.516000
1.516000
1.516000
1.516000
1.516000
1.516000
1.516000
1.516000
1.516000
1.597000
1.597000
1.597000
1.597000
1.597000
1.597000
1.597000
1.597000
1.597000
1.678000
1.678000
1.678000
1.678000
1.678000
1.678000
1.678000
1.678000
1.678000
1.759000
1.759000
1.759000
1.759000
1.759000
1.759000
1.759000
1.759000
1.759000
1.759000
1.759000
1.759000
1.840000
1.840000
1.840000
1.840000
1.840000
1.840000
1.840000
1.840000
1.922000
1.922000
1.922000
1.922000
1.922000
2.003000
2.003000
2.003000
2.003000
2.003000
2.003000
2.003000
2.003000
2.003000
2.003000
2.084000
2.084000
2.084000
2.084000
2.084000
2.084000
2.084000
2.084000
2.084000
2.084000
2.084000
2.165000
2.165000
2.165000
2.165000
2.165000
2.165000
2.165000
2.165000
2.246000
2.246000
2.246000
2.246000
2.246000
2.246000
2.246000
2.246000
2.246000
2.246000
2.246000
2.327000
2.327000
2.327000
2.327000
2.327000
2.327000
2.408000
2.408000
2.408000
2.408000
2.408000
2.408000
2.408000
2.408000
2.489000
2.489000
2.489000
2.489000
2.489000
2.489000
2.489000
2.489000
2.489000
2.489000
2.489000
2.489000
2.489000
2.570000
2.570000
2.570000
2.570000
2.651000
2.651000
2.651000
2.651000
2.651000
2.651000
2.651000
2.651000
2.651000
2.651000
2.651000
2.651000
2.651000
2.651000
2.651000
2.651000
2.732000
2.732000
2.732000
2.732000
2.732000
2.732000
2.732000
2.732000
2.732000
2.732000
2.732000
2.732000
2.732000
2.732000
2.732000
2.732000
2.732000
2.732000
2.732000
2.732000
2.732000
2.732000
2.732000
2.814000
2.814000
2.814000
2.814000
2.814000
2.814000
2.814000
2.814000
2.895000
2.895000
2.895000
2.895000
2.895000
2.895000
2.895000
2.895000
2.895000
2.976000
2.976000
2.976000
2.976000
2.976000
2.976000
2.976000
2.976000
2.976000
3.057000
3.057000
3.057000
3.057000
3.057000
3.057000
3.057000
3.057000
3.057000
3.057000
3.057000
3.138000
3.138000
3.138000
3.138000
3.138000
3.138000
3.138000
3.138000
3.138000
3.138000
3.138000
3.219000
3.219000
3.219000
3.219000
3.219000
3.219000
3.219000
3.219000
3.219000
3.219000
3.219000
3.300000
3.300000
3.300000
3.300000
3.300000
3.300000
3.300000
3.300000
3.300000
3.300000
3.300000
3.300000
3.300000
3.381000
3.381000
3.381000
3.381000
3.381000
3.462000
3.462000
3.462000
3.462000
3.462000
3.462000
3.462000
3.462000
3.462000
3.543000
3.543000
3.543000
3.543000
3.543000
3.543000
3.543000
3.543000
3.543000
3.543000
3.543000
3.624000
3.624000
3.624000
3.624000
3.624000
3.624000
3.706000
3.706000
3.706000
3.706000
3.706000
3.706000
3.706000
3.706000
3.706000
3.706000
3.706000
3.706000
3.706000
3.706000
3.787000
3.787000
3.787000
3.787000
3.787000
3.787000
3.787000
3.787000
3.868000
3.868000
3.868000
3.868000
3.868000
3.868000
3.868000
3.868000
3.868000
3.868000
3.868000
3.868000
3.868000
3.949000
3.949000
3.949000
3.949000
3.949000
3.949000
3.949000
3.949000
3.949000
3.949000
3.949000
4.030000
4.030000
4.030000
4.030000
4.030000
4.030000
4.668000
4.668000
4.668000
4.668000
4.668000
4.668000
4.668000
4.668000
4.668000
4.668000
4.668000
4.668000
4.668000
5.306000
5.306000
5.306000
5.306000
5.306000
5.306000
5.306000
5.306000
5.306000
5.306000
5.306000
5.306000
5.306000
5.943000
5.943000
5.943000
5.943000
5.943000
5.943000
5.943000
5.943000
6.581000
6.581000
6.581000
6.581000
6.581000
6.581000
6.581000
6.581000
6.581000
6.581000
6.581000
6.581000
7.219000
7.219000
7.219000
7.219000
7.219000
7.219000
7.219000
7.219000
7.219000
7.219000
7.857000
7.857000
7.857000
7.857000
7.857000
7.857000
7.857000
7.857000
7.857000
7.857000
7.857000
8.494000
8.494000
8.494000
8.494000
8.494000
8.494000
9.132000
9.132000
9.132000
9.132000
9.132000
9.770000
9.770000
9.770000
9.770000
9.770000
9.770000
9.770000
9.770000
10.410000
10.410000
10.410000
10.410000
10.410000
10.410000
10.410000
10.410000
10.410000
11.050000
11.050000
11.050000
11.050000
11.050000
11.050000
11.050000
11.050000
11.050000
11.680000
11.680000
11.680000
11.680000
11.680000
11.680000
11.680000
11.680000
11.680000
11.680000
11.680000
12.320000
12.320000
12.320000
12.320000
12.320000
12.320000
12.320000
12.320000
12.320000
12.320000
12.320000
12.320000
12.960000
12.960000
12.960000
12.960000
12.960000
12.960000
12.960000
13.600000
13.600000
13.600000
13.600000
13.600000
13.600000
13.600000
13.600000
13.600000
13.600000
13.600000
13.600000
13.600000
14.230000
14.230000
14.230000
14.230000
14.230000
14.230000
14.230000
14.230000
14.230000
14.230000
14.230000
14.230000
14.870000
14.870000
14.870000
14.870000
14.870000
14.870000
14.870000
14.870000
14.870000
14.870000
14.870000
14.870000
15.510000
15.510000
15.510000
15.510000
15.510000
15.510000
16.150000
16.150000
16.150000
16.150000
16.150000
16.150000
16.150000
16.150000
16.150000
16.150000
16.150000
16.790001
16.790001
16.790001
16.790001
16.790001
16.790001
16.790001
16.790001
16.790001
16.790001
16.790001
17.420000
17.420000
17.420000
17.420000
17.420000
17.420000
17.420000
17.420000
17.420000
17.420000
18.059999
18.059999
18.059999
18.059999
18.059999
18.059999
18.059999
18.059999
18.059999
18.059999
18.059999
18.700001
18.700001
18.700001
18.700001
18.700001
18.700001
18.700001
18.700001
18.700001
18.700001
19.340000
19.340000
19.340000
19.340000
19.340000
19.340000
19.340000
19.340000
19.340000
19.340000
19.340000
19.340000
19.340000
19.340000
19.969999
19.969999
19.969999
19.969999
19.969999
19.969999
19.969999
19.969999
19.969999
20.610001
20.610001
20.610001
20.610001
20.610001
20.610001
20.610001
20.610001
20.610001
20.610001
20.610001
20.610001
20.610001
20.610001
20.610001
20.610001
20.610001
21.250000
21.250000
21.250000
21.250000
21.250000
21.250000
21.250000
21.250000
21.250000
21.889999
21.889999
21.889999
21.889999
21.889999
21.889999
21.889999
21.889999
22.530001
22.530001
22.530001
22.530001
22.530001
22.530001
22.530001
22.530001
22.530001
23.160000
23.160000
23.160000
23.160000
23.160000
23.160000
23.160000
23.160000
23.160000
23.799999
23.799999
23.799999
23.799999
23.799999
23.799999
23.799999
23.799999
23.799999
23.799999
23.799999
24.440001
24.440001
24.440001
24.440001
24.440001
24.440001
24.440001
24.440001
24.440001
24.440001
24.440001
24.440001
24.440001
24.440001
24.440001
24.440001
25.080000
25.080000
25.080000
25.080000
25.080000
25.080000
25.080000
25.080000
25.080000
25.080000
25.080000
25.709999
25.709999
25.709999
25.709999
25.709999
25.709999
26.350000
26.350000
26.350000
26.350000
26.350000
26.350000
26.350000
26.990000
26.990000
26.990000
26.990000
26.990000
26.990000
26.990000
26.990000
26.990000
27.629999
27.629999
27.629999
27.629999
27.629999
27.629999
27.629999
27.629999
27.629999
27.629999
27.629999
27.629999
28.270000
28.270000
28.270000
28.270000
28.270000
28.270000
28.270000
28.270000
28.270000
28.900000
28.900000
28.900000
28.900000
28.900000
28.900000
28.900000
28.900000
28.900000
29.540001
29.540001
29.540001
29.540001
29.540001
29.540001
30.180000
30.180000
30.180000
30.180000
30.180000
30.180000
30.820000
30.820000
30.820000
30.820000
30.820000
30.820000
30.820000
30.820000
30.820000
30.820000
31.450001
31.450001
31.450001
31.450001
31.450001
31.450001
31.450001
31.450001
31.450001
31.450001
31.450001
31.450001
32.090000
32.090000
32.090000
32.090000
32.090000
32.090000
32.090000
32.090000
32.090000
32.090000
32.090000
32.730000
32.730000
32.730000
32.730000
40.889999
40.889999
40.889999
40.889999
40.889999
40.889999
40.889999
40.889999
40.889999
40.889999
40.889999
40.889999
49.049999
49.049999
49.049999
49.049999
49.049999
49.049999
49.049999
49.049999
49.049999
49.049999
49.049999
49.049999
49.049999
49.049999
49.049999
49.049999
57.220001
57.220001
57.220001
57.220001
57.220001
57.220001
57.220001
57.220001
57.220001
57.220001
57.220001
65.379997
65.379997
65.379997
65.379997
65.379997
71.500000
71.500000
71.500000
71.500000
71.500000
71.500000
71.500000
71.500000
71.500000
71.500000
71.500000
71.500000
