0.000000
0.000000
0.000000
0.000000
0.000000
0.000000
0.000000
0.000000
0.000000
0.000000
0.000000
0.000000
0.000000
0.000000
0.000000
0.000000
0.000000
0.000000
0.000000
0.000000
0.000000
0.000000
0.000000
0.000000
0.000000
0.000000
0.000000
0.000000
0.000000
0.000000
0.000000
0.000000
0.000000
0.000000
0.000000
0.000000
0.000000
0.000000
0.000000
0.639600
0.639600
0.639600
0.639600
0.639600
0.639600
0.639600
0.802100
0.802100
0.802100
0.802100
0.802100
0.802100
0.802100
0.802100
0.802100
0.802100
0.802100
0.802100
0.802100
0.802100
0.802100
0.964500
0.964500
0.964500
0.964500
0.964500
0.964500
0.964500
0.964500
0.964500
1.127000
1.127000
1.127000
1.127000
1.127000
1.127000
1.127000
1.127000
1.127000
1.127000
1.289000
1.289000
1.289000
1.289000
1.289000
1.289000
1.289000
1.289000
1.289000
1.289000
1.289000
1.289000
1.289000
1.289000
1.289000
1.289000
1.452000
1.452000
1.452000
1.452000
1.452000
1.452000
1.452000
1.452000
1.452000
1.452000
1.452000
1.452000
1.452000
1.452000
1.614000
1.614000
1.614000
1.614000
1.614000
1.614000
1.614000
1.614000
1.614000
1.614000
1.614000
1.614000
1.614000
1.614000
1.614000
1.614000
1.614000
1.614000
1.777000
1.777000
1.777000
1.777000
1.777000
1.777000
1.777000
1.777000
1.777000
1.939000
1.939000
1.939000
1.939000
1.939000
1.939000
1.939000
1.939000
1.939000
2.102000
2.102000
2.102000
2.102000
2.102000
2.102000
2.102000
2.102000
2.102000
2.264000
2.264000
2.264000
2.264000
2.264000
2.264000
2.264000
2.264000
2.426000
2.426000
2.426000
2.426000
2.589000
2.589000
2.589000
2.589000
2.589000
2.589000
2.589000
2.589000
2.589000
2.589000
2.751000
2.751000
2.751000
2.751000
2.751000
2.751000
2.751000
2.751000
2.914000
2.914000
2.914000
2.914000
2.914000
2.914000
2.914000
2.914000
2.914000
3.076000
3.076000
3.076000
3.076000
3.076000
3.076000
3.076000
3.076000
3.076000
3.076000
3.076000
3.239000
3.239000
3.239000
3.239000
3.239000
3.401000
3.401000
3.401000
3.401000
3.401000
3.401000
3.401000
3.401000
3.401000
3.401000
3.401000
3.401000
3.564000
3.564000
3.564000
3.564000
3.564000
3.564000
3.564000
3.564000
3.726000
3.726000
3.726000
3.726000
3.726000
3.726000
3.726000
3.726000
3.888000
3.888000
3.888000
3.888000
3.888000
3.888000
3.888000
3.888000
3.888000
3.888000
4.051000
4.051000
4.051000
4.051000
4.051000
4.213000
4.213000
4.213000
4.213000
4.213000
4.213000
4.376000
4.376000
4.376000
4.376000
4.376000
4.376000
4.376000
4.376000
4.376000
4.376000
4.376000
4.376000
4.376000
4.376000
4.538000
4.538000
4.538000
4.538000
4.538000
4.538000
4.538000
4.538000
4.538000
4.538000
4.538000
4.538000
4.538000
4.538000
4.538000
4.538000
4.701000
4.701000
4.701000
4.701000
4.701000
4.701000
4.701000
4.701000
4.701000
4.863000
4.863000
4.863000
4.863000
4.863000
4.863000
4.863000
4.863000
5.026000
5.026000
5.026000
5.026000
5.026000
5.026000
5.026000
5.026000
5.026000
5.026000
5.188000
5.188000
5.188000
5.188000
5.188000
5.188000
5.188000
5.188000
5.188000
5.188000
5.350000
5.350000
5.350000
5.350000
5.350000
5.350000
5.350000
5.350000
5.350000
5.350000
5.350000
5.350000
5.513000
5.513000
5.513000
5.513000
5.513000
5.513000
5.513000
5.513000
5.513000
5.675000
5.675000
5.675000
5.675000
5.675000
5.675000
5.838000
5.838000
5.838000
5.838000
5.838000
5.838000
5.838000
6.000000
6.000000
6.000000
6.000000
6.000000
6.000000
6.000000
6.000000
6.163000
6.163000
6.163000
6.163000
6.163000
6.163000
6.163000
6.163000
6.163000
6.163000
6.163000
6.163000
6.163000
6.163000
6.325000
6.325000
6.325000
6.325000
6.325000
6.325000
6.325000
6.325000
6.325000
6.325000
6.487000
6.487000
6.487000
6.487000
6.487000
6.487000
6.487000
6.487000
6.487000
6.487000
6.650000
6.650000
6.650000
6.650000
6.650000
6.650000
6.650000
6.650000
6.650000
6.650000
6.650000
6.650000
6.650000
6.812000
6.812000
6.812000
6.812000
6.812000
6.812000
6.812000
6.812000
6.812000
6.812000
6.975000
6.975000
6.975000
6.975000
6.975000
6.975000
6.975000
6.975000
6.975000
6.975000
6.975000
6.975000
7.137000
7.137000
7.137000
7.137000
7.137000
7.137000
7.137000
7.137000
7.137000
7.137000
7.137000
7.300000
7.300000
7.300000
7.300000
7.300000
7.300000
7.300000
7.300000
7.300000
7.300000
7.462000
7.462000
7.462000
7.462000
7.462000
7.462000
7.462000
7.462000
7.462000
7.625000
7.625000
7.625000
7.625000
7.625000
7.625000
7.625000
7.625000
7.625000
7.625000
7.625000
7.625000
7.787000
7.787000
7.787000
7.787000
7.787000
7.787000
7.787000
7.787000
7.787000
7.787000
7.787000
7.787000
7.787000
7.787000
7.949000
7.949000
7.949000
7.949000
7.949000
7.949000
7.949000
7.949000
7.949000
7.949000
8.628000
8.628000
8.628000
8.628000
8.628000
8.628000
8.628000
8.628000
9.307000
9.307000
9.307000
9.307000
9.307000
9.307000
9.307000
9.307000
9.307000
9.307000
9.986000
9.986000
9.986000
9.986000
9.986000
9.986000
9.986000
9.986000
10.660000
10.660000
10.660000
10.660000
10.660000
10.660000
10.660000
10.660000
10.660000
11.340000
11.340000
11.340000
11.340000
11.340000
11.340000
11.340000
12.020000
12.020000
12.020000
12.020000
12.020000
12.700000
12.700000
12.700000
12.700000
12.700000
12.700000
12.700000
12.700000
12.700000
12.700000
12.700000
12.700000
12.700000
13.380000
13.380000
13.380000
13.380000
13.380000
13.380000
14.060000
14.060000
14.060000
14.060000
14.060000
14.060000
14.060000
14.060000
14.060000
14.060000
14.740000
14.740000
14.740000
14.740000
14.740000
14.740000
14.740000
14.740000
14.740000
15.420000
15.420000
15.420000
15.420000
15.420000
15.420000
15.420000
15.420000
15.420000
15.420000
16.100000
16.100000
16.100000
16.100000
16.100000
16.100000
16.100000
16.100000
16.100000
16.100000
16.770000
16.770000
16.770000
16.770000
16.770000
16.770000
16.770000
16.770000
16.770000
16.770000
17.450001
17.450001
17.450001
17.450001
17.450001
17.450001
17.450001
17.450001
17.450001
17.450001
17.450001
18.129999
18.129999
18.129999
18.129999
18.129999
18.129999
18.129999
18.129999
18.129999
18.129999
18.129999
18.129999
18.129999
18.129999
18.129999
18.809999
18.809999
18.809999
18.809999
19.490000
19.490000
19.490000
19.490000
19.490000
19.490000
19.490000
19.490000
19.490000
20.170000
20.170000
20.170000
20.170000
20.170000
20.170000
20.170000
20.170000
20.170000
20.170000
20.170000
20.170000
20.170000
20.170000
20.170000
20.170000
20.170000
20.850000
20.850000
20.850000
20.850000
21.530001
21.530001
21.530001
21.530001
21.530001
21.530001
21.530001
21.530001
22.209999
22.209999
22.209999
22.209999
22.209999
22.209999
22.209999
22.209999
22.209999
22.209999
22.209999
22.209999
22.879999
22.879999
22.879999
22.879999
22.879999
22.879999
23.559999
23.559999
23.559999
23.559999
23.559999
23.559999
23.559999
23.559999
23.559999
23.559999
23.559999
24.240000
24.240000
24.240000
24.240000
24.240000
24.240000
24.240000
24.240000
24.920000
24.920000
24.920000
24.920000
24.920000
24.920000
24.920000
24.920000
25.600000
25.600000
25.600000
25.600000
25.600000
25.600000
25.600000
25.600000
25.600000
26.280001
26.280001
26.280001
26.280001
26.280001
26.280001
26.280001
26.280001
26.280001
26.959999
26.959999
26.959999
26.959999
26.959999
26.959999
26.959999
26.959999
26.959999
26.959999
26.959999
26.959999
26.959999
26.959999
26.959999
26.959999
27.639999
27.639999
27.639999
27.639999
27.639999
27.639999
27.639999
27.639999
27.639999
27.639999
27.639999
27.639999
27.639999
27.639999
27.639999
27.639999
27.639999
27.639999
28.309999
28.309999
28.309999
28.309999
28.309999
28.309999
28.309999
28.990000
28.990000
28.990000
28.990000
28.990000
28.990000
29.670000
29.670000
29.670000
29.670000
29.670000
29.670000
29.670000
29.670000
29.670000
29.670000
29.670000
29.670000
30.350000
30.350000
30.350000
30.350000
30.350000
30.350000
30.350000
31.030001
31.030001
31.030001
31.030001
31.030001
31.030001
31.030001
31.030001
31.030001
31.030001
31.709999
31.709999
31.709999
31.709999
31.709999
31.709999
31.709999
31.709999
31.709999
31.709999
32.389999
32.389999
32.389999
32.389999
32.389999
32.389999
32.389999
32.389999
32.389999
32.389999
32.389999
32.389999
33.070000
33.070000
33.070000
33.070000
33.070000
33.070000
33.070000
33.070000
33.070000
33.070000
33.070000
33.070000
33.070000
33.070000
33.070000
33.070000
33.070000
33.750000
33.750000
33.750000
33.750000
33.750000
33.750000
33.750000
33.750000
33.750000
33.750000
33.750000
33.750000
33.750000
34.419998
34.419998
34.419998
34.419998
34.419998
34.419998
34.419998
34.419998
34.419998
34.419998
34.419998
34.419998
34.419998
35.099998
35.099998
35.099998
35.099998
35.099998
35.099998
35.099998
35.099998
35.099998
35.099998
35.099998
35.099998
35.099998
35.099998
35.099998
35.099998
35.099998
35.099998
35.779999
35.779999
35.779999
35.779999
35.779999
35.779999
35.779999
35.779999
35.779999
35.779999
36.459999
36.459999
36.459999
36.459999
36.459999
36.459999
36.459999
36.459999
36.459999
37.139999
37.139999
37.139999
37.139999
37.139999
37.139999
37.139999
37.820000
37.820000
37.820000
37.820000
37.820000
37.820000
38.500000
38.500000
38.500000
38.500000
38.500000
38.500000
38.500000
38.500000
38.500000
49.380001
49.380001
49.380001
49.380001
49.380001
49.380001
49.380001
49.380001
49.380001
49.380001
49.380001
49.380001
49.380001
49.380001
49.380001
49.380001
60.270000
60.270000
60.270000
60.270000
60.270000
60.270000
60.270000
60.270000
60.270000
71.150002
71.150002
71.150002
71.150002
71.150002
71.150002
71.150002
71.150002
71.150002
71.150002
71.150002
82.040001
82.040001
82.040001
82.040001
82.040001
82.040001
82.040001
82.040001
82.040001
82.040001
90.199997
90.199997
90.199997
90.199997
90.199997
