0.000000
0.000000
0.000000
0.000000
0.000000
0.000000
0.000000
0.000000
0.000000
0.000000
0.000000
0.000000
0.000000
0.000000
0.000000
0.000000
0.000000
0.000000
0.000000
0.000000
0.000000
0.000000
0.000000
0.000000
0.000000
0.000000
0.000000
0.000000
0.000000
0.000000
0.000000
0.000000
0.000000
0.000000
0.000000
0.000000
0.000000
0.000000
0.000000
0.000000
0.000000
0.000000
0.000000
0.000000
0.000000
0.000000
0.147600
0.147600
0.147600
0.147600
0.147600
0.147600
0.147600
0.147600
0.147600
0.215600
0.215600
0.215600
0.215600
0.215600
0.215600
0.215600
0.215600
0.215600
0.283700
0.283700
0.283700
0.283700
0.283700
0.283700
0.283700
0.283700
0.283700
0.283700
0.283700
0.283700
0.283700
0.283700
0.283700
0.351700
0.351700
0.351700
0.351700
0.351700
0.351700
0.351700
0.351700
0.351700
0.351700
0.351700
0.419700
0.419700
0.419700
0.419700
0.419700
0.419700
0.487700
0.487700
0.487700
0.487700
0.487700
0.487700
0.487700
0.487700
0.487700
0.487700
0.487700
0.555800
0.555800
0.555800
0.555800
0.555800
0.555800
0.555800
0.555800
0.555800
0.555800
0.555800
0.555800
0.555800
0.555800
0.623800
0.623800
0.623800
0.623800
0.623800
0.623800
0.623800
0.623800
0.623800
0.691800
0.691800
0.691800
0.691800
0.691800
0.691800
0.691800
0.691800
0.691800
0.691800
0.691800
0.691800
0.691800
0.691800
0.691800
0.691800
0.691800
0.691800
0.759800
0.759800
0.759800
0.759800
0.759800
0.759800
0.759800
0.827800
0.827800
0.827800
0.827800
0.827800
0.827800
0.827800
0.827800
0.827800
0.827800
0.827800
0.827800
0.827800
0.895900
0.895900
0.895900
0.895900
0.895900
0.895900
0.895900
0.963900
0.963900
0.963900
0.963900
0.963900
0.963900
0.963900
0.963900
0.963900
0.963900
0.963900
0.963900
0.963900
0.963900
0.963900
0.963900
1.032000
1.032000
1.032000
1.032000
1.032000
1.032000
1.032000
1.032000
1.032000
1.100000
1.100000
1.100000
1.100000
1.100000
1.100000
1.100000
1.100000
1.100000
1.100000
1.100000
1.100000
1.100000
1.100000
1.168000
1.168000
1.168000
1.168000
1.168000
1.168000
1.168000
1.168000
1.168000
1.168000
1.168000
1.168000
1.236000
1.236000
1.236000
1.236000
1.236000
1.236000
1.236000
1.236000
1.236000
1.236000
1.236000
1.236000
1.304000
1.304000
1.304000
1.304000
1.304000
1.304000
1.304000
1.304000
1.304000
1.372000
1.372000
1.372000
1.372000
1.372000
1.440000
1.440000
1.440000
1.440000
1.440000
1.440000
1.440000
1.440000
1.440000
1.508000
1.508000
1.508000
1.508000
1.508000
1.508000
1.508000
1.508000
1.576000
1.576000
1.576000
1.576000
1.576000
1.576000
1.576000
1.576000
1.576000
1.576000
1.576000
1.644000
1.644000
1.644000
1.644000
1.644000
1.644000
1.644000
1.644000
1.644000
1.712000
1.712000
1.712000
1.712000
1.712000
1.712000
1.712000
1.712000
1.712000
1.712000
1.712000
1.712000
1.780000
1.780000
1.780000
1.780000
1.780000
1.780000
1.780000
1.848000
1.848000
1.848000
1.848000
1.848000
1.848000
1.848000
1.916000
1.916000
1.916000
1.916000
1.916000
1.916000
1.916000
1.916000
1.916000
1.916000
1.916000
1.916000
1.916000
1.984000
1.984000
1.984000
1.984000
1.984000
1.984000
1.984000
1.984000
2.052000
2.052000
2.052000
2.052000
2.052000
2.052000
2.052000
2.052000
2.052000
2.052000
2.120000
2.120000
2.120000
2.120000
2.120000
2.120000
2.120000
2.188000
2.188000
2.188000
2.188000
2.188000
2.188000
2.188000
2.188000
2.256000
2.256000
2.256000
2.256000
2.324000
2.324000
2.324000
2.324000
2.324000
2.324000
2.324000
2.324000
2.324000
2.392000
2.392000
2.392000
2.392000
2.392000
2.392000
2.392000
2.392000
2.460000
2.460000
2.460000
2.460000
2.460000
2.460000
2.460000
2.528000
2.528000
2.528000
2.528000
2.528000
2.528000
2.528000
2.528000
2.528000
2.528000
2.528000
2.528000
2.528000
2.528000
2.528000
2.528000
2.528000
2.528000
2.528000
2.528000
2.596000
2.596000
2.596000
2.596000
2.596000
2.596000
2.596000
2.596000
2.596000
2.596000
2.596000
2.596000
2.596000
2.596000
2.665000
2.665000
2.665000
2.665000
2.665000
2.665000
2.665000
2.665000
2.665000
2.665000
2.665000
2.665000
2.665000
2.665000
2.665000
2.665000
2.665000
2.733000
2.733000
2.733000
2.733000
2.733000
2.733000
2.733000
2.733000
2.733000
2.801000
2.801000
2.801000
2.801000
2.801000
2.801000
2.801000
2.801000
2.801000
2.869000
2.869000
2.869000
2.869000
2.869000
2.869000
2.869000
2.869000
2.869000
2.869000
2.869000
2.869000
2.937000
2.937000
2.937000
2.937000
2.937000
2.937000
2.937000
3.005000
3.005000
3.005000
3.005000
3.005000
3.005000
3.005000
3.005000
3.073000
3.073000
3.073000
3.073000
3.073000
3.073000
3.073000
3.073000
3.073000
3.141000
3.141000
3.141000
3.141000
3.141000
3.141000
3.141000
3.209000
3.209000
3.209000
3.209000
3.209000
3.209000
3.209000
3.209000
3.209000
3.209000
3.209000
3.209000
3.209000
3.209000
3.863000
3.863000
3.863000
3.863000
3.863000
3.863000
3.863000
4.518000
4.518000
4.518000
4.518000
4.518000
5.172000
5.172000
5.172000
5.172000
5.172000
5.172000
5.172000
5.172000
5.172000
5.172000
5.172000
5.172000
5.172000
5.827000
5.827000
5.827000
5.827000
5.827000
5.827000
5.827000
5.827000
5.827000
5.827000
5.827000
5.827000
6.482000
6.482000
6.482000
6.482000
6.482000
6.482000
6.482000
6.482000
6.482000
6.482000
6.482000
6.482000
6.482000
6.482000
6.482000
7.136000
7.136000
7.136000
7.136000
7.136000
7.136000
7.136000
7.136000
7.136000
7.136000
7.136000
7.136000
7.136000
7.136000
7.136000
7.136000
7.136000
7.136000
7.791000
7.791000
7.791000
7.791000
7.791000
7.791000
8.445000
8.445000
8.445000
8.445000
8.445000
8.445000
8.445000
8.445000
8.445000
8.445000
8.445000
9.100000
9.100000
9.100000
9.100000
9.100000
9.100000
9.100000
9.100000
9.100000
9.100000
9.100000
9.100000
9.754000
9.754000
9.754000
9.754000
9.754000
10.410000
10.410000
10.410000
10.410000
10.410000
10.410000
10.410000
10.410000
11.060000
11.060000
11.060000
11.060000
11.060000
11.060000
11.060000
11.060000
11.060000
11.060000
11.060000
11.060000
11.060000
11.060000
11.060000
11.060000
11.060000
11.060000
11.720000
11.720000
11.720000
11.720000
11.720000
11.720000
11.720000
11.720000
12.370000
12.370000
12.370000
12.370000
12.370000
12.370000
12.370000
12.370000
12.370000
12.370000
13.030000
13.030000
13.030000
13.030000
13.030000
13.030000
13.030000
13.030000
13.030000
13.680000
13.680000
13.680000
13.680000
13.680000
13.680000
13.680000
13.680000
13.680000
13.680000
14.340000
14.340000
14.340000
14.340000
14.340000
14.340000
14.990000
14.990000
14.990000
14.990000
14.990000
14.990000
14.990000
14.990000
14.990000
14.990000
14.990000
14.990000
15.650000
15.650000
15.650000
15.650000
15.650000
16.299999
16.299999
16.299999
16.299999
16.299999
16.299999
16.950001
16.950001
16.950001
16.950001
16.950001
16.950001
17.610001
17.610001
17.610001
17.610001
17.610001
17.610001
17.610001
17.610001
17.610001
17.610001
17.610001
18.260000
18.260000
18.260000
18.260000
18.260000
18.260000
18.260000
18.260000
18.920000
18.920000
18.920000
18.920000
18.920000
18.920000
18.920000
18.920000
18.920000
18.920000
18.920000
18.920000
19.570000
19.570000
19.570000
19.570000
19.570000
19.570000
19.570000
19.570000
19.570000
19.570000
19.570000
19.570000
19.570000
20.230000
20.230000
20.230000
20.230000
20.230000
20.230000
20.230000
20.230000
20.230000
20.230000
20.230000
20.230000
20.230000
20.879999
20.879999
20.879999
20.879999
20.879999
20.879999
20.879999
20.879999
20.879999
20.879999
20.879999
20.879999
20.879999
20.879999
20.879999
21.540001
21.540001
21.540001
21.540001
22.190001
22.190001
22.190001
22.190001
22.190001
22.850000
22.850000
22.850000
22.850000
22.850000
22.850000
22.850000
22.850000
22.850000
22.850000
23.500000
23.500000
23.500000
23.500000
23.500000
23.500000
23.500000
23.500000
23.500000
23.500000
23.500000
24.160000
24.160000
24.160000
24.160000
24.160000
24.160000
24.160000
24.160000
24.160000
24.160000
24.160000
24.160000
24.160000
24.809999
24.809999
24.809999
24.809999
24.809999
24.809999
24.809999
24.809999
24.809999
24.809999
25.459999
25.459999
25.459999
25.459999
25.459999
25.459999
25.459999
25.459999
26.120001
26.120001
26.120001
26.120001
26.120001
26.120001
26.120001
26.120001
26.770000
26.770000
26.770000
26.770000
26.770000
27.430000
27.430000
27.430000
27.430000
27.430000
27.430000
27.430000
27.430000
27.430000
28.080000
28.080000
28.080000
28.080000
28.080000
28.080000
28.080000
28.740000
28.740000
28.740000
28.740000
28.740000
28.740000
28.740000
28.740000
28.740000
28.740000
28.740000
28.740000
29.389999
29.389999
29.389999
29.389999
29.389999
29.389999
29.389999
29.389999
29.389999
29.389999
29.389999
30.049999
30.049999
30.049999
30.049999
30.049999
30.049999
30.049999
30.049999
30.049999
30.700001
30.700001
30.700001
30.700001
30.700001
30.700001
30.700001
31.360001
31.360001
31.360001
31.360001
31.360001
31.360001
31.360001
31.360001
32.009998
32.009998
32.009998
32.009998
32.009998
32.009998
32.009998
32.009998
32.009998
32.009998
32.009998
32.009998
32.009998
32.009998
32.009998
32.660000
32.660000
32.660000
32.660000
32.660000
32.660000
32.660000
40.910000
40.910000
40.910000
40.910000
40.910000
40.910000
40.910000
40.910000
40.910000
40.910000
49.150002
49.150002
49.150002
49.150002
49.150002
49.150002
49.150002
49.150002
57.400002
57.400002
57.400002
57.400002
57.400002
57.400002
57.400002
57.400002
57.400002
57.400002
57.400002
57.400002
65.639999
65.639999
65.639999
65.639999
65.639999
65.639999
65.639999
65.639999
65.639999
65.639999
65.639999
65.639999
65.639999
65.639999
71.820000
71.820000
71.820000
71.820000
71.820000
71.820000
71.820000
71.820000
