0.000000
0.000000
0.000000
0.000000
0.000000
0.000000
0.000000
0.000000
0.000000
0.000000
0.000000
0.000000
0.000000
0.000000
0.000000
0.000000
0.000000
0.000000
0.000000
0.000000
0.000000
0.000000
0.000000
0.000000
0.000000
0.000000
0.000000
0.000000
0.000000
0.000000
0.000000
0.000000
0.000000
0.000000
0.000000
0.000000
0.000000
0.000000
0.000000
0.000000
0.000000
0.000000
0.000000
0.000000
0.000000
0.000000
0.000000
0.000000
0.000000
0.000000
0.000030
0.000030
0.000030
0.000030
0.000030
0.000030
0.000030
0.000030
0.000030
0.051720
0.051720
0.051720
0.051720
0.051720
0.051720
0.051720
0.051720
0.051720
0.051720
0.051720
0.051720
0.103400
0.103400
0.103400
0.103400
0.103400
0.103400
0.103400
0.103400
0.103400
0.103400
0.103400
0.155100
0.155100
0.155100
0.155100
0.155100
0.155100
0.155100
0.155100
0.206800
0.206800
0.206800
0.206800
0.206800
0.206800
0.206800
0.206800
0.206800
0.206800
0.206800
0.206800
0.206800
0.206800
0.258500
0.258500
0.258500
0.258500
0.258500
0.258500
0.258500
0.258500
0.258500
0.258500
0.258500
0.258500
0.310100
0.310100
0.310100
0.310100
0.310100
0.310100
0.310100
0.310100
0.310100
0.361800
0.361800
0.361800
0.361800
0.361800
0.361800
0.361800
0.361800
0.361800
0.361800
0.413500
0.413500
0.413500
0.413500
0.413500
0.413500
0.413500
0.413500
0.413500
0.413500
0.413500
0.413500
0.465200
0.465200
0.465200
0.465200
0.465200
0.465200
0.465200
0.465200
0.465200
0.465200
0.465200
0.516900
0.516900
0.516900
0.516900
0.516900
0.516900
0.516900
0.516900
0.516900
0.516900
0.568600
0.568600
0.568600
0.568600
0.568600
0.568600
0.568600
0.568600
0.568600
0.568600
0.568600
0.568600
0.568600
0.568600
0.568600
0.620300
0.620300
0.620300
0.620300
0.620300
0.620300
0.620300
0.620300
0.620300
0.620300
0.620300
0.671900
0.671900
0.671900
0.671900
0.671900
0.671900
0.671900
0.671900
0.671900
0.671900
0.671900
0.671900
0.671900
0.671900
0.723600
0.723600
0.723600
0.723600
0.723600
0.723600
0.723600
0.723600
0.723600
0.723600
0.723600
0.775300
0.775300
0.775300
0.775300
0.775300
0.775300
0.775300
0.775300
0.775300
0.775300
0.775300
0.827000
0.827000
0.827000
0.827000
0.827000
0.827000
0.827000
0.827000
0.827000
0.878700
0.878700
0.878700
0.878700
0.878700
0.878700
0.878700
0.930400
0.930400
0.930400
0.930400
0.930400
0.930400
0.930400
0.930400
0.930400
0.930400
0.982100
0.982100
0.982100
0.982100
0.982100
0.982100
0.982100
0.982100
0.982100
0.982100
0.982100
0.982100
0.982100
1.034000
1.034000
1.034000
1.034000
1.034000
1.034000
1.034000
1.034000
1.034000
1.034000
1.034000
1.034000
1.034000
1.085000
1.085000
1.085000
1.085000
1.137000
1.137000
1.137000
1.137000
1.137000
1.137000
1.137000
1.137000
1.137000
1.137000
1.189000
1.189000
1.189000
1.189000
1.189000
1.189000
1.189000
1.189000
1.189000
1.240000
1.240000
1.240000
1.240000
1.240000
1.292000
1.292000
1.292000
1.292000
1.292000
1.292000
1.292000
1.292000
1.292000
1.344000
1.344000
1.344000
1.344000
1.344000
1.344000
1.344000
1.396000
1.396000
1.396000
1.396000
1.396000
1.396000
1.447000
1.447000
1.447000
1.447000
1.447000
1.447000
1.447000
1.447000
1.447000
1.499000
1.499000
1.499000
1.499000
1.499000
1.499000
1.499000
1.499000
1.551000
1.551000
1.551000
1.551000
1.551000
1.551000
1.551000
1.551000
1.551000
1.551000
1.551000
1.551000
1.551000
1.551000
1.551000
1.551000
1.602000
1.602000
1.602000
1.602000
1.602000
1.602000
1.654000
1.654000
1.654000
1.654000
1.654000
1.654000
1.654000
1.654000
1.654000
1.706000
1.706000
1.706000
1.706000
1.706000
1.706000
1.757000
1.757000
1.757000
1.757000
1.757000
1.757000
1.757000
1.757000
1.809000
1.809000
1.809000
1.809000
1.809000
1.809000
1.809000
1.809000
1.809000
1.861000
1.861000
1.861000
1.861000
1.912000
1.912000
1.912000
1.912000
1.912000
1.912000
1.912000
1.912000
1.912000
1.912000
1.912000
1.912000
1.912000
1.912000
1.912000
1.912000
1.964000
1.964000
1.964000
1.964000
1.964000
1.964000
1.964000
1.964000
1.964000
1.964000
1.964000
1.964000
1.964000
2.016000
2.016000
2.016000
2.016000
2.016000
2.016000
2.067000
2.067000
2.067000
2.067000
2.067000
2.067000
2.067000
2.067000
2.067000
2.067000
2.067000
2.067000
2.119000
2.119000
2.119000
2.119000
2.119000
2.119000
2.119000
2.171000
2.171000
2.171000
2.171000
2.171000
2.171000
2.171000
2.171000
2.223000
2.223000
2.223000
2.223000
2.223000
2.223000
2.223000
2.223000
2.223000
2.223000
2.274000
2.274000
2.274000
2.274000
2.274000
2.274000
2.274000
2.274000
2.274000
2.274000
2.326000
2.326000
2.326000
2.326000
2.326000
2.326000
2.326000
2.326000
2.326000
2.326000
2.326000
2.326000
2.326000
2.326000
2.326000
2.326000
2.543000
2.543000
2.543000
2.543000
2.543000
2.543000
2.543000
2.543000
2.760000
2.760000
2.760000
2.978000
2.978000
2.978000
2.978000
2.978000
2.978000
2.978000
2.978000
2.978000
2.978000
2.978000
2.978000
3.195000
3.195000
3.195000
3.195000
3.195000
3.195000
3.195000
3.195000
3.195000
3.412000
3.412000
3.412000
3.412000
3.412000
3.412000
3.412000
3.412000
3.412000
3.412000
3.412000
3.412000
3.412000
3.630000
3.630000
3.630000
3.630000
3.630000
3.630000
3.630000
3.630000
3.630000
3.847000
3.847000
3.847000
3.847000
3.847000
3.847000
3.847000
3.847000
3.847000
3.847000
3.847000
4.064000
4.064000
4.064000
4.064000
4.064000
4.064000
4.064000
4.064000
4.282000
4.282000
4.282000
4.282000
4.282000
4.282000
4.282000
4.282000
4.282000
4.499000
4.499000
4.499000
4.499000
4.499000
4.499000
4.499000
4.499000
4.499000
4.499000
4.499000
4.499000
4.499000
4.499000
4.716000
4.716000
4.716000
4.716000
4.716000
4.716000
4.716000
4.934000
4.934000
4.934000
4.934000
4.934000
4.934000
4.934000
4.934000
4.934000
4.934000
4.934000
4.934000
4.934000
4.934000
4.934000
5.151000
5.151000
5.151000
5.151000
5.151000
5.151000
5.151000
5.151000
5.368000
5.368000
5.368000
5.368000
5.368000
5.368000
5.586000
5.586000
5.586000
5.586000
5.586000
5.586000
5.586000
5.586000
5.586000
5.586000
5.586000
5.586000
5.586000
5.803000
5.803000
5.803000
5.803000
5.803000
5.803000
5.803000
5.803000
5.803000
5.803000
5.803000
5.803000
5.803000
6.020000
6.020000
6.020000
6.020000
6.020000
6.020000
6.020000
6.020000
6.020000
6.020000
6.020000
6.020000
6.237000
6.237000
6.237000
6.237000
6.237000
6.237000
6.237000
6.237000
6.237000
6.237000
6.237000
6.237000
6.237000
6.455000
6.455000
6.455000
6.455000
6.455000
6.455000
6.455000
6.672000
6.672000
6.672000
6.672000
6.672000
6.672000
6.672000
6.672000
6.672000
6.672000
6.889000
6.889000
6.889000
6.889000
6.889000
6.889000
6.889000
6.889000
6.889000
6.889000
7.107000
7.107000
7.107000
7.107000
7.107000
7.107000
7.107000
7.107000
7.107000
7.107000
7.107000
7.324000
7.324000
7.324000
7.324000
7.324000
7.324000
7.324000
7.324000
7.324000
7.324000
7.324000
7.324000
7.541000
7.541000
7.541000
7.541000
7.541000
7.541000
7.541000
7.759000
7.759000
7.759000
7.759000
7.759000
7.759000
7.976000
7.976000
7.976000
7.976000
7.976000
8.193000
8.193000
8.193000
8.193000
8.193000
8.193000
8.193000
8.193000
8.193000
8.193000
8.193000
8.411000
8.411000
8.411000
8.411000
8.411000
8.411000
8.411000
8.411000
8.411000
8.411000
8.411000
8.628000
8.628000
8.628000
8.628000
8.628000
8.628000
8.628000
8.628000
8.845000
8.845000
8.845000
8.845000
8.845000
8.845000
8.845000
8.845000
9.062000
9.062000
9.062000
9.062000
9.062000
9.062000
9.062000
9.062000
9.062000
9.280000
9.280000
9.280000
9.280000
9.280000
9.280000
9.280000
9.280000
9.280000
9.280000
9.280000
9.280000
9.280000
9.497000
9.497000
9.497000
9.497000
9.497000
9.714000
9.714000
9.714000
9.714000
9.714000
9.714000
9.714000
9.714000
9.714000
9.932000
9.932000
9.932000
9.932000
9.932000
9.932000
9.932000
9.932000
9.932000
9.932000
9.932000
9.932000
10.150000
10.150000
10.150000
10.150000
10.150000
10.150000
10.150000
10.150000
10.150000
10.150000
10.150000
10.150000
10.150000
10.150000
10.150000
10.150000
10.150000
10.370000
10.370000
10.370000
10.370000
10.370000
10.370000
10.370000
10.370000
10.370000
10.370000
10.370000
10.370000
10.370000
10.370000
10.580000
10.580000
10.580000
10.580000
10.580000
10.580000
10.580000
10.580000
10.580000
10.580000
10.580000
10.580000
10.580000
10.580000
10.800000
10.800000
10.800000
10.800000
10.800000
10.800000
11.020000
11.020000
11.020000
11.020000
11.020000
11.020000
11.020000
11.020000
11.020000
11.240000
11.240000
11.240000
11.240000
11.240000
11.240000
11.240000
11.240000
11.240000
11.240000
11.240000
11.240000
11.450000
11.450000
11.450000
11.450000
11.450000
11.450000
11.450000
11.450000
11.450000
11.670000
11.670000
11.670000
11.670000
11.670000
11.670000
11.670000
11.670000
11.670000
11.890000
11.890000
11.890000
11.890000
11.890000
11.890000
11.890000
11.890000
11.890000
11.890000
11.890000
11.890000
11.890000
12.100000
12.100000
12.100000
12.100000
12.100000
12.100000
12.100000
12.100000
12.100000
14.190000
14.190000
14.190000
14.190000
14.190000
14.190000
14.190000
16.270000
16.270000
16.270000
16.270000
16.270000
16.270000
18.350000
18.350000
18.350000
18.350000
18.350000
18.350000
18.350000
18.350000
18.350000
20.440001
20.440001
20.440001
20.440001
20.440001
20.440001
20.440001
20.440001
20.440001
20.440001
20.440001
22.000000
22.000000
22.000000
22.000000
22.000000
22.000000
22.000000
22.000000
22.000000
22.000000
22.000000
22.000000
22.000000
