0.000000
0.000000
0.000000
0.000000
0.000000
0.000000
0.000000
0.000000
0.000000
0.000000
0.000000
0.000000
0.000000
0.000000
0.000000
0.000000
0.000000
0.000000
0.000000
0.000000
0.000000
0.000000
0.000000
0.000000
0.000000
0.000000
0.000000
0.000000
0.000000
0.000000
0.000000
0.000000
0.000000
0.000000
0.000000
0.000000
0.000000
0.000000
0.000000
0.000000
0.000000
0.000000
0.000000
0.000000
0.000000
0.000000
0.000000
0.000000
0.000000
0.000000
0.000000
0.000000
0.000000
0.000000
0.000000
0.000000
0.000000
0.000000
0.130600
0.130600
0.130600
0.130600
0.130600
0.130600
0.236900
0.236900
0.236900
0.236900
0.236900
0.236900
0.236900
0.236900
0.236900
0.236900
0.236900
0.236900
0.343200
0.343200
0.343200
0.343200
0.343200
0.343200
0.343200
0.343200
0.343200
0.449500
0.449500
0.449500
0.449500
0.449500
0.449500
0.449500
0.449500
0.449500
0.449500
0.449500
0.449500
0.555900
0.555900
0.555900
0.555900
0.555900
0.555900
0.555900
0.555900
0.555900
0.555900
0.555900
0.555900
0.555900
0.662200
0.662200
0.662200
0.662200
0.662200
0.662200
0.662200
0.662200
0.662200
0.662200
0.662200
0.662200
0.768500
0.768500
0.768500
0.768500
0.768500
0.768500
0.768500
0.874800
0.874800
0.874800
0.874800
0.874800
0.874800
0.874800
0.874800
0.874800
0.874800
0.874800
0.874800
0.981200
0.981200
0.981200
0.981200
0.981200
1.087000
1.087000
1.087000
1.087000
1.087000
1.087000
1.087000
1.087000
1.087000
1.087000
1.087000
1.194000
1.194000
1.194000
1.194000
1.194000
1.194000
1.194000
1.194000
1.194000
1.194000
1.194000
1.194000
1.194000
1.194000
1.300000
1.300000
1.300000
1.300000
1.300000
1.300000
1.300000
1.300000
1.406000
1.406000
1.406000
1.406000
1.406000
1.406000
1.406000
1.406000
1.406000
1.513000
1.513000
1.513000
1.513000
1.513000
1.513000
1.513000
1.513000
1.513000
1.513000
1.513000
1.513000
1.513000
1.619000
1.619000
1.619000
1.619000
1.619000
1.619000
1.619000
1.619000
1.619000
1.619000
1.725000
1.725000
1.725000
1.725000
1.725000
1.725000
1.725000
1.725000
1.832000
1.832000
1.832000
1.832000
1.832000
1.832000
1.832000
1.832000
1.832000
1.832000
1.832000
1.938000
1.938000
1.938000
1.938000
1.938000
2.044000
2.044000
2.044000
2.044000
2.044000
2.044000
2.044000
2.044000
2.044000
2.044000
2.044000
2.044000
2.151000
2.151000
2.151000
2.151000
2.151000
2.151000
2.151000
2.151000
2.151000
2.257000
2.257000
2.257000
2.257000
2.257000
2.257000
2.257000
2.257000
2.257000
2.257000
2.363000
2.363000
2.363000
2.363000
2.363000
2.363000
2.470000
2.470000
2.470000
2.470000
2.470000
2.470000
2.470000
2.470000
2.470000
2.470000
2.470000
2.576000
2.576000
2.576000
2.576000
2.576000
2.576000
2.576000
2.576000
2.576000
2.576000
2.576000
2.682000
2.682000
2.682000
2.682000
2.682000
2.682000
2.682000
2.682000
2.682000
2.682000
2.682000
2.682000
2.682000
2.789000
2.789000
2.789000
2.789000
2.789000
2.789000
2.789000
2.895000
2.895000
2.895000
2.895000
2.895000
2.895000
2.895000
2.895000
2.895000
2.895000
2.895000
2.895000
2.895000
2.895000
3.001000
3.001000
3.001000
3.001000
3.001000
3.001000
3.001000
3.001000
3.001000
3.001000
3.001000
3.001000
3.108000
3.108000
3.108000
3.108000
3.108000
3.108000
3.108000
3.108000
3.108000
3.108000
3.108000
3.214000
3.214000
3.214000
3.214000
3.214000
3.214000
3.214000
3.320000
3.320000
3.320000
3.320000
3.320000
3.320000
3.320000
3.320000
3.320000
3.320000
3.320000
3.320000
3.320000
3.320000
3.320000
3.427000
3.427000
3.427000
3.427000
3.427000
3.427000
3.533000
3.533000
3.533000
3.533000
3.533000
3.533000
3.533000
3.533000
3.639000
3.639000
3.639000
3.639000
3.639000
3.639000
3.639000
3.639000
3.746000
3.746000
3.746000
3.746000
3.746000
3.746000
3.746000
3.746000
3.746000
3.852000
3.852000
3.852000
3.852000
3.852000
3.852000
3.852000
3.852000
3.852000
3.852000
3.852000
3.852000
3.852000
3.852000
3.958000
3.958000
3.958000
3.958000
4.065000
4.065000
4.065000
4.065000
4.065000
4.065000
4.065000
4.065000
4.065000
4.065000
4.065000
4.065000
4.171000
4.171000
4.171000
4.171000
4.171000
4.171000
4.171000
4.277000
4.277000
4.277000
4.277000
4.277000
4.277000
4.277000
4.277000
4.277000
4.277000
4.277000
4.384000
4.384000
4.384000
4.384000
4.384000
4.384000
4.384000
4.384000
4.384000
4.384000
4.384000
4.384000
4.384000
4.384000
4.384000
4.384000
4.384000
4.384000
4.490000
4.490000
4.490000
4.490000
4.490000
4.490000
4.490000
4.490000
4.490000
4.490000
4.490000
4.596000
4.596000
4.596000
4.596000
4.596000
4.596000
4.596000
4.703000
4.703000
4.703000
4.703000
4.703000
4.703000
4.703000
4.703000
4.809000
4.809000
4.809000
4.809000
4.809000
4.809000
4.809000
4.809000
4.809000
4.809000
4.915000
4.915000
4.915000
4.915000
4.915000
4.915000
4.915000
4.915000
4.915000
4.915000
4.915000
4.915000
5.439000
5.439000
5.439000
5.439000
5.439000
5.439000
5.439000
5.439000
5.439000
5.439000
5.964000
5.964000
5.964000
5.964000
5.964000
5.964000
5.964000
5.964000
5.964000
5.964000
5.964000
5.964000
6.488000
6.488000
6.488000
6.488000
6.488000
6.488000
6.488000
6.488000
6.488000
6.488000
7.012000
7.012000
7.012000
7.012000
7.012000
7.012000
7.012000
7.012000
7.012000
7.012000
7.012000
7.012000
7.536000
7.536000
7.536000
7.536000
7.536000
7.536000
7.536000
7.536000
7.536000
8.060000
8.060000
8.060000
8.060000
8.060000
8.060000
8.060000
8.060000
8.060000
8.060000
8.060000
8.060000
8.060000
8.584000
8.584000
8.584000
8.584000
8.584000
8.584000
8.584000
8.584000
9.109000
9.109000
9.109000
9.109000
9.109000
9.109000
9.109000
9.109000
9.109000
9.109000
9.109000
9.109000
9.633000
9.633000
9.633000
9.633000
9.633000
9.633000
9.633000
9.633000
9.633000
10.160000
10.160000
10.160000
10.160000
10.160000
10.160000
10.160000
10.160000
10.680000
10.680000
10.680000
10.680000
10.680000
10.680000
10.680000
11.210000
11.210000
11.210000
11.210000
11.210000
11.210000
11.210000
11.210000
11.730000
11.730000
11.730000
11.730000
11.730000
11.730000
11.730000
11.730000
11.730000
11.730000
11.730000
12.250000
12.250000
12.250000
12.250000
12.250000
12.250000
12.250000
12.250000
12.250000
12.250000
12.250000
12.250000
12.780000
12.780000
12.780000
12.780000
12.780000
12.780000
12.780000
13.300000
13.300000
13.300000
13.300000
13.300000
13.300000
13.300000
13.300000
13.300000
13.830000
13.830000
13.830000
13.830000
13.830000
13.830000
13.830000
13.830000
13.830000
13.830000
14.350000
14.350000
14.350000
14.350000
14.350000
14.350000
14.350000
14.350000
14.350000
14.350000
14.350000
14.870000
14.870000
14.870000
14.870000
14.870000
14.870000
14.870000
14.870000
14.870000
14.870000
14.870000
15.400000
15.400000
15.400000
15.400000
15.400000
15.400000
15.400000
15.400000
15.400000
15.400000
15.400000
15.400000
15.400000
15.400000
15.400000
15.920000
15.920000
15.920000
15.920000
15.920000
15.920000
15.920000
16.450001
16.450001
16.450001
16.450001
16.450001
16.450001
16.450001
16.450001
16.969999
16.969999
16.969999
16.969999
16.969999
16.969999
16.969999
16.969999
16.969999
17.500000
17.500000
17.500000
17.500000
17.500000
17.500000
17.500000
17.500000
17.500000
17.500000
17.500000
17.500000
17.500000
17.500000
17.500000
17.500000
18.020000
18.020000
18.020000
18.020000
18.020000
18.020000
18.020000
18.020000
18.020000
18.020000
18.020000
18.020000
18.020000
18.020000
18.020000
18.540001
18.540001
18.540001
18.540001
18.540001
18.540001
18.540001
18.540001
18.540001
18.540001
18.540001
19.070000
19.590000
19.590000
19.590000
19.590000
19.590000
19.590000
19.590000
20.120001
20.120001
20.120001
20.120001
20.120001
20.120001
20.120001
20.639999
20.639999
20.639999
20.639999
20.639999
20.639999
20.639999
20.639999
20.639999
21.160000
21.160000
21.160000
21.160000
21.160000
21.160000
21.160000
21.160000
21.690001
21.690001
21.690001
21.690001
21.690001
21.690001
21.690001
21.690001
21.690001
22.209999
22.209999
22.209999
22.209999
22.209999
22.209999
22.209999
22.209999
22.209999
22.209999
22.740000
22.740000
22.740000
22.740000
22.740000
22.740000
22.740000
22.740000
22.740000
23.260000
23.260000
23.260000
23.260000
23.260000
23.260000
23.260000
23.260000
23.790001
23.790001
23.790001
23.790001
23.790001
23.790001
23.790001
23.790001
23.790001
24.309999
24.309999
24.309999
24.309999
24.309999
24.309999
24.309999
24.309999
24.309999
24.309999
24.309999
24.309999
24.309999
24.830000
24.830000
24.830000
24.830000
24.830000
24.830000
24.830000
24.830000
25.360001
25.360001
25.360001
25.360001
25.360001
25.360001
25.360001
25.360001
25.360001
25.360001
25.879999
25.879999
25.879999
25.879999
25.879999
25.879999
25.879999
25.879999
25.879999
26.410000
26.410000
26.410000
26.410000
26.410000
26.410000
26.410000
26.410000
26.930000
26.930000
26.930000
26.930000
26.930000
26.930000
26.930000
26.930000
26.930000
26.930000
26.930000
26.930000
27.450001
27.450001
27.450001
27.450001
27.450001
27.450001
27.450001
27.450001
27.450001
27.450001
27.980000
27.980000
27.980000
27.980000
27.980000
27.980000
27.980000
27.980000
27.980000
27.980000
28.500000
28.500000
28.500000
28.500000
28.500000
28.500000
28.500000
28.500000
28.500000
28.500000
28.500000
28.500000
28.500000
28.500000
32.560001
32.560001
32.560001
32.560001
32.560001
32.560001
32.560001
32.560001
32.560001
32.560001
32.560001
32.560001
32.560001
36.619999
36.619999
36.619999
36.619999
36.619999
40.669998
40.669998
40.669998
40.669998
40.669998
40.669998
44.730000
44.730000
44.730000
44.730000
44.730000
47.770000
47.770000
47.770000
47.770000
47.770000
47.770000
47.770000
47.770000
47.770000
47.770000
47.770000
47.770000
