0.000000
0.000000
0.000000
0.000000
0.000000
0.000000
0.000000
0.000000
0.000000
0.000000
0.000000
0.000000
0.000000
0.000000
0.000000
0.000000
0.000000
0.000000
0.000000
0.000000
0.000000
0.000000
0.000000
0.000000
0.000000
0.000000
0.000000
0.000000
0.000000
0.000000
0.000000
0.000000
1.921000
1.921000
1.921000
1.921000
1.921000
1.921000
1.921000
1.921000
1.921000
1.921000
1.921000
1.921000
1.921000
1.921000
1.921000
4.383000
4.383000
4.383000
4.383000
4.383000
4.383000
4.383000
4.383000
4.383000
4.383000
4.383000
4.772000
4.772000
4.772000
4.772000
4.772000
4.772000
4.772000
4.772000
4.772000
4.772000
5.162000
5.162000
5.162000
5.162000
5.162000
5.162000
5.162000
5.551000
5.551000
5.551000
5.551000
5.551000
5.551000
5.551000
5.551000
5.551000
5.551000
5.551000
5.551000
5.551000
5.940000
5.940000
5.940000
5.940000
5.940000
5.940000
5.940000
5.940000
5.940000
5.940000
5.940000
6.330000
6.330000
6.330000
6.330000
6.330000
6.330000
6.330000
6.719000
6.719000
6.719000
6.719000
6.719000
6.719000
6.719000
6.719000
6.719000
6.719000
7.108000
7.108000
7.108000
7.108000
7.108000
7.108000
7.108000
7.498000
7.498000
7.498000
7.498000
7.498000
7.498000
7.498000
7.498000
7.498000
7.498000
7.887000
7.887000
7.887000
7.887000
7.887000
7.887000
7.887000
7.887000
8.276000
8.276000
8.276000
8.276000
8.276000
8.276000
8.276000
8.276000
8.276000
8.276000
8.666000
8.666000
8.666000
8.666000
8.666000
8.666000
8.666000
8.666000
8.666000
8.666000
9.055000
9.055000
9.055000
9.055000
9.055000
9.055000
9.055000
9.055000
9.055000
9.055000
9.055000
9.055000
9.444000
9.444000
9.444000
9.444000
9.444000
9.444000
9.444000
9.444000
9.834000
9.834000
9.834000
9.834000
9.834000
9.834000
9.834000
9.834000
9.834000
9.834000
9.834000
9.834000
10.220000
10.220000
10.220000
10.220000
10.220000
10.220000
10.220000
10.220000
10.610000
10.610000
10.610000
10.610000
10.610000
10.610000
10.610000
10.610000
11.000000
11.000000
11.000000
11.000000
11.000000
11.000000
11.000000
11.000000
11.390000
11.390000
11.390000
11.390000
11.390000
11.390000
11.390000
11.390000
11.390000
11.390000
11.390000
11.390000
11.390000
11.390000
11.390000
11.780000
11.780000
11.780000
11.780000
11.780000
11.780000
11.780000
11.780000
12.170000
12.170000
12.170000
12.170000
12.170000
12.170000
12.170000
12.170000
12.170000
12.170000
12.170000
12.170000
12.170000
12.560000
12.560000
12.560000
12.560000
12.560000
12.560000
12.560000
12.560000
12.560000
12.560000
12.560000
12.950000
12.950000
12.950000
12.950000
12.950000
12.950000
12.950000
12.950000
12.950000
12.950000
12.950000
12.950000
13.340000
13.340000
13.340000
13.340000
13.340000
13.340000
13.340000
13.730000
13.730000
13.730000
13.730000
13.730000
13.730000
13.730000
13.730000
13.730000
14.120000
14.120000
14.120000
14.510000
14.510000
14.510000
14.510000
14.510000
14.510000
14.510000
14.510000
14.510000
14.510000
14.510000
14.890000
14.890000
14.890000
14.890000
14.890000
14.890000
14.890000
14.890000
14.890000
14.890000
14.890000
14.890000
14.890000
15.280000
15.280000
15.280000
15.280000
15.280000
15.280000
15.280000
15.280000
15.280000
15.280000
15.280000
15.280000
15.670000
15.670000
15.670000
15.670000
15.670000
15.670000
15.670000
15.670000
15.670000
16.059999
16.059999
16.059999
16.059999
16.059999
16.059999
16.059999
16.059999
16.059999
16.450001
16.450001
16.450001
16.450001
16.450001
16.450001
16.450001
16.450001
16.450001
16.450001
16.840000
16.840000
16.840000
16.840000
16.840000
16.840000
16.840000
16.840000
16.840000
16.840000
16.840000
16.840000
16.840000
17.230000
17.230000
17.230000
17.230000
17.620001
17.620001
17.620001
17.620001
17.620001
17.620001
18.010000
18.010000
18.010000
18.010000
18.010000
18.010000
18.010000
18.010000
18.010000
18.010000
18.010000
18.010000
18.010000
18.400000
18.400000
18.400000
18.400000
18.400000
18.400000
18.400000
18.790001
18.790001
18.790001
18.790001
18.790001
18.790001
18.790001
18.790001
18.790001
18.790001
18.790001
18.790001
19.180000
19.180000
19.180000
19.180000
19.180000
19.180000
19.180000
19.180000
19.180000
19.180000
19.180000
19.180000
19.180000
19.180000
19.570000
19.570000
19.570000
19.570000
19.570000
19.570000
19.570000
19.570000
19.570000
19.570000
19.570000
19.959999
19.959999
19.959999
19.959999
19.959999
19.959999
19.959999
19.959999
20.350000
20.350000
20.350000
20.730000
20.730000
20.730000
20.730000
20.730000
20.730000
20.730000
20.730000
20.730000
20.730000
21.120001
21.120001
21.120001
21.120001
21.120001
21.120001
21.120001
21.120001
21.120001
21.120001
21.120001
21.120001
21.120001
21.120001
21.120001
21.120001
21.120001
21.120001
21.120001
21.510000
21.510000
21.510000
21.510000
21.510000
21.510000
21.510000
21.510000
21.510000
21.510000
21.510000
21.510000
21.900000
21.900000
21.900000
21.900000
21.900000
21.900000
21.900000
21.900000
22.520000
22.520000
22.520000
22.520000
22.520000
22.520000
22.520000
22.520000
22.520000
22.520000
23.129999
23.129999
23.129999
23.129999
23.129999
23.129999
23.129999
23.129999
23.740000
23.740000
23.740000
23.740000
23.740000
23.740000
23.740000
23.740000
23.740000
23.740000
23.740000
24.350000
24.350000
24.350000
24.350000
24.350000
24.350000
24.350000
24.350000
24.969999
24.969999
24.969999
24.969999
24.969999
24.969999
24.969999
24.969999
24.969999
24.969999
24.969999
25.580000
25.580000
25.580000
25.580000
25.580000
25.580000
25.580000
25.580000
25.580000
25.580000
26.190001
26.190001
26.190001
26.190001
26.190001
26.190001
26.190001
26.190001
26.190001
26.190001
26.190001
26.190001
26.190001
26.190001
26.190001
26.190001
26.799999
26.799999
26.799999
26.799999
26.799999
26.799999
26.799999
26.799999
26.799999
26.799999
26.799999
26.799999
27.420000
27.420000
27.420000
27.420000
27.420000
27.420000
27.420000
27.420000
27.420000
27.420000
27.420000
27.420000
28.030001
28.030001
28.030001
28.030001
28.030001
28.030001
28.030001
28.030001
28.030001
28.639999
28.639999
28.639999
28.639999
28.639999
28.639999
29.250000
29.250000
29.250000
29.250000
29.250000
29.250000
29.250000
29.870001
29.870001
29.870001
29.870001
29.870001
29.870001
29.870001
29.870001
29.870001
29.870001
29.870001
30.480000
30.480000
30.480000
30.480000
30.480000
30.480000
30.480000
30.480000
30.480000
30.480000
31.090000
31.090000
31.090000
31.090000
31.090000
31.090000
31.090000
31.090000
31.090000
31.090000
31.090000
31.090000
31.090000
31.090000
31.090000
31.709999
31.709999
31.709999
31.709999
31.709999
31.709999
32.320000
32.320000
32.320000
32.320000
32.320000
32.320000
32.320000
32.320000
32.320000
32.320000
32.320000
32.320000
32.320000
32.320000
32.320000
32.320000
32.320000
32.930000
32.930000
32.930000
32.930000
32.930000
32.930000
32.930000
32.930000
32.930000
33.540001
33.540001
33.540001
33.540001
33.540001
33.540001
33.540001
33.540001
33.540001
33.540001
33.540001
34.160000
34.160000
34.160000
34.160000
34.160000
34.160000
34.160000
34.770000
34.770000
34.770000
34.770000
35.380001
35.380001
35.380001
35.380001
35.380001
35.380001
35.380001
35.380001
35.380001
35.380001
35.380001
35.380001
35.380001
35.380001
35.990002
35.990002
35.990002
35.990002
35.990002
35.990002
35.990002
35.990002
35.990002
35.990002
36.610001
36.610001
36.610001
36.610001
36.610001
36.610001
36.610001
36.610001
36.610001
37.220001
37.220001
37.220001
37.220001
37.220001
37.220001
37.220001
37.220001
37.220001
37.220001
37.220001
37.220001
37.830002
37.830002
37.830002
37.830002
38.439999
38.439999
38.439999
38.439999
38.439999
38.439999
38.439999
38.439999
38.439999
39.060001
39.060001
39.060001
39.060001
39.060001
39.060001
39.060001
39.060001
39.060001
39.060001
39.060001
39.060001
39.669998
39.669998
39.669998
39.669998
39.669998
39.669998
39.669998
39.669998
39.669998
39.669998
39.669998
40.279999
40.279999
40.279999
40.279999
40.279999
40.279999
40.279999
40.889999
40.889999
40.889999
40.889999
40.889999
40.889999
40.889999
40.889999
40.889999
40.889999
40.889999
41.509998
41.509998
41.509998
41.509998
41.509998
41.509998
41.509998
41.509998
41.509998
41.509998
42.119999
42.119999
42.119999
42.119999
42.119999
42.119999
42.119999
42.119999
42.119999
42.119999
42.119999
42.119999
42.730000
42.730000
42.730000
42.730000
42.730000
42.730000
42.730000
42.730000
42.730000
42.730000
42.730000
42.730000
42.730000
43.349998
43.349998
43.349998
43.349998
43.349998
43.349998
43.349998
43.349998
43.349998
43.349998
43.349998
43.349998
43.959999
43.959999
43.959999
43.959999
43.959999
43.959999
43.959999
43.959999
43.959999
43.959999
43.959999
43.959999
43.959999
44.570000
44.570000
44.570000
44.570000
44.570000
44.570000
44.570000
45.180000
45.180000
45.180000
45.180000
45.180000
45.180000
45.180000
45.180000
45.180000
45.180000
45.180000
45.180000
45.799999
45.799999
45.799999
45.799999
45.799999
45.799999
45.799999
45.799999
46.410000
46.410000
46.410000
46.410000
46.410000
46.410000
46.410000
46.410000
47.020000
47.020000
47.020000
47.020000
47.020000
47.630001
47.630001
47.630001
47.630001
47.630001
47.630001
47.630001
47.630001
47.630001
47.630001
48.250000
48.250000
48.250000
48.250000
48.250000
48.250000
48.250000
48.250000
48.250000
48.250000
48.250000
48.250000
48.250000
48.250000
48.250000
48.250000
48.250000
48.860001
48.860001
48.860001
48.860001
48.860001
48.860001
48.860001
48.860001
48.860001
49.470001
49.470001
49.470001
49.470001
49.470001
49.470001
55.990002
55.990002
55.990002
55.990002
55.990002
55.990002
55.990002
55.990002
55.990002
62.509998
62.509998
62.509998
62.509998
62.509998
62.509998
62.509998
62.509998
62.509998
69.029999
69.029999
69.029999
69.029999
69.029999
69.029999
69.029999
69.029999
69.029999
69.029999
75.550003
75.550003
75.550003
75.550003
75.550003
75.550003
75.550003
75.550003
75.550003
75.550003
75.550003
75.550003
80.440002
80.440002
80.440002
80.440002
80.440002
80.440002
80.440002
80.440002
80.440002
80.440002
