0.000000
0.000000
0.000000
0.000000
0.000000
0.000000
0.000000
0.000000
0.000000
0.000000
0.000000
0.000000
0.000000
0.000000
0.000000
0.000000
0.000000
0.000000
0.000000
0.000000
0.000000
0.000000
0.000000
0.000000
0.000000
0.000000
0.000000
0.000000
0.000000
0.000000
0.000000
0.000000
0.000000
0.000000
0.000000
0.000000
0.000000
0.000000
0.000000
0.000000
0.000000
0.000000
0.000000
0.000000
0.000000
0.000000
0.000000
0.000000
0.000000
0.000000
0.000000
0.000000
0.000000
0.000000
0.011070
0.011070
0.011070
0.011070
0.011070
0.011070
0.011070
0.011070
0.030380
0.030380
0.030380
0.030380
0.030380
0.030380
0.030380
0.030380
0.030380
0.030380
0.030380
0.030380
0.049690
0.049690
0.049690
0.049690
0.049690
0.049690
0.049690
0.049690
0.049690
0.049690
0.049690
0.049690
0.049690
0.049690
0.068990
0.068990
0.068990
0.068990
0.068990
0.088300
0.088300
0.088300
0.088300
0.088300
0.088300
0.088300
0.088300
0.088300
0.088300
0.107600
0.107600
0.107600
0.107600
0.107600
0.107600
0.107600
0.107600
0.107600
0.107600
0.107600
0.107600
0.107600
0.107600
0.107600
0.107600
0.107600
0.107600
0.107600
0.107600
0.107600
0.107600
0.126900
0.126900
0.126900
0.126900
0.126900
0.126900
0.126900
0.126900
0.126900
0.126900
0.126900
0.126900
0.126900
0.126900
0.126900
0.126900
0.146200
0.146200
0.146200
0.146200
0.146200
0.146200
0.165500
0.165500
0.165500
0.165500
0.184800
0.184800
0.184800
0.184800
0.184800
0.184800
0.204100
0.204100
0.204100
0.204100
0.204100
0.204100
0.223400
0.223400
0.223400
0.223400
0.223400
0.223400
0.223400
0.223400
0.223400
0.223400
0.223400
0.242800
0.242800
0.242800
0.242800
0.242800
0.242800
0.242800
0.242800
0.242800
0.262100
0.262100
0.262100
0.262100
0.262100
0.262100
0.262100
0.262100
0.262100
0.262100
0.262100
0.281400
0.281400
0.281400
0.281400
0.281400
0.281400
0.281400
0.281400
0.281400
0.281400
0.281400
0.281400
0.281400
0.300700
0.300700
0.300700
0.300700
0.300700
0.300700
0.300700
0.300700
0.300700
0.300700
0.300700
0.300700
0.320000
0.320000
0.320000
0.320000
0.320000
0.320000
0.320000
0.320000
0.320000
0.320000
0.320000
0.320000
0.339300
0.339300
0.339300
0.339300
0.339300
0.339300
0.339300
0.339300
0.358600
0.358600
0.358600
0.358600
0.358600
0.358600
0.358600
0.377900
0.377900
0.377900
0.377900
0.377900
0.377900
0.377900
0.377900
0.377900
0.377900
0.397200
0.397200
0.397200
0.397200
0.397200
0.397200
0.397200
0.397200
0.416500
0.416500
0.416500
0.416500
0.416500
0.416500
0.416500
0.416500
0.416500
0.416500
0.435800
0.435800
0.435800
0.435800
0.435800
0.435800
0.435800
0.455100
0.455100
0.455100
0.455100
0.455100
0.455100
0.455100
0.455100
0.455100
0.455100
0.474400
0.474400
0.474400
0.474400
0.474400
0.474400
0.493700
0.493700
0.493700
0.493700
0.493700
0.493700
0.493700
0.493700
0.493700
0.493700
0.513000
0.513000
0.513000
0.513000
0.513000
0.513000
0.513000
0.532400
0.532400
0.532400
0.532400
0.532400
0.532400
0.532400
0.532400
0.551700
0.551700
0.551700
0.551700
0.551700
0.551700
0.551700
0.571000
0.571000
0.571000
0.571000
0.571000
0.571000
0.590300
0.590300
0.590300
0.590300
0.590300
0.590300
0.590300
0.590300
0.590300
0.590300
0.609600
0.609600
0.609600
0.609600
0.609600
0.609600
0.609600
0.628900
0.628900
0.628900
0.628900
0.628900
0.628900
0.628900
0.628900
0.628900
0.628900
0.628900
0.628900
0.628900
0.648200
0.648200
0.648200
0.648200
0.648200
0.648200
0.667500
0.667500
0.667500
0.667500
0.667500
0.667500
0.667500
0.667500
0.667500
0.667500
0.667500
0.686800
0.686800
0.686800
0.686800
0.686800
0.686800
0.686800
0.686800
0.686800
0.706100
0.706100
0.706100
0.706100
0.706100
0.706100
0.706100
0.706100
0.706100
0.706100
0.706100
0.706100
0.706100
0.706100
0.725400
0.725400
0.725400
0.725400
0.725400
0.725400
0.725400
0.725400
0.725400
0.725400
0.744700
0.744700
0.744700
0.744700
0.744700
0.744700
0.744700
0.744700
0.764000
0.764000
0.764000
0.764000
0.764000
0.764000
0.764000
0.764000
0.764000
0.783300
0.783300
0.783300
0.783300
0.783300
0.783300
0.783300
0.783300
0.802600
0.802600
0.802600
0.802600
0.802600
0.802600
0.802600
0.802600
0.802600
0.802600
0.802600
0.802600
0.802600
0.802600
0.802600
0.802600
0.822000
0.822000
0.822000
0.822000
0.822000
0.822000
0.822000
0.822000
0.822000
0.841300
0.841300
0.841300
0.841300
0.841300
0.841300
0.841300
0.841300
0.841300
0.841300
0.841300
0.841300
0.841300
0.841300
0.841300
0.841300
0.841300
0.841300
0.841300
0.841300
0.841300
0.841300
0.860600
0.860600
0.860600
0.860600
0.860600
0.860600
0.860600
0.860600
0.860600
0.860600
0.879900
0.879900
0.879900
0.879900
0.879900
0.879900
0.879900
0.879900
0.879900
0.879900
1.096000
1.096000
1.096000
1.096000
1.096000
1.096000
1.096000
1.096000
1.311000
1.311000
1.311000
1.311000
1.311000
1.311000
1.311000
1.311000
1.311000
1.311000
1.527000
1.527000
1.527000
1.527000
1.527000
1.527000
1.527000
1.527000
1.527000
1.527000
1.527000
1.743000
1.743000
1.743000
1.743000
1.743000
1.743000
1.743000
1.743000
1.958000
1.958000
1.958000
1.958000
1.958000
1.958000
1.958000
1.958000
1.958000
1.958000
1.958000
1.958000
1.958000
1.958000
1.958000
1.958000
1.958000
1.958000
2.174000
2.174000
2.174000
2.174000
2.174000
2.174000
2.174000
2.174000
2.174000
2.174000
2.174000
2.174000
2.174000
2.174000
2.390000
2.390000
2.390000
2.390000
2.390000
2.390000
2.605000
2.605000
2.605000
2.605000
2.605000
2.605000
2.605000
2.605000
2.821000
2.821000
2.821000
2.821000
2.821000
3.037000
3.037000
3.037000
3.037000
3.037000
3.252000
3.252000
3.252000
3.252000
3.252000
3.252000
3.252000
3.252000
3.252000
3.252000
3.252000
3.252000
3.252000
3.252000
3.252000
3.252000
3.468000
3.468000
3.468000
3.468000
3.468000
3.468000
3.468000
3.468000
3.684000
3.684000
3.684000
3.684000
3.684000
3.684000
3.684000
3.900000
3.900000
3.900000
3.900000
3.900000
3.900000
3.900000
4.115000
4.115000
4.115000
4.115000
4.115000
4.115000
4.115000
4.115000
4.115000
4.115000
4.115000
4.331000
4.331000
4.331000
4.331000
4.331000
4.331000
4.331000
4.331000
4.331000
4.331000
4.331000
4.331000
4.331000
4.547000
4.547000
4.547000
4.547000
4.547000
4.547000
4.762000
4.762000
4.762000
4.762000
4.762000
4.762000
4.762000
4.762000
4.762000
4.762000
4.978000
4.978000
4.978000
4.978000
4.978000
4.978000
4.978000
4.978000
4.978000
5.194000
5.194000
5.194000
5.194000
5.194000
5.194000
5.194000
5.194000
5.194000
5.409000
5.409000
5.409000
5.409000
5.409000
5.409000
5.409000
5.409000
5.409000
5.625000
5.625000
5.625000
5.625000
5.625000
5.625000
5.625000
5.625000
5.625000
5.625000
5.625000
5.625000
5.625000
5.625000
5.625000
5.625000
5.841000
5.841000
5.841000
5.841000
5.841000
5.841000
5.841000
5.841000
5.841000
5.841000
6.056000
6.056000
6.056000
6.056000
6.056000
6.056000
6.056000
6.056000
6.272000
6.272000
6.272000
6.272000
6.272000
6.272000
6.272000
6.272000
6.272000
6.272000
6.488000
6.488000
6.488000
6.488000
6.488000
6.488000
6.488000
6.488000
6.488000
6.703000
6.703000
6.703000
6.703000
6.703000
6.703000
6.703000
6.703000
6.703000
6.703000
6.703000
6.919000
6.919000
6.919000
6.919000
6.919000
6.919000
6.919000
7.135000
7.135000
7.135000
7.135000
7.135000
7.135000
7.135000
7.135000
7.135000
7.135000
7.135000
7.135000
7.351000
7.351000
7.351000
7.351000
7.351000
7.351000
7.351000
7.351000
7.351000
7.351000
7.566000
7.566000
7.566000
7.566000
7.566000
7.566000
7.566000
7.566000
7.566000
7.566000
7.782000
7.782000
7.782000
7.782000
7.782000
7.782000
7.782000
7.782000
7.998000
7.998000
7.998000
7.998000
7.998000
7.998000
7.998000
7.998000
7.998000
7.998000
7.998000
8.213000
8.213000
8.213000
8.213000
8.213000
8.213000
8.213000
8.213000
8.213000
8.429000
8.429000
8.429000
8.429000
8.429000
8.429000
8.429000
8.645000
8.645000
8.645000
8.645000
8.645000
8.645000
8.645000
8.645000
8.645000
8.645000
8.645000
8.645000
8.645000
8.860000
8.860000
8.860000
8.860000
8.860000
8.860000
8.860000
9.076000
9.076000
9.076000
9.076000
9.076000
9.076000
9.076000
9.076000
9.076000
9.076000
9.076000
9.292000
9.292000
9.292000
9.292000
9.292000
9.292000
9.292000
9.292000
9.292000
9.292000
9.292000
9.292000
9.292000
9.292000
9.507000
9.507000
9.507000
9.507000
9.507000
9.507000
9.723000
9.723000
9.723000
9.723000
9.723000
9.723000
9.723000
9.723000
9.723000
9.723000
9.723000
9.723000
9.723000
9.939000
9.939000
9.939000
9.939000
9.939000
9.939000
9.939000
9.939000
10.150000
10.150000
10.150000
10.150000
10.150000
10.150000
10.150000
10.150000
10.150000
10.370000
10.370000
10.370000
10.370000
10.370000
10.370000
10.370000
10.370000
10.370000
10.370000
10.370000
10.590000
10.590000
10.590000
10.590000
10.590000
10.590000
10.590000
10.590000
10.590000
10.590000
12.990000
12.990000
12.990000
12.990000
12.990000
12.990000
12.990000
12.990000
12.990000
12.990000
12.990000
12.990000
12.990000
12.990000
12.990000
15.390000
15.390000
15.390000
15.390000
15.390000
15.390000
15.390000
15.390000
15.390000
15.390000
15.390000
17.790001
17.790001
17.790001
17.790001
17.790001
17.790001
17.790001
17.790001
17.790001
17.790001
17.790001
17.790001
17.790001
20.200001
20.200001
20.200001
20.200001
20.200001
22.000000
22.000000
22.000000
22.000000
22.000000
22.000000
22.000000
22.000000
22.000000
22.000000
22.000000
