0.000000
0.000000
0.000000
0.000000
0.000000
0.000000
0.000000
0.000000
0.000000
0.000000
0.000000
0.000000
0.000000
0.000000
0.000000
0.000000
0.000000
0.000000
0.000000
0.000000
0.000000
0.000000
0.000000
0.000000
0.000000
0.000000
0.000000
0.000000
0.000000
0.000000
0.000000
0.000000
0.000000
0.000000
0.000000
0.000000
0.000000
0.000000
0.000000
0.000000
0.000000
0.000000
0.000000
0.000000
0.000000
0.000000
0.000000
0.000000
0.000000
0.000000
0.000000
0.047440
0.047440
0.047440
0.047440
0.047440
0.047440
0.047440
0.047440
0.047440
0.047440
0.047440
0.047440
0.047440
0.047440
0.047440
0.127300
0.127300
0.127300
0.127300
0.127300
0.127300
0.127300
0.127300
0.207200
0.207200
0.207200
0.207200
0.207200
0.207200
0.207200
0.207200
0.207200
0.207200
0.207200
0.287200
0.287200
0.287200
0.287200
0.287200
0.287200
0.287200
0.287200
0.287200
0.287200
0.287200
0.367100
0.367100
0.367100
0.367100
0.367100
0.367100
0.367100
0.367100
0.447000
0.447000
0.447000
0.447000
0.447000
0.447000
0.447000
0.447000
0.447000
0.447000
0.447000
0.447000
0.447000
0.447000
0.447000
0.447000
0.526900
0.526900
0.526900
0.526900
0.526900
0.526900
0.526900
0.526900
0.526900
0.526900
0.526900
0.526900
0.606800
0.606800
0.606800
0.606800
0.606800
0.606800
0.606800
0.606800
0.606800
0.606800
0.606800
0.606800
0.686700
0.686700
0.686700
0.686700
0.686700
0.686700
0.686700
0.766600
0.766600
0.766600
0.766600
0.766600
0.766600
0.846500
0.846500
0.846500
0.846500
0.846500
0.846500
0.846500
0.846500
0.846500
0.846500
0.846500
0.846500
0.846500
0.926400
0.926400
0.926400
0.926400
0.926400
1.006000
1.006000
1.006000
1.006000
1.006000
1.006000
1.006000
1.006000
1.006000
1.006000
1.006000
1.086000
1.086000
1.086000
1.086000
1.086000
1.086000
1.086000
1.086000
1.086000
1.086000
1.086000
1.166000
1.166000
1.166000
1.166000
1.166000
1.166000
1.166000
1.166000
1.166000
1.166000
1.166000
1.166000
1.166000
1.246000
1.246000
1.246000
1.246000
1.246000
1.246000
1.246000
1.246000
1.246000
1.246000
1.246000
1.246000
1.326000
1.326000
1.326000
1.326000
1.326000
1.326000
1.326000
1.326000
1.326000
1.326000
1.326000
1.326000
1.406000
1.406000
1.406000
1.406000
1.406000
1.406000
1.406000
1.406000
1.406000
1.486000
1.486000
1.486000
1.486000
1.486000
1.486000
1.486000
1.486000
1.486000
1.486000
1.486000
1.486000
1.486000
1.566000
1.566000
1.566000
1.566000
1.566000
1.566000
1.646000
1.646000
1.646000
1.646000
1.646000
1.646000
1.646000
1.646000
1.646000
1.646000
1.646000
1.646000
1.646000
1.646000
1.646000
1.725000
1.725000
1.725000
1.725000
1.725000
1.725000
1.725000
1.725000
1.805000
1.805000
1.805000
1.805000
1.805000
1.805000
1.805000
1.805000
1.805000
1.805000
1.805000
1.885000
1.885000
1.885000
1.885000
1.885000
1.885000
1.885000
1.885000
1.885000
1.885000
1.885000
1.885000
1.885000
1.885000
1.885000
1.965000
1.965000
1.965000
1.965000
1.965000
1.965000
1.965000
1.965000
1.965000
1.965000
1.965000
1.965000
2.045000
2.045000
2.045000
2.045000
2.045000
2.045000
2.125000
2.125000
2.125000
2.125000
2.125000
2.125000
2.125000
2.205000
2.205000
2.205000
2.205000
2.205000
2.285000
2.285000
2.285000
2.285000
2.285000
2.285000
2.285000
2.365000
2.365000
2.365000
2.365000
2.365000
2.365000
2.365000
2.365000
2.365000
2.365000
2.365000
2.445000
2.445000
2.445000
2.445000
2.445000
2.445000
2.445000
2.445000
2.525000
2.525000
2.525000
2.525000
2.525000
2.525000
2.525000
2.525000
2.525000
2.525000
2.525000
2.525000
2.525000
2.604000
2.604000
2.604000
2.604000
2.604000
2.604000
2.604000
2.604000
2.604000
2.604000
2.604000
2.604000
2.604000
2.684000
2.684000
2.684000
2.684000
2.684000
2.684000
2.684000
2.764000
2.764000
2.764000
2.764000
2.764000
2.764000
2.764000
2.764000
2.764000
2.764000
2.764000
2.764000
2.764000
2.844000
2.844000
2.844000
2.844000
2.844000
2.844000
2.844000
2.844000
2.844000
2.924000
2.924000
2.924000
2.924000
2.924000
2.924000
2.924000
2.924000
2.924000
2.924000
2.924000
2.924000
2.924000
3.004000
3.004000
3.004000
3.004000
3.004000
3.004000
3.004000
3.004000
3.004000
3.004000
3.084000
3.084000
3.084000
3.084000
3.084000
3.084000
3.084000
3.084000
3.084000
3.084000
3.084000
3.084000
3.084000
3.084000
3.164000
3.164000
3.164000
3.164000
3.164000
3.164000
3.164000
3.164000
3.164000
3.164000
3.164000
3.164000
3.164000
3.244000
3.244000
3.244000
3.244000
3.244000
3.244000
3.244000
3.244000
3.244000
3.324000
3.324000
3.324000
3.324000
3.324000
3.324000
3.324000
3.324000
3.324000
3.324000
3.324000
3.324000
3.324000
3.324000
3.324000
3.403000
3.403000
3.403000
3.403000
3.403000
3.403000
3.403000
3.403000
3.483000
3.483000
3.483000
3.483000
3.483000
3.483000
3.483000
3.563000
3.563000
3.563000
3.563000
3.643000
3.643000
3.643000
3.643000
3.643000
3.643000
3.643000
3.643000
3.643000
3.643000
3.643000
3.643000
3.643000
3.903000
3.903000
3.903000
3.903000
4.163000
4.163000
4.163000
4.163000
4.163000
4.163000
4.423000
4.423000
4.423000
4.423000
4.423000
4.423000
4.423000
4.423000
4.423000
4.423000
4.423000
4.423000
4.682000
4.682000
4.682000
4.682000
4.682000
4.682000
4.682000
4.942000
4.942000
4.942000
4.942000
4.942000
4.942000
4.942000
5.202000
5.202000
5.202000
5.202000
5.202000
5.202000
5.202000
5.202000
5.202000
5.202000
5.462000
5.462000
5.462000
5.462000
5.462000
5.462000
5.462000
5.462000
5.462000
5.462000
5.462000
5.462000
5.462000
5.462000
5.462000
5.462000
5.462000
5.462000
5.722000
5.722000
5.722000
5.722000
5.722000
5.722000
5.722000
5.722000
5.981000
5.981000
5.981000
5.981000
5.981000
5.981000
5.981000
5.981000
5.981000
5.981000
6.241000
6.241000
6.241000
6.241000
6.241000
6.241000
6.241000
6.501000
6.501000
6.501000
6.501000
6.501000
6.501000
6.501000
6.501000
6.501000
6.501000
6.761000
6.761000
6.761000
6.761000
6.761000
6.761000
6.761000
6.761000
6.761000
7.021000
7.021000
7.021000
7.021000
7.021000
7.021000
7.021000
7.021000
7.021000
7.021000
7.021000
7.021000
7.021000
7.281000
7.281000
7.281000
7.281000
7.281000
7.281000
7.281000
7.281000
7.281000
7.281000
7.281000
7.540000
7.540000
7.540000
7.540000
7.540000
7.540000
7.540000
7.540000
7.800000
7.800000
7.800000
7.800000
7.800000
7.800000
7.800000
7.800000
7.800000
7.800000
8.060000
8.060000
8.060000
8.060000
8.060000
8.060000
8.060000
8.060000
8.320000
8.320000
8.320000
8.320000
8.320000
8.320000
8.320000
8.320000
8.320000
8.580000
8.580000
8.580000
8.580000
8.580000
8.580000
8.580000
8.580000
8.839000
8.839000
8.839000
8.839000
8.839000
8.839000
8.839000
8.839000
8.839000
8.839000
8.839000
8.839000
8.839000
8.839000
8.839000
9.099000
9.099000
9.099000
9.099000
9.099000
9.099000
9.099000
9.099000
9.099000
9.099000
9.359000
9.359000
9.359000
9.359000
9.359000
9.359000
9.359000
9.359000
9.359000
9.619000
9.619000
9.619000
9.619000
9.619000
9.619000
9.619000
9.619000
9.619000
9.619000
9.619000
9.619000
9.619000
9.879000
9.879000
9.879000
9.879000
9.879000
9.879000
9.879000
9.879000
10.140000
10.140000
10.140000
10.140000
10.140000
10.140000
10.140000
10.140000
10.400000
10.400000
10.400000
10.400000
10.400000
10.400000
10.400000
10.660000
10.660000
10.660000
10.660000
10.660000
10.660000
10.660000
10.660000
10.660000
10.660000
10.660000
10.660000
10.920000
10.920000
10.920000
10.920000
10.920000
10.920000
10.920000
10.920000
11.180000
11.180000
11.180000
11.180000
11.180000
11.180000
11.180000
11.180000
11.180000
11.180000
11.180000
11.440000
11.440000
11.440000
11.440000
11.440000
11.440000
11.440000
11.440000
11.440000
11.440000
11.440000
11.440000
11.700000
11.700000
11.700000
11.700000
11.700000
11.700000
11.700000
11.700000
11.700000
11.700000
11.960000
11.960000
11.960000
11.960000
11.960000
11.960000
11.960000
11.960000
12.220000
12.220000
12.220000
12.220000
12.220000
12.220000
12.220000
12.220000
12.220000
12.220000
12.480000
12.480000
12.480000
12.480000
12.480000
12.480000
12.480000
12.480000
12.480000
12.480000
12.740000
12.740000
12.740000
12.740000
12.740000
12.740000
12.740000
12.740000
12.740000
12.740000
12.740000
12.740000
13.000000
13.000000
13.000000
13.000000
13.000000
13.000000
13.000000
13.000000
13.000000
13.000000
13.000000
13.260000
13.260000
13.260000
13.260000
13.260000
13.260000
13.260000
13.260000
13.260000
13.260000
13.260000
13.260000
13.260000
13.520000
13.520000
13.520000
13.520000
13.520000
13.780000
13.780000
13.780000
13.780000
13.780000
13.780000
13.780000
13.780000
14.040000
14.040000
14.040000
14.040000
14.040000
14.040000
14.040000
14.040000
14.300000
14.300000
14.300000
14.300000
14.300000
14.300000
14.300000
14.300000
14.300000
14.300000
14.300000
14.300000
14.300000
14.560000
14.560000
14.560000
14.560000
14.560000
14.560000
14.560000
14.560000
14.810000
14.810000
14.810000
14.810000
14.810000
14.810000
14.810000
14.810000
14.810000
14.810000
14.810000
14.810000
14.810000
14.810000
15.070000
15.070000
15.070000
15.070000
15.070000
15.070000
15.070000
15.070000
15.330000
15.330000
15.330000
18.330000
18.330000
18.330000
18.330000
18.330000
18.330000
21.330000
21.330000
21.330000
21.330000
21.330000
21.330000
21.330000
24.320000
24.320000
24.320000
24.320000
24.320000
24.320000
24.320000
24.320000
24.320000
24.320000
24.320000
27.320000
27.320000
27.320000
27.320000
27.320000
27.320000
27.320000
27.320000
27.320000
29.559999
29.559999
29.559999
29.559999
29.559999
29.559999
29.559999
29.559999
29.559999
29.559999
