0.000000
0.000000
0.000000
0.000000
0.000000
0.000000
0.000000
0.000000
0.000000
0.000000
0.000000
0.000000
0.000000
0.000000
0.000000
0.000000
0.000000
0.000000
0.000000
0.000000
0.000000
0.000000
0.000000
0.000000
0.000000
0.000000
0.000000
0.000000
0.000000
0.000000
0.000000
0.000000
0.000000
0.000000
0.000000
0.000000
0.000000
0.000000
0.000000
0.000000
0.000000
0.000000
0.000000
0.000000
0.000000
0.000000
0.000000
2.410000
2.410000
2.410000
2.410000
2.410000
2.410000
2.410000
2.692000
2.692000
2.692000
2.692000
2.692000
2.692000
2.692000
2.692000
2.692000
2.692000
2.692000
2.692000
2.973000
2.973000
2.973000
2.973000
2.973000
2.973000
2.973000
2.973000
2.973000
3.254000
3.254000
3.254000
3.254000
3.254000
3.535000
3.535000
3.535000
3.535000
3.535000
3.535000
3.535000
3.535000
3.535000
3.535000
3.535000
3.535000
3.535000
3.535000
3.535000
3.535000
3.816000
3.816000
3.816000
3.816000
3.816000
3.816000
3.816000
3.816000
3.816000
4.098000
4.098000
4.098000
4.098000
4.098000
4.379000
4.379000
4.379000
4.379000
4.379000
4.379000
4.379000
4.379000
4.379000
4.379000
4.379000
4.660000
4.660000
4.660000
4.660000
4.941000
4.941000
4.941000
4.941000
4.941000
4.941000
4.941000
4.941000
4.941000
4.941000
5.222000
5.222000
5.222000
5.222000
5.222000
5.222000
5.222000
5.222000
5.222000
5.222000
5.222000
5.222000
5.222000
5.504000
5.504000
5.504000
5.504000
5.504000
5.504000
5.504000
5.504000
5.504000
5.504000
5.785000
5.785000
5.785000
5.785000
5.785000
5.785000
5.785000
5.785000
5.785000
5.785000
5.785000
6.066000
6.066000
6.066000
6.066000
6.066000
6.066000
6.066000
6.066000
6.066000
6.066000
6.066000
6.347000
6.347000
6.347000
6.347000
6.347000
6.347000
6.347000
6.347000
6.347000
6.347000
6.628000
6.628000
6.628000
6.628000
6.628000
6.628000
6.628000
6.628000
6.910000
6.910000
6.910000
6.910000
6.910000
6.910000
6.910000
6.910000
6.910000
7.191000
7.191000
7.191000
7.191000
7.191000
7.472000
7.472000
7.472000
7.472000
7.472000
7.472000
7.472000
7.472000
7.753000
7.753000
7.753000
7.753000
7.753000
7.753000
7.753000
7.753000
7.753000
8.034000
8.034000
8.034000
8.034000
8.034000
8.034000
8.034000
8.034000
8.034000
8.034000
8.034000
8.034000
8.034000
8.315000
8.315000
8.315000
8.315000
8.315000
8.315000
8.315000
8.597000
8.597000
8.597000
8.597000
8.597000
8.597000
8.597000
8.597000
8.597000
8.597000
8.597000
8.597000
8.597000
8.878000
8.878000
8.878000
8.878000
8.878000
9.159000
9.159000
9.159000
9.159000
9.159000
9.159000
9.159000
9.159000
9.159000
9.159000
9.159000
9.159000
9.159000
9.159000
9.159000
9.159000
9.440000
9.440000
9.440000
9.440000
9.440000
9.721000
9.721000
9.721000
9.721000
9.721000
9.721000
9.721000
9.721000
9.721000
9.721000
9.721000
9.721000
9.721000
10.000000
10.000000
10.000000
10.000000
10.000000
10.000000
10.000000
10.000000
10.000000
10.000000
10.000000
10.000000
10.000000
10.000000
10.000000
10.000000
10.000000
10.280000
10.280000
10.280000
10.280000
10.280000
10.280000
10.280000
10.280000
10.570000
10.570000
10.570000
10.570000
10.570000
10.570000
10.570000
10.570000
10.570000
10.850000
10.850000
10.850000
10.850000
10.850000
10.850000
10.850000
10.850000
10.850000
11.130000
11.130000
11.130000
11.130000
11.130000
11.130000
11.130000
11.130000
11.130000
11.130000
11.130000
11.130000
11.130000
11.410000
11.410000
11.410000
11.410000
11.410000
11.410000
11.410000
11.410000
11.410000
11.410000
11.410000
11.410000
11.410000
11.410000
11.410000
11.690000
11.690000
11.690000
11.690000
11.690000
11.690000
11.690000
11.690000
11.690000
11.690000
11.690000
11.690000
11.690000
11.690000
11.970000
11.970000
11.970000
11.970000
11.970000
11.970000
11.970000
11.970000
12.250000
12.250000
12.250000
12.250000
12.250000
12.250000
12.250000
12.250000
12.250000
12.250000
12.530000
12.530000
12.530000
12.530000
12.530000
12.530000
12.530000
12.530000
12.530000
12.810000
12.810000
12.810000
12.810000
12.810000
12.810000
12.810000
12.810000
12.810000
12.810000
13.100000
13.100000
13.100000
13.100000
13.100000
13.100000
13.100000
13.100000
13.100000
13.380000
13.380000
13.380000
13.380000
13.380000
13.380000
13.380000
13.380000
13.380000
13.380000
13.660000
13.660000
13.660000
13.660000
13.660000
13.660000
13.660000
13.940000
13.940000
13.940000
13.940000
13.940000
13.940000
13.940000
13.940000
13.940000
14.220000
14.220000
14.220000
14.220000
14.220000
14.220000
14.220000
14.220000
14.220000
14.500000
14.500000
14.500000
14.500000
14.500000
14.500000
14.500000
14.780000
14.780000
14.780000
14.780000
14.780000
14.780000
14.780000
14.780000
14.780000
14.780000
15.060000
15.060000
15.060000
15.060000
15.980000
15.980000
15.980000
15.980000
15.980000
15.980000
15.980000
15.980000
15.980000
15.980000
15.980000
15.980000
15.980000
15.980000
15.980000
15.980000
16.889999
16.889999
16.889999
16.889999
16.889999
16.889999
16.889999
16.889999
16.889999
16.889999
16.889999
16.889999
17.799999
17.799999
17.799999
17.799999
17.799999
17.799999
17.799999
17.799999
17.799999
17.799999
18.709999
18.709999
18.709999
18.709999
18.709999
18.709999
18.709999
18.709999
18.709999
18.709999
18.709999
18.709999
19.629999
19.629999
19.629999
19.629999
19.629999
20.540001
20.540001
20.540001
20.540001
20.540001
20.540001
20.540001
20.540001
20.540001
20.540001
20.540001
20.540001
20.540001
21.450001
21.450001
21.450001
21.450001
21.450001
21.450001
21.450001
21.450001
21.450001
21.450001
21.450001
21.450001
22.360001
22.360001
22.360001
22.360001
22.360001
22.360001
22.360001
23.280001
23.280001
23.280001
23.280001
23.280001
23.280001
23.280001
24.190001
24.190001
24.190001
24.190001
24.190001
24.190001
24.190001
24.190001
24.190001
24.190001
24.190001
24.190001
25.100000
25.100000
25.100000
25.100000
25.100000
25.100000
25.100000
25.100000
25.100000
26.010000
26.010000
26.010000
26.010000
26.010000
26.010000
26.010000
26.010000
26.010000
26.010000
26.930000
26.930000
26.930000
26.930000
26.930000
26.930000
26.930000
26.930000
26.930000
26.930000
26.930000
26.930000
26.930000
26.930000
27.840000
27.840000
27.840000
27.840000
27.840000
27.840000
27.840000
27.840000
27.840000
27.840000
27.840000
27.840000
28.750000
28.750000
28.750000
28.750000
28.750000
28.750000
28.750000
28.750000
28.750000
28.750000
28.750000
28.750000
28.750000
29.670000
29.670000
29.670000
29.670000
29.670000
29.670000
29.670000
29.670000
29.670000
29.670000
29.670000
29.670000
29.670000
29.670000
29.670000
30.580000
30.580000
30.580000
30.580000
30.580000
30.580000
30.580000
30.580000
31.490000
31.490000
31.490000
31.490000
31.490000
31.490000
31.490000
31.490000
31.490000
31.490000
31.490000
31.490000
31.490000
31.490000
32.400002
32.400002
32.400002
32.400002
33.320000
33.320000
33.320000
33.320000
33.320000
33.320000
33.320000
33.320000
34.230000
34.230000
34.230000
34.230000
34.230000
34.230000
34.230000
34.230000
34.230000
34.230000
34.230000
35.139999
35.139999
35.139999
35.139999
35.139999
35.139999
36.049999
36.049999
36.049999
36.049999
36.049999
36.049999
36.049999
36.049999
36.049999
36.049999
36.049999
36.049999
36.049999
36.970001
36.970001
36.970001
36.970001
36.970001
36.970001
36.970001
36.970001
36.970001
36.970001
36.970001
36.970001
37.880001
37.880001
37.880001
37.880001
37.880001
37.880001
37.880001
37.880001
37.880001
37.880001
37.880001
37.880001
37.880001
37.880001
37.880001
37.880001
38.790001
38.790001
38.790001
38.790001
38.790001
38.790001
39.700001
39.700001
39.700001
39.700001
39.700001
39.700001
39.700001
39.700001
39.700001
39.700001
39.700001
39.700001
40.619999
40.619999
40.619999
40.619999
40.619999
40.619999
40.619999
40.619999
40.619999
40.619999
41.529999
41.529999
41.529999
41.529999
41.529999
41.529999
41.529999
41.529999
41.529999
41.529999
42.439999
42.439999
42.439999
42.439999
42.439999
42.439999
42.439999
43.349998
43.349998
43.349998
43.349998
43.349998
43.349998
43.349998
43.349998
44.270000
44.270000
44.270000
44.270000
44.270000
44.270000
44.270000
44.270000
44.270000
44.270000
44.270000
44.270000
45.180000
45.180000
45.180000
45.180000
45.180000
45.180000
45.180000
46.090000
46.090000
46.090000
46.090000
46.090000
47.000000
47.000000
47.000000
47.000000
47.000000
47.000000
47.000000
47.000000
47.000000
47.919998
47.919998
47.919998
47.919998
47.919998
47.919998
47.919998
47.919998
47.919998
47.919998
47.919998
48.830002
48.830002
48.830002
48.830002
48.830002
48.830002
48.830002
48.830002
48.830002
48.830002
48.830002
48.830002
49.740002
49.740002
49.740002
49.740002
49.740002
49.740002
49.740002
49.740002
49.740002
49.740002
50.650002
50.650002
50.650002
50.650002
50.650002
50.650002
50.650002
50.650002
51.570000
51.570000
51.570000
51.570000
51.570000
51.570000
51.570000
51.570000
51.570000
51.570000
52.480000
52.480000
52.480000
52.480000
52.480000
52.480000
52.480000
52.480000
52.480000
53.389999
53.389999
53.389999
53.389999
54.299999
54.299999
54.299999
54.299999
54.299999
54.299999
54.299999
54.299999
54.299999
54.299999
54.299999
54.299999
55.220001
55.220001
55.220001
55.220001
55.220001
55.220001
55.220001
55.220001
55.220001
55.220001
56.130001
56.130001
56.130001
56.130001
56.130001
56.130001
56.130001
56.130001
67.470001
67.470001
67.470001
67.470001
67.470001
67.470001
67.470001
67.470001
67.470001
67.470001
67.470001
67.470001
67.470001
67.470001
78.809998
78.809998
78.809998
78.809998
78.809998
78.809998
78.809998
78.809998
78.809998
90.150002
90.150002
90.150002
90.150002
90.150002
90.150002
90.150002
90.150002
90.150002
90.150002
90.150002
90.150002
90.150002
101.500000
101.500000
101.500000
101.500000
101.500000
101.500000
101.500000
101.500000
101.500000
101.500000
101.500000
101.500000
101.500000
101.500000
110.000000
110.000000
110.000000
110.000000
110.000000
110.000000
110.000000
110.000000
110.000000
110.000000
110.000000
