0.000000
0.000000
0.000000
0.000000
0.000000
0.000000
0.000000
0.000000
0.000000
0.000000
0.000000
0.000000
0.000000
0.000000
0.000000
0.000000
0.000000
0.000000
0.000000
0.000000
0.000000
0.000000
0.000000
0.000000
0.000000
0.000000
0.000000
0.000000
0.000000
0.000000
0.000000
0.000000
0.000000
0.000000
0.000000
0.000000
0.000000
0.000000
0.000000
0.000000
0.000000
0.000000
0.000000
0.000000
0.000000
0.000000
0.000000
0.000000
0.000000
0.000000
0.000000
0.000000
0.000000
0.000000
0.000000
0.059950
0.059950
0.059950
0.059950
0.059950
0.059950
0.059950
0.059950
0.059950
0.059950
0.165700
0.165700
0.165700
0.165700
0.165700
0.165700
0.165700
0.271500
0.271500
0.271500
0.271500
0.271500
0.271500
0.377200
0.377200
0.377200
0.377200
0.377200
0.377200
0.377200
0.377200
0.377200
0.377200
0.377200
0.483000
0.483000
0.483000
0.483000
0.483000
0.483000
0.483000
0.483000
0.483000
0.483000
0.483000
0.483000
0.483000
0.588700
0.588700
0.588700
0.588700
0.588700
0.588700
0.588700
0.694500
0.694500
0.694500
0.694500
0.694500
0.694500
0.694500
0.694500
0.694500
0.694500
0.694500
0.694500
0.694500
0.800200
0.800200
0.800200
0.800200
0.800200
0.800200
0.800200
0.800200
0.800200
0.800200
0.800200
0.800200
0.800200
0.906000
0.906000
0.906000
0.906000
0.906000
0.906000
0.906000
0.906000
0.906000
0.906000
0.906000
0.906000
0.906000
1.012000
1.012000
1.012000
1.012000
1.012000
1.012000
1.012000
1.012000
1.117000
1.117000
1.117000
1.117000
1.117000
1.223000
1.223000
1.223000
1.223000
1.223000
1.223000
1.223000
1.223000
1.223000
1.223000
1.329000
1.329000
1.329000
1.329000
1.329000
1.329000
1.329000
1.329000
1.329000
1.329000
1.329000
1.329000
1.329000
1.329000
1.329000
1.329000
1.329000
1.329000
1.329000
1.329000
1.329000
1.435000
1.435000
1.435000
1.435000
1.435000
1.435000
1.435000
1.435000
1.435000
1.540000
1.540000
1.540000
1.540000
1.540000
1.540000
1.540000
1.540000
1.646000
1.646000
1.646000
1.646000
1.646000
1.646000
1.752000
1.752000
1.752000
1.752000
1.752000
1.752000
1.752000
1.752000
1.858000
1.858000
1.858000
1.858000
1.858000
1.858000
1.858000
1.858000
1.858000
1.964000
1.964000
1.964000
1.964000
1.964000
2.069000
2.069000
2.069000
2.069000
2.069000
2.069000
2.069000
2.069000
2.069000
2.069000
2.069000
2.175000
2.175000
2.175000
2.175000
2.175000
2.175000
2.175000
2.175000
2.175000
2.175000
2.175000
2.175000
2.175000
2.175000
2.281000
2.281000
2.281000
2.281000
2.281000
2.281000
2.281000
2.281000
2.281000
2.281000
2.281000
2.281000
2.387000
2.387000
2.387000
2.387000
2.387000
2.387000
2.492000
2.492000
2.492000
2.492000
2.492000
2.492000
2.492000
2.492000
2.492000
2.492000
2.492000
2.492000
2.492000
2.492000
2.492000
2.492000
2.492000
2.598000
2.598000
2.598000
2.598000
2.598000
2.598000
2.598000
2.598000
2.704000
2.704000
2.704000
2.704000
2.704000
2.704000
2.704000
2.704000
2.704000
2.810000
2.810000
2.810000
2.810000
2.810000
2.810000
2.810000
2.810000
2.810000
2.810000
2.810000
2.810000
2.810000
2.810000
2.915000
2.915000
2.915000
2.915000
2.915000
2.915000
2.915000
2.915000
2.915000
3.021000
3.021000
3.021000
3.021000
3.021000
3.021000
3.021000
3.021000
3.021000
3.021000
3.021000
3.021000
3.127000
3.127000
3.127000
3.127000
3.127000
3.127000
3.127000
3.127000
3.127000
3.127000
3.233000
3.233000
3.233000
3.233000
3.233000
3.233000
3.338000
3.338000
3.338000
3.338000
3.338000
3.338000
3.338000
3.338000
3.338000
3.338000
3.338000
3.444000
3.444000
3.444000
3.444000
3.444000
3.444000
3.444000
3.444000
3.444000
3.550000
3.550000
3.550000
3.550000
3.550000
3.550000
3.656000
3.656000
3.656000
3.656000
3.656000
3.656000
3.656000
3.761000
3.761000
3.761000
3.761000
3.761000
3.761000
3.867000
3.867000
3.867000
3.867000
3.867000
3.867000
3.867000
3.867000
3.867000
3.867000
3.867000
3.867000
3.867000
3.867000
3.973000
3.973000
3.973000
3.973000
3.973000
3.973000
3.973000
3.973000
4.079000
4.079000
4.079000
4.079000
4.079000
4.079000
4.079000
4.079000
4.079000
4.079000
4.079000
4.079000
4.079000
4.079000
4.079000
4.184000
4.184000
4.184000
4.184000
4.184000
4.184000
4.184000
4.184000
4.290000
4.290000
4.290000
4.290000
4.290000
4.290000
4.290000
4.290000
4.396000
4.396000
4.396000
4.396000
4.396000
4.396000
4.396000
4.396000
4.396000
4.396000
4.396000
4.396000
4.396000
4.502000
4.502000
4.502000
4.502000
4.502000
4.502000
4.607000
4.607000
4.607000
4.607000
4.607000
4.607000
4.607000
4.607000
4.607000
4.607000
4.607000
4.713000
4.713000
4.713000
4.713000
4.713000
4.713000
4.713000
4.713000
4.819000
4.819000
4.819000
4.819000
4.819000
4.819000
4.819000
4.819000
4.819000
5.326000
5.326000
5.326000
5.326000
5.326000
5.326000
5.326000
5.326000
5.326000
5.326000
5.833000
5.833000
5.833000
5.833000
5.833000
5.833000
5.833000
5.833000
5.833000
5.833000
5.833000
5.833000
5.833000
5.833000
6.340000
6.340000
6.340000
6.340000
6.340000
6.340000
6.340000
6.340000
6.848000
6.848000
6.848000
6.848000
6.848000
6.848000
6.848000
6.848000
6.848000
6.848000
7.355000
7.355000
7.355000
7.355000
7.355000
7.355000
7.355000
7.355000
7.355000
7.355000
7.862000
7.862000
7.862000
7.862000
7.862000
7.862000
7.862000
7.862000
8.369000
8.369000
8.369000
8.369000
8.369000
8.369000
8.369000
8.369000
8.369000
8.369000
8.369000
8.369000
8.369000
8.876000
8.876000
8.876000
8.876000
8.876000
8.876000
8.876000
8.876000
9.384000
9.384000
9.384000
9.384000
9.384000
9.384000
9.384000
9.384000
9.384000
9.384000
9.384000
9.384000
9.891000
9.891000
9.891000
9.891000
9.891000
9.891000
9.891000
9.891000
9.891000
9.891000
9.891000
9.891000
10.400000
10.400000
10.400000
10.400000
10.400000
10.400000
10.400000
10.400000
10.400000
10.910000
10.910000
10.910000
10.910000
10.910000
10.910000
10.910000
11.410000
11.410000
11.410000
11.410000
11.410000
11.410000
11.410000
11.410000
11.410000
11.410000
11.410000
11.410000
11.410000
11.410000
11.920000
11.920000
11.920000
11.920000
11.920000
11.920000
11.920000
11.920000
12.430000
12.430000
12.430000
12.430000
12.430000
12.430000
12.430000
12.430000
12.430000
12.430000
12.930000
12.930000
12.930000
12.930000
12.930000
12.930000
12.930000
12.930000
12.930000
12.930000
12.930000
13.440000
13.440000
13.440000
13.440000
13.440000
13.440000
13.440000
13.440000
13.440000
13.440000
13.440000
13.440000
13.440000
13.950000
13.950000
13.950000
13.950000
13.950000
13.950000
13.950000
13.950000
13.950000
13.950000
13.950000
13.950000
13.950000
14.460000
14.460000
14.460000
14.460000
14.460000
14.460000
14.460000
14.960000
14.960000
14.960000
14.960000
14.960000
14.960000
14.960000
14.960000
14.960000
14.960000
14.960000
14.960000
14.960000
14.960000
15.470000
15.470000
15.470000
15.470000
15.470000
15.470000
15.470000
15.980000
15.980000
15.980000
15.980000
15.980000
15.980000
15.980000
15.980000
15.980000
15.980000
15.980000
16.480000
16.480000
16.480000
16.480000
16.480000
16.480000
16.480000
16.480000
16.990000
16.990000
16.990000
16.990000
16.990000
16.990000
16.990000
17.500000
17.500000
17.500000
17.500000
17.500000
17.500000
17.500000
18.010000
18.010000
18.010000
18.010000
18.010000
18.010000
18.010000
18.010000
18.010000
18.510000
18.510000
18.510000
18.510000
18.510000
18.510000
18.510000
18.510000
18.510000
18.510000
19.020000
19.020000
19.020000
19.020000
19.020000
19.020000
19.020000
19.020000
19.020000
19.020000
19.020000
19.530001
19.530001
19.530001
19.530001
19.530001
19.530001
19.530001
19.530001
19.530001
19.530001
19.530001
19.530001
19.530001
19.530001
20.030001
20.030001
20.030001
20.030001
20.030001
20.030001
20.030001
20.030001
20.030001
20.030001
20.540001
20.540001
20.540001
20.540001
20.540001
20.540001
20.540001
20.540001
20.540001
20.540001
20.540001
20.540001
20.540001
21.049999
21.049999
21.049999
21.049999
21.049999
21.049999
21.049999
21.049999
21.049999
21.049999
21.559999
21.559999
21.559999
21.559999
21.559999
21.559999
21.559999
21.559999
21.559999
21.559999
21.559999
22.059999
22.059999
22.059999
22.059999
22.059999
22.059999
22.059999
22.059999
22.059999
22.059999
22.059999
22.059999
22.570000
22.570000
22.570000
22.570000
22.570000
22.570000
23.080000
23.080000
23.080000
23.080000
23.080000
23.080000
23.080000
23.080000
23.080000
23.080000
23.080000
23.080000
23.080000
23.080000
23.580000
23.580000
23.580000
23.580000
23.580000
23.580000
23.580000
24.090000
24.090000
24.090000
24.090000
24.090000
24.090000
24.090000
24.090000
24.090000
24.090000
24.090000
24.090000
24.090000
24.090000
24.600000
24.600000
24.600000
24.600000
24.600000
24.600000
24.600000
24.600000
24.600000
24.600000
24.600000
24.600000
24.600000
25.110001
25.110001
25.110001
25.610001
25.610001
25.610001
25.610001
26.120001
26.120001
26.120001
26.120001
26.120001
26.120001
26.629999
26.629999
26.629999
26.629999
26.629999
26.629999
26.629999
26.629999
26.629999
26.629999
26.629999
26.629999
27.139999
27.139999
27.139999
27.139999
27.139999
27.139999
27.139999
27.639999
27.639999
27.639999
27.639999
27.639999
27.639999
27.639999
27.639999
27.639999
27.639999
27.639999
27.639999
36.939999
36.939999
36.939999
36.939999
36.939999
36.939999
36.939999
46.240002
46.240002
46.240002
46.240002
46.240002
46.240002
46.240002
46.240002
55.549999
55.549999
55.549999
55.549999
55.549999
55.549999
55.549999
55.549999
55.549999
55.549999
64.849998
64.849998
64.849998
64.849998
64.849998
64.849998
64.849998
64.849998
64.849998
64.849998
64.849998
64.849998
64.849998
71.820000
71.820000
71.820000
71.820000
71.820000
71.820000
71.820000
71.820000
71.820000
