0.000000
0.000000
0.000000
0.000000
0.000000
0.000000
0.000000
0.000000
0.000000
0.000000
0.000000
0.000000
0.000000
0.000000
0.000000
0.000000
0.000000
0.000000
0.000000
0.000000
0.000000
0.000000
0.000000
0.000000
0.000000
0.000000
0.000000
0.000000
0.000000
0.000000
0.000000
0.000000
0.000000
0.000000
0.000000
0.000000
0.000000
0.000000
0.000000
0.000000
0.000000
0.000000
0.000000
0.000000
0.000000
0.000000
0.000000
0.000000
0.283000
0.283000
0.283000
0.283000
0.283000
0.283000
0.283000
0.283000
0.283000
0.283000
0.283000
0.283000
0.690900
0.690900
0.690900
0.690900
0.690900
0.690900
0.690900
1.099000
1.099000
1.099000
1.099000
1.099000
1.099000
1.099000
1.099000
1.507000
1.507000
1.507000
1.507000
1.507000
1.507000
1.507000
1.507000
1.507000
1.507000
1.507000
1.507000
1.507000
1.507000
1.507000
1.915000
1.915000
1.915000
1.915000
1.915000
1.915000
1.915000
1.915000
1.915000
1.915000
2.323000
2.323000
2.323000
2.323000
2.323000
2.323000
2.323000
2.323000
2.323000
2.731000
2.731000
2.731000
2.731000
2.731000
2.731000
2.731000
2.731000
2.731000
2.731000
2.731000
2.731000
3.138000
3.138000
3.138000
3.138000
3.138000
3.138000
3.138000
3.138000
3.138000
3.546000
3.546000
3.546000
3.546000
3.546000
3.546000
3.546000
3.954000
3.954000
3.954000
3.954000
3.954000
3.954000
3.954000
3.954000
3.954000
3.954000
3.954000
4.362000
4.362000
4.362000
4.362000
4.362000
4.362000
4.362000
4.770000
4.770000
4.770000
4.770000
4.770000
4.770000
4.770000
4.770000
4.770000
5.178000
5.178000
5.178000
5.178000
5.178000
5.178000
5.178000
5.178000
5.178000
5.178000
5.586000
5.586000
5.586000
5.586000
5.994000
5.994000
5.994000
5.994000
5.994000
5.994000
5.994000
5.994000
5.994000
5.994000
5.994000
5.994000
6.402000
6.402000
6.402000
6.402000
6.402000
6.402000
6.402000
6.402000
6.402000
6.402000
6.810000
6.810000
6.810000
6.810000
6.810000
6.810000
6.810000
6.810000
6.810000
6.810000
6.810000
6.810000
6.810000
7.218000
7.218000
7.218000
7.218000
7.218000
7.218000
7.218000
7.218000
7.218000
7.218000
7.218000
7.218000
7.218000
7.218000
7.218000
7.218000
7.218000
7.626000
7.626000
7.626000
7.626000
7.626000
7.626000
7.626000
7.626000
8.033000
8.033000
8.033000
8.033000
8.033000
8.033000
8.033000
8.033000
8.033000
8.033000
8.033000
8.033000
8.033000
8.441000
8.441000
8.441000
8.441000
8.441000
8.441000
8.441000
8.441000
8.441000
8.441000
8.441000
8.441000
8.441000
8.441000
8.441000
8.441000
8.441000
8.849000
8.849000
8.849000
8.849000
8.849000
8.849000
8.849000
8.849000
8.849000
8.849000
8.849000
9.257000
9.257000
9.257000
9.257000
9.257000
9.257000
9.257000
9.257000
9.665000
9.665000
9.665000
9.665000
9.665000
9.665000
9.665000
9.665000
9.665000
9.665000
9.665000
9.665000
9.665000
10.070000
10.070000
10.070000
10.070000
10.070000
10.070000
10.070000
10.070000
10.070000
10.070000
10.070000
10.070000
10.070000
10.070000
10.480000
10.480000
10.480000
10.480000
10.480000
10.480000
10.480000
10.480000
10.480000
10.480000
10.480000
10.480000
10.480000
10.890000
10.890000
10.890000
10.890000
10.890000
10.890000
10.890000
10.890000
11.300000
11.300000
11.300000
11.300000
11.300000
11.300000
11.300000
11.300000
11.700000
11.700000
11.700000
11.700000
11.700000
11.700000
12.110000
12.110000
12.110000
12.110000
12.110000
12.110000
12.110000
12.110000
12.110000
12.110000
12.110000
12.110000
12.110000
12.110000
12.110000
12.520000
12.520000
12.520000
12.520000
12.930000
12.930000
12.930000
12.930000
12.930000
12.930000
13.340000
13.340000
13.340000
13.340000
13.340000
13.340000
13.340000
13.340000
13.740000
13.740000
13.740000
13.740000
13.740000
13.740000
14.150000
14.150000
14.150000
14.150000
14.150000
14.150000
14.150000
14.150000
14.150000
14.150000
14.150000
14.560000
14.560000
14.560000
14.560000
14.560000
14.970000
14.970000
14.970000
14.970000
14.970000
14.970000
14.970000
15.380000
15.380000
15.380000
15.380000
15.380000
15.780000
15.780000
15.780000
15.780000
15.780000
15.780000
15.780000
16.190001
16.190001
16.190001
16.190001
16.190001
16.190001
16.190001
16.190001
16.190001
16.190001
16.190001
16.190001
16.600000
16.600000
16.600000
16.600000
16.600000
16.600000
16.600000
16.600000
16.600000
16.600000
16.600000
16.600000
16.600000
17.010000
17.010000
17.010000
17.010000
17.010000
17.010000
17.420000
17.420000
17.420000
17.420000
17.420000
17.420000
17.420000
17.420000
17.420000
17.420000
17.420000
17.420000
17.420000
17.420000
17.820000
17.820000
17.820000
17.820000
17.820000
17.820000
17.820000
17.820000
17.820000
17.820000
17.820000
17.820000
17.820000
17.820000
17.820000
17.820000
17.820000
17.820000
17.820000
17.820000
18.230000
18.230000
18.230000
18.230000
18.230000
18.230000
18.230000
18.230000
18.639999
18.639999
18.639999
18.639999
18.639999
18.639999
18.639999
18.639999
18.639999
18.639999
18.639999
18.639999
19.719999
19.719999
19.719999
19.719999
19.719999
19.719999
19.719999
19.719999
19.719999
19.719999
19.719999
19.719999
19.719999
19.719999
20.790001
20.790001
20.790001
20.790001
20.790001
20.790001
20.790001
20.790001
20.790001
20.790001
20.790001
20.790001
21.870001
21.870001
21.870001
21.870001
21.870001
21.870001
21.870001
21.870001
21.870001
21.870001
22.950001
22.950001
22.950001
22.950001
22.950001
22.950001
22.950001
22.950001
22.950001
22.950001
22.950001
24.020000
24.020000
24.020000
24.020000
25.100000
25.100000
25.100000
25.100000
25.100000
25.100000
25.100000
25.100000
25.100000
25.100000
25.100000
26.180000
26.180000
26.180000
26.180000
26.180000
26.180000
26.180000
26.180000
26.180000
26.180000
26.180000
27.260000
27.260000
27.260000
27.260000
27.260000
27.260000
27.260000
27.260000
28.330000
28.330000
28.330000
28.330000
28.330000
29.410000
29.410000
29.410000
29.410000
29.410000
29.410000
29.410000
29.410000
29.410000
29.410000
30.490000
30.490000
30.490000
30.490000
30.490000
30.490000
30.490000
30.490000
30.490000
30.490000
30.490000
30.490000
30.490000
30.490000
30.490000
31.559999
31.559999
31.559999
31.559999
31.559999
31.559999
31.559999
31.559999
31.559999
32.639999
32.639999
32.639999
32.639999
32.639999
32.639999
32.639999
32.639999
32.639999
33.720001
33.720001
33.720001
33.720001
33.720001
33.720001
33.720001
33.720001
33.720001
33.720001
33.720001
33.720001
33.720001
33.720001
34.790001
34.790001
34.790001
34.790001
34.790001
34.790001
34.790001
34.790001
34.790001
34.790001
34.790001
34.790001
35.869999
35.869999
35.869999
35.869999
35.869999
35.869999
35.869999
35.869999
35.869999
35.869999
35.869999
35.869999
35.869999
35.869999
35.869999
36.950001
36.950001
36.950001
36.950001
36.950001
36.950001
36.950001
36.950001
36.950001
36.950001
36.950001
36.950001
36.950001
38.029999
38.029999
38.029999
38.029999
38.029999
38.029999
38.029999
38.029999
38.029999
39.099998
39.099998
39.099998
39.099998
39.099998
39.099998
39.099998
39.099998
39.099998
39.099998
39.099998
39.099998
39.099998
40.180000
40.180000
40.180000
40.180000
40.180000
40.180000
40.180000
41.259998
41.259998
41.259998
41.259998
41.259998
41.259998
41.259998
41.259998
41.259998
41.259998
41.259998
41.259998
41.259998
41.259998
41.259998
41.259998
42.330002
42.330002
42.330002
42.330002
42.330002
42.330002
42.330002
42.330002
42.330002
42.330002
43.410000
43.410000
43.410000
43.410000
43.410000
44.490002
44.490002
44.490002
44.490002
44.490002
44.490002
44.490002
44.490002
44.490002
44.490002
45.560001
45.560001
45.560001
45.560001
45.560001
45.560001
45.560001
46.639999
46.639999
46.639999
46.639999
46.639999
46.639999
46.639999
47.720001
47.720001
47.720001
47.720001
47.720001
47.720001
47.720001
47.720001
47.720001
48.799999
48.799999
48.799999
49.869999
49.869999
49.869999
49.869999
49.869999
49.869999
49.869999
49.869999
49.869999
49.869999
49.869999
49.869999
49.869999
49.869999
49.869999
49.869999
50.950001
50.950001
50.950001
50.950001
50.950001
50.950001
50.950001
50.950001
50.950001
50.950001
52.029999
52.029999
53.099998
53.099998
53.099998
53.099998
53.099998
53.099998
53.099998
53.099998
54.180000
54.180000
54.180000
54.180000
54.180000
54.180000
54.180000
54.180000
54.180000
54.180000
54.180000
54.180000
54.180000
54.180000
54.180000
54.180000
55.259998
55.259998
55.259998
55.259998
55.259998
55.259998
56.330002
56.330002
56.330002
56.330002
56.330002
56.330002
56.330002
56.330002
56.330002
56.330002
56.330002
57.410000
57.410000
57.410000
57.410000
57.410000
57.410000
57.410000
57.410000
57.410000
57.410000
57.410000
58.490002
58.490002
58.490002
58.490002
58.490002
58.490002
58.490002
58.490002
59.570000
59.570000
59.570000
59.570000
59.570000
59.570000
59.570000
59.570000
59.570000
60.639999
60.639999
60.639999
60.639999
60.639999
60.639999
60.639999
60.639999
60.639999
60.639999
60.639999
60.639999
61.720001
61.720001
61.720001
61.720001
61.720001
62.799999
62.799999
62.799999
62.799999
62.799999
62.799999
62.799999
62.799999
62.799999
62.799999
62.799999
62.799999
62.799999
63.869999
63.869999
63.869999
63.869999
63.869999
63.869999
63.869999
63.869999
63.869999
64.949997
64.949997
64.949997
64.949997
64.949997
64.949997
64.949997
64.949997
64.949997
64.949997
66.029999
66.029999
66.029999
66.029999
66.029999
66.029999
66.029999
66.029999
66.029999
66.029999
67.099998
67.099998
67.099998
67.099998
67.099998
67.099998
67.099998
67.099998
67.099998
67.099998
67.099998
74.809998
74.809998
74.809998
74.809998
74.809998
74.809998
74.809998
74.809998
74.809998
74.809998
82.519997
82.519997
82.519997
82.519997
82.519997
82.519997
82.519997
82.519997
82.519997
90.230003
90.230003
90.230003
90.230003
90.230003
90.230003
90.230003
90.230003
97.930000
97.930000
97.930000
97.930000
97.930000
97.930000
97.930000
97.930000
97.930000
97.930000
103.699997
103.699997
103.699997
103.699997
103.699997
103.699997
103.699997
103.699997
103.699997
