0.000000
0.000000
0.000000
0.000000
0.000000
0.000000
0.000000
0.000000
0.000000
0.000000
0.000000
0.000000
0.000000
0.000000
0.000000
0.000000
0.000000
0.000000
0.000000
0.000000
0.000000
0.000000
0.000000
0.000000
0.000000
0.000000
0.000000
0.000000
0.000000
0.000000
0.000000
0.000000
0.000000
0.000000
0.000000
0.000000
0.000000
0.000000
0.000000
0.012700
0.012700
0.012700
0.012700
0.012700
0.012700
0.012700
0.012700
0.012700
2.603000
2.603000
2.603000
2.603000
2.603000
2.603000
2.603000
2.603000
2.603000
2.603000
2.603000
3.262000
3.262000
3.262000
3.262000
3.262000
3.262000
3.262000
3.262000
3.262000
3.262000
3.262000
3.262000
3.262000
3.920000
3.920000
3.920000
3.920000
3.920000
3.920000
3.920000
3.920000
3.920000
3.920000
3.920000
3.920000
4.579000
4.579000
4.579000
4.579000
4.579000
4.579000
5.238000
5.238000
5.238000
5.238000
5.238000
5.238000
5.238000
5.238000
5.238000
5.238000
5.238000
5.238000
5.238000
5.238000
5.238000
5.897000
5.897000
5.897000
5.897000
5.897000
5.897000
5.897000
6.556000
6.556000
6.556000
6.556000
6.556000
6.556000
6.556000
6.556000
6.556000
6.556000
6.556000
6.556000
6.556000
6.556000
6.556000
6.556000
7.214000
7.214000
7.214000
7.214000
7.214000
7.214000
7.214000
7.873000
7.873000
7.873000
7.873000
7.873000
7.873000
7.873000
8.532000
8.532000
8.532000
8.532000
8.532000
8.532000
8.532000
8.532000
8.532000
8.532000
9.191000
9.191000
9.191000
9.191000
9.191000
9.191000
9.191000
9.191000
9.850000
9.850000
9.850000
9.850000
9.850000
9.850000
9.850000
9.850000
9.850000
9.850000
10.510000
10.510000
10.510000
10.510000
10.510000
10.510000
10.510000
10.510000
10.510000
10.510000
10.510000
10.510000
10.510000
10.510000
11.170000
11.170000
11.170000
11.170000
11.170000
11.170000
11.830000
11.830000
11.830000
11.830000
11.830000
11.830000
11.830000
11.830000
11.830000
11.830000
12.480000
12.480000
12.480000
12.480000
12.480000
12.480000
12.480000
12.480000
12.480000
13.140000
13.140000
13.140000
13.140000
13.140000
13.140000
13.140000
13.140000
13.140000
13.140000
13.140000
13.140000
13.140000
13.140000
13.800000
13.800000
13.800000
13.800000
13.800000
13.800000
13.800000
13.800000
14.460000
14.460000
14.460000
14.460000
14.460000
14.460000
14.460000
14.460000
14.460000
15.120000
15.120000
15.120000
15.120000
15.120000
15.120000
15.780000
15.780000
15.780000
15.780000
15.780000
15.780000
15.780000
15.780000
15.780000
15.780000
16.440001
16.440001
16.440001
16.440001
16.440001
16.440001
16.440001
16.440001
16.440001
16.440001
16.440001
17.100000
17.100000
17.100000
17.100000
17.100000
17.100000
17.100000
17.100000
17.760000
17.760000
17.760000
17.760000
17.760000
17.760000
17.760000
17.760000
17.760000
17.760000
17.760000
17.760000
17.760000
17.760000
18.410000
18.410000
18.410000
18.410000
18.410000
18.410000
18.410000
18.410000
18.410000
18.410000
19.070000
19.070000
19.070000
19.070000
19.070000
19.070000
19.070000
19.070000
19.070000
19.070000
19.070000
19.730000
19.730000
19.730000
19.730000
19.730000
19.730000
19.730000
19.730000
19.730000
19.730000
19.730000
19.730000
19.730000
19.730000
19.730000
19.730000
19.730000
19.730000
19.730000
19.730000
19.730000
19.730000
20.389999
20.389999
20.389999
20.389999
20.389999
20.389999
20.389999
20.389999
20.389999
20.389999
20.389999
21.049999
21.049999
21.049999
21.049999
21.049999
21.709999
21.709999
21.709999
21.709999
21.709999
21.709999
21.709999
21.709999
21.709999
21.709999
22.370001
22.370001
22.370001
22.370001
22.370001
22.370001
22.370001
22.370001
22.370001
23.030001
23.030001
23.030001
23.030001
23.030001
23.030001
23.030001
23.680000
23.680000
23.680000
23.680000
23.680000
23.680000
23.680000
23.680000
23.680000
24.340000
24.340000
24.340000
24.340000
24.340000
24.340000
24.340000
24.340000
24.340000
24.340000
25.000000
25.000000
25.000000
25.000000
25.000000
25.000000
25.000000
25.000000
25.000000
25.000000
25.000000
25.000000
25.000000
25.000000
25.000000
25.660000
25.660000
25.660000
25.660000
25.660000
26.320000
26.320000
26.320000
26.320000
26.320000
26.320000
26.320000
26.320000
26.320000
26.320000
26.320000
26.980000
26.980000
26.980000
26.980000
26.980000
26.980000
26.980000
26.980000
26.980000
26.980000
26.980000
27.639999
27.639999
27.639999
27.639999
27.639999
27.639999
27.639999
27.639999
27.639999
27.639999
27.639999
28.299999
28.299999
28.299999
28.299999
28.299999
28.299999
28.299999
28.299999
28.299999
28.959999
28.959999
28.959999
28.959999
28.959999
28.959999
29.610001
29.610001
29.610001
29.610001
29.610001
29.610001
29.610001
30.270000
30.270000
30.270000
30.270000
30.270000
30.270000
30.270000
30.270000
30.270000
30.270000
30.270000
30.270000
30.270000
30.270000
30.270000
30.930000
30.930000
30.930000
30.930000
30.930000
30.930000
30.930000
30.930000
30.930000
30.930000
30.930000
30.930000
30.930000
31.590000
31.590000
31.590000
31.590000
31.590000
31.590000
31.590000
31.590000
31.590000
31.590000
31.590000
32.250000
32.250000
32.250000
32.250000
32.250000
32.250000
32.250000
32.250000
33.459999
33.459999
33.459999
33.459999
33.459999
33.459999
33.459999
33.459999
33.459999
34.680000
34.680000
34.680000
34.680000
34.680000
34.680000
34.680000
34.680000
34.680000
34.680000
34.680000
34.680000
34.680000
34.680000
35.889999
35.889999
35.889999
35.889999
35.889999
35.889999
35.889999
35.889999
35.889999
35.889999
37.110001
37.110001
37.110001
37.110001
37.110001
37.110001
37.110001
37.110001
37.110001
37.110001
37.110001
37.110001
37.110001
38.320000
38.320000
38.320000
38.320000
38.320000
39.529999
39.529999
39.529999
39.529999
39.529999
39.529999
39.529999
40.750000
40.750000
40.750000
40.750000
40.750000
40.750000
40.750000
40.750000
40.750000
40.750000
40.750000
40.750000
40.750000
41.959999
41.959999
41.959999
41.959999
41.959999
41.959999
41.959999
41.959999
41.959999
41.959999
41.959999
41.959999
41.959999
41.959999
41.959999
43.180000
43.180000
43.180000
43.180000
43.180000
43.180000
44.389999
44.389999
44.389999
44.389999
44.389999
44.389999
44.389999
44.389999
45.599998
45.599998
45.599998
45.599998
45.599998
45.599998
45.599998
45.599998
45.599998
45.599998
45.599998
45.599998
45.599998
46.820000
46.820000
46.820000
46.820000
46.820000
46.820000
46.820000
46.820000
48.029999
48.029999
48.029999
48.029999
48.029999
48.029999
48.029999
48.029999
48.029999
48.029999
48.029999
48.029999
49.250000
49.250000
49.250000
49.250000
49.250000
49.250000
49.250000
49.250000
50.459999
50.459999
50.459999
50.459999
50.459999
50.459999
50.459999
50.459999
50.459999
50.459999
51.669998
51.669998
51.669998
51.669998
51.669998
51.669998
51.669998
51.669998
51.669998
51.669998
51.669998
51.669998
51.669998
52.889999
52.889999
52.889999
52.889999
52.889999
52.889999
52.889999
52.889999
54.099998
54.099998
54.099998
54.099998
54.099998
54.099998
54.099998
54.099998
54.099998
54.099998
55.320000
55.320000
55.320000
55.320000
55.320000
55.320000
55.320000
55.320000
56.529999
56.529999
56.529999
56.529999
56.529999
57.740002
57.740002
57.740002
57.740002
57.740002
57.740002
58.959999
58.959999
58.959999
58.959999
58.959999
58.959999
58.959999
58.959999
58.959999
58.959999
58.959999
58.959999
60.169998
60.169998
60.169998
60.169998
60.169998
60.169998
60.169998
60.169998
60.169998
61.389999
61.389999
61.389999
61.389999
61.389999
62.599998
62.599998
62.599998
62.599998
62.599998
62.599998
62.599998
62.599998
62.599998
62.599998
62.599998
62.599998
62.599998
63.810001
63.810001
63.810001
63.810001
63.810001
63.810001
63.810001
63.810001
63.810001
65.029999
65.029999
65.029999
65.029999
65.029999
65.029999
65.029999
65.029999
65.029999
65.029999
66.239998
66.239998
66.239998
66.239998
66.239998
66.239998
66.239998
66.239998
66.239998
67.459999
67.459999
67.459999
67.459999
67.459999
67.459999
67.459999
67.459999
67.459999
67.459999
67.459999
68.669998
68.669998
68.669998
68.669998
68.669998
68.669998
68.669998
68.669998
68.669998
68.669998
68.669998
69.879997
69.879997
69.879997
69.879997
69.879997
69.879997
71.099998
71.099998
71.099998
71.099998
71.099998
71.099998
71.099998
71.099998
72.309998
72.309998
72.309998
72.309998
72.309998
72.309998
72.309998
72.309998
72.309998
72.309998
72.309998
72.309998
72.309998
72.309998
72.309998
72.309998
72.309998
73.529999
73.529999
73.529999
73.529999
73.529999
73.529999
73.529999
73.529999
74.739998
74.739998
74.739998
74.739998
74.739998
74.739998
74.739998
75.949997
75.949997
75.949997
75.949997
75.949997
75.949997
75.949997
75.949997
75.949997
75.949997
77.169998
77.169998
77.169998
77.169998
77.169998
77.169998
77.169998
77.169998
77.169998
77.169998
77.169998
77.169998
77.169998
77.169998
77.169998
78.379997
78.379997
78.379997
78.379997
78.379997
78.379997
78.379997
78.379997
78.379997
78.379997
79.599998
79.599998
79.599998
79.599998
79.599998
79.599998
79.599998
79.599998
79.599998
80.809998
80.809998
80.809998
80.809998
80.809998
80.809998
80.809998
80.809998
80.809998
80.809998
80.809998
80.809998
80.809998
82.019997
82.019997
82.019997
82.019997
82.019997
82.019997
82.019997
82.019997
82.019997
82.019997
83.239998
83.239998
83.239998
84.449997
84.449997
84.449997
84.449997
84.449997
84.449997
84.449997
84.449997
84.449997
84.449997
84.449997
85.669998
85.669998
85.669998
85.669998
85.669998
85.669998
85.669998
85.669998
85.669998
85.669998
85.669998
86.879997
86.879997
86.879997
86.879997
86.879997
86.879997
86.879997
86.879997
86.879997
86.879997
86.879997
86.879997
86.879997
91.050003
91.050003
91.050003
91.050003
91.050003
91.050003
91.050003
91.050003
91.050003
91.050003
95.230003
95.230003
95.230003
95.230003
95.230003
95.230003
99.400002
99.400002
99.400002
99.400002
99.400002
99.400002
99.400002
99.400002
99.400002
103.599998
103.599998
103.599998
103.599998
103.599998
103.599998
103.599998
103.599998
103.599998
103.599998
106.699997
106.699997
106.699997
106.699997
106.699997
106.699997
106.699997
106.699997
106.699997
