0.000000
0.000000
0.000000
0.000000
0.000000
0.000000
0.000000
0.000000
0.000000
0.000000
0.000000
0.000000
0.000000
0.000000
0.000000
0.000000
0.000000
0.000000
0.000000
0.000000
0.000000
0.000000
0.000000
0.000000
0.000000
0.000000
0.000000
0.000000
0.000000
0.000000
0.000000
0.000000
0.000000
0.000000
0.000000
0.000000
0.000000
0.000000
0.000000
0.000000
0.000000
0.000000
0.000000
0.000000
0.000000
0.000000
0.000000
0.000000
0.000000
0.000000
0.000000
0.000000
0.000000
0.009457
0.009457
0.009457
0.009457
0.009457
0.009457
0.009457
0.009457
0.009457
0.009457
0.009457
0.009457
0.009457
0.052260
0.052260
0.052260
0.052260
0.052260
0.052260
0.052260
0.052260
0.052260
0.052260
0.052260
0.052260
0.052260
0.052260
0.095060
0.095060
0.095060
0.095060
0.095060
0.095060
0.095060
0.095060
0.095060
0.095060
0.095060
0.095060
0.095060
0.137900
0.137900
0.137900
0.137900
0.137900
0.137900
0.137900
0.180700
0.180700
0.180700
0.180700
0.180700
0.180700
0.180700
0.180700
0.180700
0.180700
0.223500
0.223500
0.223500
0.223500
0.223500
0.223500
0.223500
0.223500
0.223500
0.223500
0.223500
0.223500
0.223500
0.266300
0.266300
0.266300
0.266300
0.266300
0.266300
0.266300
0.266300
0.266300
0.266300
0.266300
0.266300
0.266300
0.266300
0.309100
0.309100
0.309100
0.309100
0.309100
0.309100
0.309100
0.309100
0.309100
0.309100
0.309100
0.309100
0.309100
0.309100
0.309100
0.351900
0.351900
0.351900
0.351900
0.351900
0.351900
0.351900
0.351900
0.351900
0.351900
0.351900
0.351900
0.351900
0.351900
0.351900
0.351900
0.394700
0.394700
0.394700
0.394700
0.394700
0.394700
0.394700
0.394700
0.437500
0.437500
0.437500
0.437500
0.437500
0.437500
0.437500
0.480300
0.480300
0.480300
0.480300
0.480300
0.480300
0.480300
0.480300
0.480300
0.480300
0.480300
0.480300
0.523100
0.523100
0.523100
0.523100
0.523100
0.523100
0.523100
0.523100
0.565900
0.565900
0.565900
0.565900
0.565900
0.565900
0.565900
0.565900
0.565900
0.565900
0.608700
0.608700
0.608700
0.608700
0.651500
0.651500
0.651500
0.651500
0.651500
0.694300
0.694300
0.694300
0.694300
0.694300
0.694300
0.694300
0.694300
0.694300
0.694300
0.737100
0.737100
0.737100
0.737100
0.737100
0.737100
0.737100
0.737100
0.779900
0.779900
0.779900
0.779900
0.779900
0.779900
0.779900
0.822700
0.822700
0.822700
0.822700
0.822700
0.822700
0.822700
0.822700
0.822700
0.822700
0.822700
0.822700
0.865500
0.865500
0.865500
0.865500
0.865500
0.908300
0.908300
0.908300
0.908300
0.908300
0.908300
0.908300
0.908300
0.908300
0.908300
0.908300
0.908300
0.908300
0.908300
0.951100
0.951100
0.951100
0.951100
0.951100
0.951100
0.951100
0.951100
0.951100
0.951100
0.951100
0.951100
0.951100
0.951100
0.951100
0.993900
0.993900
0.993900
0.993900
0.993900
0.993900
0.993900
0.993900
1.037000
1.037000
1.037000
1.037000
1.037000
1.037000
1.037000
1.037000
1.037000
1.037000
1.080000
1.080000
1.080000
1.080000
1.080000
1.080000
1.080000
1.080000
1.080000
1.080000
1.080000
1.080000
1.122000
1.122000
1.122000
1.122000
1.122000
1.122000
1.122000
1.122000
1.165000
1.165000
1.165000
1.165000
1.165000
1.208000
1.208000
1.208000
1.208000
1.208000
1.251000
1.251000
1.251000
1.251000
1.251000
1.251000
1.251000
1.294000
1.294000
1.294000
1.294000
1.294000
1.294000
1.294000
1.294000
1.294000
1.294000
1.336000
1.336000
1.336000
1.336000
1.336000
1.336000
1.336000
1.336000
1.336000
1.336000
1.336000
1.336000
1.336000
1.336000
1.379000
1.379000
1.379000
1.379000
1.379000
1.379000
1.379000
1.379000
1.422000
1.422000
1.422000
1.422000
1.422000
1.422000
1.465000
1.465000
1.465000
1.465000
1.465000
1.465000
1.465000
1.465000
1.465000
1.465000
1.465000
1.465000
1.508000
1.508000
1.508000
1.508000
1.508000
1.508000
1.508000
1.508000
1.508000
1.508000
1.508000
1.550000
1.550000
1.550000
1.550000
1.550000
1.550000
1.550000
1.550000
1.550000
1.593000
1.593000
1.593000
1.593000
1.593000
1.593000
1.593000
1.593000
1.593000
1.593000
1.593000
1.593000
1.636000
1.636000
1.636000
1.636000
1.636000
1.636000
1.636000
1.636000
1.636000
1.636000
1.636000
1.679000
1.679000
1.679000
1.679000
1.679000
1.679000
1.679000
1.679000
1.679000
1.679000
1.679000
1.679000
1.679000
1.722000
1.722000
1.722000
1.722000
1.722000
1.722000
1.722000
1.722000
1.722000
1.722000
1.722000
1.764000
1.764000
1.764000
1.764000
1.764000
1.764000
1.764000
1.764000
1.807000
1.807000
1.807000
1.807000
1.807000
1.807000
1.807000
1.807000
1.807000
1.850000
1.850000
1.850000
1.850000
1.850000
1.850000
1.850000
1.850000
1.893000
1.893000
1.893000
1.893000
1.893000
1.893000
1.893000
1.893000
1.893000
1.893000
1.893000
1.893000
1.936000
1.936000
1.936000
1.936000
1.936000
1.936000
1.936000
1.936000
2.665000
2.665000
2.665000
2.665000
2.665000
2.665000
2.665000
2.665000
2.665000
2.665000
3.394000
3.394000
3.394000
3.394000
3.394000
3.394000
3.394000
3.394000
3.394000
4.123000
4.123000
4.123000
4.123000
4.123000
4.123000
4.123000
4.123000
4.123000
4.123000
4.123000
4.852000
4.852000
4.852000
4.852000
5.581000
5.581000
5.581000
5.581000
5.581000
5.581000
5.581000
6.310000
6.310000
6.310000
6.310000
6.310000
6.310000
6.310000
6.310000
7.039000
7.039000
7.039000
7.039000
7.039000
7.039000
7.768000
7.768000
7.768000
7.768000
7.768000
7.768000
7.768000
7.768000
7.768000
8.497000
8.497000
8.497000
8.497000
8.497000
8.497000
8.497000
8.497000
8.497000
8.497000
8.497000
8.497000
8.497000
9.226000
9.226000
9.226000
9.226000
9.226000
9.226000
9.226000
9.226000
9.226000
9.226000
9.226000
9.955000
9.955000
9.955000
9.955000
9.955000
9.955000
9.955000
10.680000
10.680000
10.680000
10.680000
10.680000
10.680000
10.680000
10.680000
10.680000
10.680000
10.680000
11.410000
11.410000
11.410000
11.410000
11.410000
11.410000
11.410000
11.410000
11.410000
11.410000
11.410000
11.410000
11.410000
11.410000
11.410000
12.140000
12.140000
12.140000
12.140000
12.140000
12.140000
12.140000
12.140000
12.140000
12.140000
12.140000
12.140000
12.140000
12.870000
12.870000
12.870000
12.870000
12.870000
12.870000
12.870000
12.870000
12.870000
12.870000
12.870000
12.870000
12.870000
12.870000
12.870000
12.870000
12.870000
12.870000
13.600000
13.600000
13.600000
13.600000
13.600000
13.600000
13.600000
14.330000
14.330000
14.330000
14.330000
14.330000
14.330000
14.330000
15.060000
15.060000
15.060000
15.060000
15.060000
15.060000
15.060000
15.060000
15.060000
15.060000
15.790000
15.790000
15.790000
15.790000
15.790000
15.790000
15.790000
15.790000
15.790000
16.520000
16.520000
16.520000
16.520000
16.520000
16.520000
16.520000
16.520000
16.520000
17.250000
17.250000
17.250000
17.250000
17.250000
17.250000
17.250000
17.250000
17.250000
17.250000
17.250000
17.250000
17.250000
17.250000
17.250000
17.250000
17.250000
17.980000
17.980000
17.980000
17.980000
17.980000
17.980000
17.980000
17.980000
17.980000
17.980000
17.980000
18.700001
18.700001
18.700001
18.700001
18.700001
18.700001
18.700001
18.700001
19.430000
19.430000
19.430000
19.430000
19.430000
19.430000
19.430000
20.160000
20.160000
20.160000
20.160000
20.889999
20.889999
20.889999
20.889999
20.889999
20.889999
20.889999
20.889999
20.889999
21.620001
21.620001
21.620001
21.620001
21.620001
21.620001
21.620001
21.620001
21.620001
21.620001
21.620001
22.350000
22.350000
22.350000
22.350000
22.350000
22.350000
22.350000
22.350000
22.350000
22.350000
23.080000
23.080000
23.080000
23.080000
23.080000
23.080000
23.080000
23.080000
23.080000
23.080000
23.809999
23.809999
23.809999
23.809999
23.809999
23.809999
23.809999
24.540001
24.540001
24.540001
24.540001
24.540001
24.540001
24.540001
24.540001
24.540001
24.540001
24.540001
25.270000
25.270000
25.270000
25.270000
25.270000
25.270000
25.990000
25.990000
25.990000
25.990000
25.990000
25.990000
25.990000
25.990000
26.719999
26.719999
26.719999
26.719999
26.719999
27.450001
27.450001
27.450001
27.450001
27.450001
27.450001
27.450001
27.450001
27.450001
28.180000
28.180000
28.180000
28.180000
28.180000
28.180000
28.180000
28.180000
28.180000
28.180000
28.180000
28.910000
28.910000
28.910000
28.910000
28.910000
28.910000
28.910000
28.910000
28.910000
28.910000
28.910000
28.910000
29.639999
29.639999
29.639999
29.639999
29.639999
29.639999
29.639999
29.639999
29.639999
29.639999
29.639999
29.639999
29.639999
29.639999
29.639999
30.370001
30.370001
30.370001
30.370001
30.370001
30.370001
30.370001
30.370001
30.370001
31.100000
31.100000
31.100000
31.100000
31.100000
31.100000
31.100000
31.100000
31.100000
31.100000
31.100000
31.830000
31.830000
31.830000
31.830000
31.830000
31.830000
31.830000
31.830000
31.830000
31.830000
31.830000
31.830000
32.560001
32.560001
32.560001
32.560001
32.560001
32.560001
32.560001
32.560001
32.560001
32.560001
32.560001
32.560001
33.290001
33.290001
33.290001
33.290001
33.290001
34.009998
34.009998
34.009998
34.009998
34.009998
34.009998
34.009998
34.009998
34.009998
34.740002
34.740002
34.740002
34.740002
34.740002
34.740002
34.740002
34.740002
34.740002
44.799999
44.799999
44.799999
44.799999
44.799999
44.799999
44.799999
44.799999
44.799999
44.799999
44.799999
44.799999
54.849998
54.849998
54.849998
54.849998
54.849998
54.849998
54.849998
54.849998
54.849998
54.849998
64.910004
64.910004
64.910004
64.910004
64.910004
64.910004
64.910004
64.910004
74.959999
74.959999
74.959999
74.959999
74.959999
74.959999
74.959999
74.959999
74.959999
74.959999
74.959999
74.959999
74.959999
74.959999
82.500000
82.500000
82.500000
82.500000
82.500000
82.500000
82.500000
82.500000
82.500000
82.500000
82.500000
82.500000
82.500000
82.500000
