0.000000
0.000000
0.000000
0.000000
0.000000
0.000000
0.000000
0.000000
0.000000
0.000000
0.000000
0.000000
0.000000
0.000000
0.000000
0.000000
0.000000
0.000000
0.000000
0.000000
0.000000
0.000000
0.000000
0.000000
0.000000
0.000000
0.000000
0.000000
0.000000
0.000000
0.000000
0.000000
0.000000
0.000000
0.000000
0.000000
0.000000
0.000000
0.004830
0.004830
0.004830
0.004830
0.004830
0.004830
0.004830
0.004830
0.004830
0.004830
0.004830
0.059210
0.059210
0.059210
0.059210
0.059210
0.059210
0.059210
0.059210
0.059210
0.059210
0.059210
0.113600
0.113600
0.113600
0.113600
0.113600
0.113600
0.168000
0.168000
0.168000
0.168000
0.168000
0.168000
0.168000
0.168000
0.168000
0.222300
0.222300
0.222300
0.222300
0.222300
0.222300
0.222300
0.222300
0.222300
0.222300
0.222300
0.222300
0.222300
0.276700
0.276700
0.276700
0.276700
0.276700
0.276700
0.276700
0.276700
0.276700
0.276700
0.276700
0.276700
0.331100
0.331100
0.331100
0.331100
0.331100
0.331100
0.331100
0.331100
0.331100
0.331100
0.385500
0.385500
0.385500
0.385500
0.385500
0.385500
0.385500
0.385500
0.385500
0.385500
0.385500
0.385500
0.385500
0.439800
0.439800
0.439800
0.439800
0.439800
0.439800
0.439800
0.439800
0.494200
0.494200
0.494200
0.494200
0.494200
0.494200
0.494200
0.494200
0.494200
0.548600
0.548600
0.548600
0.548600
0.603000
0.603000
0.603000
0.603000
0.603000
0.603000
0.603000
0.603000
0.603000
0.603000
0.603000
0.603000
0.657300
0.657300
0.657300
0.657300
0.657300
0.657300
0.657300
0.657300
0.657300
0.657300
0.657300
0.657300
0.657300
0.657300
0.711700
0.711700
0.711700
0.711700
0.711700
0.711700
0.711700
0.711700
0.711700
0.711700
0.766100
0.766100
0.766100
0.766100
0.766100
0.766100
0.766100
0.766100
0.766100
0.766100
0.820500
0.820500
0.820500
0.820500
0.820500
0.820500
0.820500
0.820500
0.820500
0.820500
0.820500
0.820500
0.820500
0.874800
0.874800
0.874800
0.874800
0.874800
0.874800
0.874800
0.874800
0.874800
0.874800
0.874800
0.874800
0.874800
0.929200
0.929200
0.929200
0.929200
0.929200
0.929200
0.929200
0.929200
0.983600
0.983600
0.983600
0.983600
0.983600
0.983600
0.983600
0.983600
0.983600
0.983600
0.983600
1.038000
1.038000
1.038000
1.038000
1.038000
1.038000
1.038000
1.038000
1.038000
1.038000
1.092000
1.092000
1.092000
1.092000
1.092000
1.092000
1.092000
1.092000
1.092000
1.092000
1.092000
1.092000
1.092000
1.092000
1.092000
1.147000
1.147000
1.147000
1.147000
1.147000
1.147000
1.147000
1.201000
1.201000
1.201000
1.201000
1.201000
1.201000
1.201000
1.201000
1.201000
1.201000
1.201000
1.201000
1.201000
1.255000
1.255000
1.255000
1.255000
1.255000
1.255000
1.255000
1.310000
1.310000
1.310000
1.310000
1.310000
1.310000
1.364000
1.364000
1.364000
1.364000
1.419000
1.419000
1.419000
1.419000
1.419000
1.419000
1.419000
1.473000
1.473000
1.473000
1.473000
1.473000
1.473000
1.473000
1.473000
1.473000
1.473000
1.473000
1.473000
1.527000
1.527000
1.527000
1.527000
1.527000
1.527000
1.527000
1.527000
1.527000
1.527000
1.527000
1.582000
1.582000
1.582000
1.582000
1.582000
1.582000
1.582000
1.582000
1.582000
1.582000
1.582000
1.636000
1.636000
1.636000
1.636000
1.636000
1.636000
1.636000
1.636000
1.636000
1.636000
1.636000
1.636000
1.690000
1.690000
1.690000
1.690000
1.690000
1.690000
1.745000
1.745000
1.745000
1.745000
1.745000
1.745000
1.799000
1.799000
1.799000
1.799000
1.799000
1.799000
1.799000
1.799000
1.799000
1.799000
1.854000
1.854000
1.854000
1.854000
1.854000
1.854000
1.854000
1.854000
1.854000
1.854000
1.854000
1.854000
1.908000
1.908000
1.908000
1.908000
1.908000
1.908000
1.962000
1.962000
1.962000
1.962000
1.962000
1.962000
1.962000
1.962000
1.962000
2.017000
2.017000
2.017000
2.017000
2.017000
2.017000
2.017000
2.017000
2.017000
2.071000
2.071000
2.071000
2.071000
2.071000
2.071000
2.071000
2.125000
2.125000
2.125000
2.125000
2.125000
2.125000
2.125000
2.180000
2.180000
2.180000
2.180000
2.180000
2.180000
2.180000
2.234000
2.234000
2.234000
2.234000
2.234000
2.234000
2.234000
2.234000
2.234000
2.289000
2.289000
2.289000
2.289000
2.289000
2.289000
2.289000
2.289000
2.289000
2.289000
2.289000
2.289000
2.343000
2.343000
2.343000
2.343000
2.343000
2.343000
2.343000
2.343000
2.397000
2.397000
2.397000
2.397000
2.397000
2.397000
2.397000
2.397000
2.397000
2.397000
2.397000
2.452000
2.452000
2.452000
2.452000
2.452000
2.452000
2.452000
3.055000
3.055000
3.055000
3.055000
3.055000
3.657000
3.657000
3.657000
3.657000
3.657000
3.657000
3.657000
3.657000
3.657000
3.657000
4.260000
4.260000
4.260000
4.260000
4.260000
4.260000
4.260000
4.260000
4.260000
4.260000
4.260000
4.260000
4.863000
4.863000
4.863000
4.863000
4.863000
4.863000
4.863000
4.863000
4.863000
4.863000
4.863000
4.863000
4.863000
4.863000
4.863000
4.863000
5.466000
5.466000
5.466000
5.466000
5.466000
5.466000
5.466000
5.466000
5.466000
5.466000
5.466000
6.069000
6.069000
6.069000
6.069000
6.069000
6.069000
6.069000
6.069000
6.672000
6.672000
6.672000
6.672000
6.672000
6.672000
6.672000
6.672000
6.672000
6.672000
6.672000
6.672000
6.672000
7.274000
7.274000
7.274000
7.274000
7.274000
7.274000
7.877000
7.877000
7.877000
7.877000
7.877000
7.877000
7.877000
7.877000
7.877000
7.877000
7.877000
7.877000
7.877000
7.877000
7.877000
7.877000
8.480000
8.480000
8.480000
8.480000
8.480000
8.480000
8.480000
9.083000
9.083000
9.083000
9.083000
9.083000
9.083000
9.083000
9.083000
9.083000
9.083000
9.083000
9.083000
9.083000
9.686000
9.686000
9.686000
9.686000
9.686000
9.686000
9.686000
10.290000
10.290000
10.290000
10.290000
10.290000
10.290000
10.290000
10.290000
10.290000
10.290000
10.290000
10.290000
10.290000
10.290000
10.890000
10.890000
10.890000
10.890000
10.890000
10.890000
10.890000
10.890000
10.890000
10.890000
10.890000
11.490000
11.490000
11.490000
11.490000
11.490000
11.490000
11.490000
11.490000
11.490000
11.490000
12.100000
12.100000
12.100000
12.100000
12.100000
12.100000
12.100000
12.100000
12.100000
12.700000
12.700000
12.700000
12.700000
12.700000
12.700000
12.700000
12.700000
13.300000
13.300000
13.300000
13.300000
13.300000
13.300000
13.300000
13.300000
13.300000
13.300000
13.300000
13.300000
13.300000
13.300000
13.910000
13.910000
13.910000
13.910000
13.910000
13.910000
13.910000
13.910000
13.910000
13.910000
13.910000
13.910000
13.910000
13.910000
14.510000
14.510000
14.510000
14.510000
14.510000
14.510000
14.510000
15.110000
15.110000
15.110000
15.110000
15.110000
15.110000
15.110000
15.110000
15.710000
15.710000
15.710000
15.710000
15.710000
15.710000
15.710000
15.710000
15.710000
15.710000
16.320000
16.320000
16.320000
16.320000
16.320000
16.320000
16.320000
16.320000
16.320000
16.320000
16.320000
16.320000
16.320000
16.920000
16.920000
16.920000
16.920000
16.920000
16.920000
16.920000
16.920000
16.920000
16.920000
16.920000
16.920000
16.920000
17.520000
17.520000
17.520000
17.520000
17.520000
17.520000
17.520000
17.520000
17.520000
17.520000
18.129999
18.129999
18.129999
18.129999
18.129999
18.129999
18.129999
18.129999
18.129999
18.129999
18.129999
18.129999
18.730000
18.730000
18.730000
18.730000
18.730000
18.730000
18.730000
18.730000
18.730000
18.730000
18.730000
19.330000
19.330000
19.330000
19.330000
19.330000
19.330000
19.330000
19.330000
19.330000
19.330000
19.330000
19.330000
19.330000
19.930000
19.930000
19.930000
19.930000
19.930000
19.930000
19.930000
19.930000
19.930000
19.930000
19.930000
19.930000
20.540001
20.540001
20.540001
20.540001
20.540001
20.540001
20.540001
20.540001
20.540001
20.540001
20.540001
20.540001
20.540001
21.139999
21.139999
21.139999
21.139999
21.139999
21.139999
21.139999
21.139999
21.139999
21.139999
21.139999
21.740000
21.740000
21.740000
21.740000
21.740000
22.340000
22.340000
22.340000
22.340000
22.340000
22.340000
22.340000
22.340000
22.340000
22.340000
22.340000
22.340000
22.340000
22.950001
22.950001
22.950001
22.950001
22.950001
22.950001
22.950001
22.950001
22.950001
22.950001
22.950001
23.549999
23.549999
23.549999
23.549999
23.549999
23.549999
23.549999
23.549999
23.549999
23.549999
23.549999
24.150000
24.150000
24.150000
24.150000
24.150000
24.760000
24.760000
24.760000
24.760000
24.760000
24.760000
24.760000
24.760000
25.360001
25.360001
25.360001
25.360001
25.360001
25.360001
25.360001
25.360001
25.360001
25.360001
25.360001
25.959999
25.959999
25.959999
25.959999
25.959999
25.959999
25.959999
25.959999
25.959999
25.959999
25.959999
25.959999
25.959999
26.559999
26.559999
26.559999
26.559999
26.559999
26.559999
26.559999
26.559999
26.559999
26.559999
26.559999
26.559999
26.559999
27.170000
27.170000
27.170000
27.170000
27.170000
27.170000
27.170000
27.170000
27.770000
27.770000
27.770000
27.770000
27.770000
27.770000
27.770000
28.370001
28.370001
28.370001
28.370001
28.370001
28.370001
28.370001
28.370001
28.980000
28.980000
28.980000
28.980000
28.980000
28.980000
28.980000
28.980000
28.980000
28.980000
29.580000
29.580000
29.580000
29.580000
29.580000
29.580000
29.580000
29.580000
29.580000
29.580000
29.580000
29.580000
29.580000
29.580000
29.580000
40.889999
40.889999
40.889999
40.889999
40.889999
40.889999
40.889999
40.889999
52.189999
52.189999
52.189999
52.189999
52.189999
52.189999
52.189999
52.189999
52.189999
52.189999
52.189999
52.189999
63.500000
63.500000
63.500000
63.500000
63.500000
63.500000
63.500000
74.809998
74.809998
74.809998
74.809998
74.809998
74.809998
74.809998
74.809998
74.809998
74.809998
74.809998
83.290001
83.290001
83.290001
83.290001
83.290001
83.290001
83.290001
83.290001
83.290001
83.290001
83.290001
