0.000000
0.000000
0.000000
0.000000
0.000000
0.000000
0.000000
0.000000
0.000000
0.000000
0.000000
0.000000
0.000000
0.000000
0.000000
0.000000
0.000000
0.000000
0.000000
0.000000
0.000000
0.000000
0.000000
0.000000
0.000000
0.000000
0.000000
0.000000
0.000000
0.000000
0.000000
0.000000
0.000000
0.000000
0.000000
0.000000
0.000000
0.000000
0.000000
0.000000
0.000000
0.000000
0.000000
0.000000
0.000000
0.000000
0.000000
0.000000
0.062340
0.062340
0.062340
0.062340
0.062340
0.062340
0.062340
0.062340
0.062340
0.074040
0.074040
0.074040
0.074040
0.074040
0.074040
0.074040
0.074040
0.074040
0.074040
0.074040
0.074040
0.074040
0.074040
0.085730
0.085730
0.085730
0.085730
0.085730
0.085730
0.085730
0.085730
0.085730
0.085730
0.085730
0.085730
0.097430
0.097430
0.097430
0.097430
0.097430
0.097430
0.097430
0.097430
0.097430
0.097430
0.097430
0.097430
0.097430
0.097430
0.109100
0.109100
0.109100
0.109100
0.109100
0.109100
0.109100
0.109100
0.109100
0.109100
0.109100
0.109100
0.109100
0.109100
0.109100
0.120800
0.120800
0.120800
0.120800
0.120800
0.120800
0.120800
0.120800
0.120800
0.120800
0.120800
0.132500
0.132500
0.132500
0.132500
0.132500
0.132500
0.132500
0.132500
0.132500
0.144200
0.144200
0.144200
0.144200
0.144200
0.144200
0.144200
0.144200
0.144200
0.144200
0.155900
0.155900
0.155900
0.155900
0.155900
0.155900
0.155900
0.167600
0.167600
0.167600
0.167600
0.167600
0.167600
0.167600
0.167600
0.179300
0.179300
0.179300
0.179300
0.179300
0.179300
0.179300
0.179300
0.179300
0.179300
0.179300
0.179300
0.179300
0.191000
0.191000
0.191000
0.191000
0.191000
0.191000
0.191000
0.191000
0.191000
0.202700
0.202700
0.202700
0.202700
0.202700
0.202700
0.202700
0.202700
0.202700
0.202700
0.214400
0.214400
0.214400
0.214400
0.214400
0.214400
0.214400
0.214400
0.214400
0.226100
0.226100
0.226100
0.226100
0.226100
0.226100
0.226100
0.226100
0.237800
0.237800
0.237800
0.237800
0.237800
0.237800
0.237800
0.237800
0.237800
0.237800
0.237800
0.237800
0.237800
0.237800
0.249500
0.249500
0.249500
0.249500
0.249500
0.249500
0.249500
0.249500
0.249500
0.249500
0.249500
0.261200
0.261200
0.261200
0.261200
0.261200
0.261200
0.261200
0.261200
0.261200
0.261200
0.261200
0.272800
0.272800
0.272800
0.272800
0.272800
0.272800
0.272800
0.272800
0.272800
0.272800
0.284500
0.284500
0.284500
0.284500
0.284500
0.284500
0.284500
0.284500
0.284500
0.284500
0.296200
0.296200
0.296200
0.296200
0.296200
0.296200
0.296200
0.296200
0.296200
0.296200
0.296200
0.296200
0.296200
0.307900
0.307900
0.307900
0.307900
0.307900
0.307900
0.307900
0.307900
0.319600
0.319600
0.319600
0.319600
0.319600
0.319600
0.319600
0.319600
0.319600
0.331300
0.331300
0.331300
0.331300
0.331300
0.331300
0.331300
0.331300
0.331300
0.331300
0.343000
0.343000
0.343000
0.343000
0.343000
0.343000
0.343000
0.343000
0.354700
0.354700
0.354700
0.354700
0.354700
0.354700
0.354700
0.354700
0.354700
0.354700
0.354700
0.366400
0.366400
0.366400
0.366400
0.366400
0.378100
0.378100
0.378100
0.378100
0.378100
0.378100
0.378100
0.378100
0.378100
0.378100
0.389800
0.389800
0.389800
0.389800
0.389800
0.389800
0.389800
0.389800
0.389800
0.401500
0.401500
0.401500
0.401500
0.401500
0.401500
0.401500
0.401500
0.401500
0.401500
0.401500
0.401500
0.413200
0.413200
0.413200
0.413200
0.413200
0.424900
0.424900
0.424900
0.424900
0.424900
0.424900
0.424900
0.424900
0.424900
0.424900
0.424900
0.424900
0.424900
0.424900
0.436600
0.436600
0.436600
0.436600
0.436600
0.436600
0.436600
0.436600
0.436600
0.448300
0.448300
0.448300
0.460000
0.460000
0.460000
0.460000
0.460000
0.460000
0.460000
0.460000
0.460000
0.460000
0.460000
0.460000
0.471700
0.471700
0.471700
0.471700
0.483300
0.483300
0.483300
0.483300
0.483300
0.483300
0.483300
0.483300
0.483300
0.483300
0.495000
0.495000
0.495000
0.495000
0.495000
0.495000
0.495000
0.495000
0.495000
0.495000
0.495000
0.495000
0.506700
0.506700
0.506700
0.506700
0.506700
0.506700
0.506700
0.506700
0.506700
0.506700
0.506700
0.518400
0.518400
0.518400
0.518400
0.518400
0.518400
0.518400
0.518400
0.518400
0.518400
0.530100
0.530100
0.530100
0.530100
0.530100
0.530100
0.541800
0.541800
0.541800
0.541800
0.541800
0.553500
0.553500
0.553500
0.553500
0.553500
0.553500
0.553500
0.553500
0.553500
0.565200
0.565200
0.565200
0.565200
0.565200
0.565200
0.565200
0.565200
0.565200
0.576900
0.576900
0.576900
0.576900
0.576900
0.576900
0.576900
0.576900
0.576900
0.576900
0.576900
0.576900
0.576900
0.576900
0.576900
0.576900
0.588600
0.588600
0.588600
0.588600
0.588600
0.588600
0.588600
0.588600
0.588600
0.906700
0.906700
0.906700
0.906700
0.906700
0.906700
0.906700
0.906700
0.906700
0.906700
1.225000
1.225000
1.225000
1.225000
1.225000
1.225000
1.225000
1.225000
1.225000
1.225000
1.225000
1.225000
1.225000
1.225000
1.225000
1.543000
1.543000
1.543000
1.543000
1.543000
1.543000
1.543000
1.543000
1.861000
1.861000
1.861000
1.861000
1.861000
1.861000
1.861000
2.179000
2.179000
2.179000
2.179000
2.179000
2.179000
2.179000
2.179000
2.179000
2.179000
2.179000
2.179000
2.179000
2.497000
2.497000
2.497000
2.497000
2.497000
2.497000
2.497000
2.497000
2.497000
2.815000
2.815000
2.815000
2.815000
2.815000
2.815000
2.815000
2.815000
2.815000
2.815000
2.815000
2.815000
2.815000
2.815000
2.815000
3.133000
3.133000
3.133000
3.133000
3.133000
3.133000
3.133000
3.133000
3.133000
3.133000
3.451000
3.451000
3.451000
3.451000
3.451000
3.451000
3.451000
3.451000
3.769000
3.769000
3.769000
3.769000
3.769000
3.769000
3.769000
3.769000
3.769000
3.769000
3.769000
3.769000
3.769000
3.769000
3.769000
4.087000
4.087000
4.087000
4.087000
4.087000
4.087000
4.087000
4.087000
4.087000
4.087000
4.087000
4.405000
4.405000
4.405000
4.405000
4.405000
4.405000
4.723000
4.723000
4.723000
4.723000
4.723000
4.723000
4.723000
4.723000
4.723000
4.723000
4.723000
4.723000
4.723000
5.041000
5.041000
5.041000
5.041000
5.041000
5.041000
5.041000
5.041000
5.359000
5.359000
5.359000
5.359000
5.359000
5.678000
5.678000
5.678000
5.678000
5.678000
5.678000
5.678000
5.678000
5.678000
5.996000
5.996000
5.996000
5.996000
5.996000
5.996000
5.996000
6.314000
6.314000
6.314000
6.314000
6.314000
6.314000
6.314000
6.314000
6.314000
6.314000
6.632000
6.632000
6.632000
6.632000
6.632000
6.632000
6.632000
6.632000
6.632000
6.632000
6.950000
6.950000
6.950000
6.950000
6.950000
6.950000
6.950000
6.950000
6.950000
6.950000
6.950000
6.950000
6.950000
6.950000
6.950000
7.268000
7.268000
7.268000
7.268000
7.268000
7.268000
7.268000
7.268000
7.268000
7.268000
7.268000
7.268000
7.586000
7.586000
7.586000
7.586000
7.586000
7.586000
7.586000
7.586000
7.586000
7.586000
7.904000
7.904000
7.904000
7.904000
7.904000
7.904000
7.904000
7.904000
7.904000
7.904000
7.904000
7.904000
7.904000
7.904000
8.222000
8.222000
8.222000
8.222000
8.222000
8.222000
8.222000
8.222000
8.222000
8.540000
8.540000
8.540000
8.540000
8.540000
8.540000
8.540000
8.540000
8.858000
8.858000
8.858000
8.858000
8.858000
8.858000
8.858000
8.858000
8.858000
8.858000
8.858000
9.176000
9.176000
9.176000
9.176000
9.176000
9.176000
9.176000
9.176000
9.176000
9.176000
9.494000
9.494000
9.494000
9.494000
9.494000
9.494000
9.494000
9.494000
9.812000
9.812000
9.812000
9.812000
9.812000
9.812000
9.812000
9.812000
10.130000
10.130000
10.130000
10.130000
10.130000
10.130000
10.130000
10.130000
10.130000
10.450000
10.450000
10.450000
10.450000
10.450000
10.450000
10.450000
10.450000
10.450000
10.770000
10.770000
10.770000
10.770000
10.770000
10.770000
10.770000
10.770000
10.770000
10.770000
10.770000
11.080000
11.080000
11.080000
11.080000
11.080000
11.080000
11.400000
11.400000
11.400000
11.400000
11.400000
11.400000
11.400000
11.400000
11.400000
11.400000
11.720000
11.720000
11.720000
11.720000
12.040000
12.040000
12.040000
12.040000
12.040000
12.040000
12.360000
12.360000
12.360000
12.360000
12.360000
12.360000
12.360000
12.360000
12.360000
12.360000
12.360000
12.670000
12.670000
12.670000
12.670000
12.670000
12.670000
12.670000
12.670000
12.670000
12.670000
12.670000
12.670000
12.670000
12.990000
12.990000
12.990000
12.990000
12.990000
12.990000
12.990000
12.990000
12.990000
12.990000
12.990000
12.990000
12.990000
13.310000
13.310000
13.310000
13.310000
13.310000
13.310000
13.310000
13.630000
13.630000
13.630000
13.630000
13.630000
13.630000
13.950000
13.950000
13.950000
13.950000
13.950000
13.950000
13.950000
13.950000
13.950000
13.950000
13.950000
13.950000
13.950000
14.270000
14.270000
14.270000
14.270000
14.270000
14.270000
14.270000
14.270000
14.270000
14.580000
14.580000
14.580000
14.580000
14.580000
14.580000
14.580000
14.580000
14.580000
14.580000
14.580000
14.900000
14.900000
14.900000
14.900000
14.900000
14.900000
14.900000
14.900000
14.900000
19.040001
19.040001
19.040001
19.040001
19.040001
19.040001
19.040001
19.040001
19.040001
19.040001
19.040001
23.180000
23.180000
23.180000
23.180000
23.180000
23.180000
23.180000
23.180000
23.180000
23.180000
23.180000
23.180000
23.180000
27.320000
27.320000
27.320000
27.320000
27.320000
27.320000
27.320000
27.320000
27.320000
31.469999
31.469999
31.469999
31.469999
31.469999
31.469999
31.469999
31.469999
34.570000
34.570000
34.570000
34.570000
34.570000
34.570000
34.570000
34.570000
34.570000
34.570000
34.570000
34.570000
34.570000
34.570000
34.570000
34.570000
34.570000
