0.637500
0.637500
0.637500
0.637500
0.637500
0.637500
0.637500
0.637500
0.637500
0.637500
0.637500
0.637500
0.637500
0.637500
2.114000
2.114000
2.114000
2.114000
2.114000
4.082000
4.082000
4.082000
4.082000
4.082000
4.082000
4.082000
6.051000
6.051000
6.051000
6.051000
6.051000
6.051000
6.051000
6.051000
6.051000
6.051000
6.051000
6.051000
6.051000
8.020000
8.020000
8.020000
8.020000
8.020000
8.020000
8.020000
8.020000
8.020000
8.020000
9.988000
9.988000
9.988000
9.988000
9.988000
9.988000
9.988000
9.988000
9.988000
9.988000
9.988000
9.988000
9.988000
9.988000
9.988000
10.210000
10.210000
10.210000
10.210000
10.210000
10.210000
10.210000
10.210000
10.210000
10.210000
10.440000
10.440000
10.440000
10.440000
10.440000
10.660000
10.660000
10.660000
10.660000
10.660000
10.660000
10.890000
10.890000
10.890000
10.890000
10.890000
11.110000
11.110000
11.110000
11.110000
11.110000
11.110000
11.110000
11.110000
11.330000
11.330000
11.330000
11.330000
11.330000
11.330000
11.330000
11.330000
11.330000
11.560000
11.560000
11.560000
11.780000
11.780000
11.780000
11.780000
11.780000
11.780000
11.780000
11.780000
11.780000
11.780000
11.780000
11.780000
11.780000
12.010000
12.010000
12.010000
12.010000
12.010000
12.010000
12.010000
12.010000
12.010000
12.230000
12.230000
12.230000
12.230000
12.230000
12.230000
12.460000
12.460000
12.460000
12.460000
12.460000
12.460000
12.680000
12.680000
12.680000
12.680000
12.680000
12.680000
12.680000
12.910000
12.910000
12.910000
12.910000
12.910000
12.910000
12.910000
12.910000
13.130000
13.130000
13.130000
13.130000
13.130000
13.130000
13.130000
13.130000
13.130000
13.130000
13.130000
13.130000
13.130000
13.130000
13.130000
13.130000
13.130000
13.130000
13.130000
13.350000
13.350000
13.350000
13.350000
13.350000
13.350000
13.350000
13.350000
13.350000
13.350000
13.350000
13.350000
13.350000
13.350000
13.350000
13.580000
13.580000
13.580000
13.580000
13.580000
13.580000
13.580000
13.580000
13.580000
13.580000
13.580000
13.800000
13.800000
13.800000
13.800000
13.800000
13.800000
13.800000
13.800000
13.800000
13.800000
13.800000
13.800000
13.800000
13.800000
14.030000
14.030000
14.030000
14.030000
14.030000
14.030000
14.030000
14.030000
14.030000
14.030000
14.030000
14.030000
14.250000
14.250000
14.250000
14.250000
14.250000
14.250000
14.250000
14.480000
14.480000
14.480000
14.480000
14.480000
14.480000
14.480000
14.480000
14.480000
14.480000
14.700000
14.700000
14.700000
14.700000
14.700000
14.700000
14.700000
14.700000
14.930000
14.930000
14.930000
14.930000
14.930000
14.930000
14.930000
14.930000
14.930000
14.930000
14.930000
15.150000
15.150000
15.150000
15.150000
15.150000
15.150000
15.150000
15.150000
15.150000
15.150000
15.150000
15.150000
15.370000
15.370000
15.370000
15.370000
15.370000
15.370000
15.370000
15.370000
15.370000
15.600000
15.600000
15.600000
15.600000
15.600000
15.600000
15.820000
15.820000
15.820000
15.820000
15.820000
15.820000
15.820000
15.820000
16.049999
16.049999
16.049999
16.049999
16.049999
16.049999
16.049999
16.049999
16.049999
16.049999
16.049999
16.049999
16.049999
16.049999
16.049999
16.270000
16.270000
16.270000
16.270000
16.270000
16.270000
16.500000
16.500000
16.500000
16.500000
16.500000
16.500000
16.500000
16.500000
16.500000
16.500000
16.500000
16.500000
16.500000
16.500000
16.500000
16.719999
16.719999
16.719999
16.719999
16.719999
16.719999
16.719999
16.950001
16.950001
16.950001
16.950001
16.950001
16.950001
16.950001
16.950001
16.950001
16.950001
16.950001
17.170000
17.170000
17.170000
17.170000
17.170000
17.170000
17.170000
17.170000
17.170000
17.170000
17.170000
17.389999
17.389999
17.389999
17.389999
17.389999
17.389999
17.389999
17.620001
17.620001
17.620001
17.620001
17.620001
17.620001
17.620001
17.620001
17.620001
17.840000
17.840000
17.840000
17.840000
17.840000
17.840000
17.840000
17.840000
17.840000
17.840000
18.070000
18.070000
18.070000
18.070000
18.070000
18.070000
18.070000
18.070000
18.290001
18.290001
18.290001
18.290001
18.290001
18.290001
18.290001
18.290001
18.290001
18.520000
18.520000
18.520000
18.520000
18.520000
18.520000
18.740000
18.740000
18.740000
18.740000
18.740000
18.740000
18.740000
18.740000
18.740000
18.740000
18.740000
18.969999
18.969999
18.969999
18.969999
18.969999
18.969999
18.969999
18.969999
18.969999
18.969999
18.969999
18.969999
18.969999
18.969999
18.969999
19.190001
19.190001
19.190001
19.190001
19.190001
19.190001
19.190001
19.410000
19.410000
19.410000
19.410000
19.410000
19.410000
19.410000
19.410000
19.410000
19.410000
19.410000
19.410000
19.639999
19.639999
19.639999
19.639999
19.639999
19.639999
19.639999
19.639999
19.639999
19.639999
19.639999
19.860001
19.860001
19.860001
19.860001
19.860001
19.860001
19.860001
19.860001
19.860001
19.860001
20.090000
20.090000
20.090000
20.090000
20.090000
20.090000
20.090000
20.090000
20.240000
20.240000
20.240000
20.240000
20.240000
20.240000
20.240000
20.240000
20.240000
20.240000
20.240000
20.400000
20.400000
20.400000
20.400000
20.400000
20.400000
20.400000
20.400000
20.400000
20.559999
20.559999
20.559999
20.559999
20.559999
20.559999
20.559999
20.559999
20.559999
20.559999
20.719999
20.719999
20.719999
20.719999
20.719999
20.719999
20.719999
20.719999
20.870001
20.870001
20.870001
20.870001
20.870001
20.870001
20.870001
20.870001
20.870001
20.870001
20.870001
20.870001
20.870001
21.030001
21.030001
21.030001
21.030001
21.030001
21.030001
21.030001
21.190001
21.190001
21.190001
21.190001
21.190001
21.190001
21.190001
21.190001
21.190001
21.190001
21.340000
21.340000
21.340000
21.340000
21.340000
21.340000
21.340000
21.340000
21.340000
21.340000
21.340000
21.340000
21.340000
21.340000
21.340000
21.500000
21.500000
21.500000
21.500000
21.500000
21.500000
21.500000
21.500000
21.500000
21.500000
21.500000
21.500000
21.500000
21.660000
21.660000
21.660000
21.660000
21.660000
21.660000
21.660000
21.660000
21.660000
21.660000
21.660000
21.660000
21.809999
21.809999
21.809999
21.809999
21.809999
21.809999
21.809999
21.809999
21.809999
21.969999
21.969999
21.969999
21.969999
21.969999
21.969999
21.969999
21.969999
22.129999
22.129999
22.129999
22.129999
22.129999
22.280001
22.280001
22.280001
22.280001
22.280001
22.280001
22.280001
22.280001
22.280001
22.280001
22.280001
22.280001
22.280001
22.280001
22.440001
22.440001
22.440001
22.440001
22.440001
22.440001
22.440001
22.440001
22.440001
22.440001
22.440001
22.600000
22.600000
22.600000
22.600000
22.600000
22.600000
22.600000
22.760000
22.760000
22.760000
22.760000
22.760000
22.760000
22.760000
22.760000
22.760000
22.760000
22.760000
22.760000
22.910000
22.910000
22.910000
22.910000
22.910000
22.910000
22.910000
22.910000
22.910000
22.910000
22.910000
22.910000
22.910000
22.910000
22.910000
23.070000
23.070000
23.070000
23.070000
23.070000
23.070000
23.230000
23.230000
23.230000
23.230000
23.230000
23.230000
23.230000
23.230000
23.230000
23.379999
23.379999
23.379999
23.379999
23.379999
23.379999
23.379999
23.379999
23.379999
23.379999
23.379999
23.379999
23.379999
23.540001
23.540001
23.540001
23.540001
23.540001
23.540001
23.540001
23.540001
23.540001
23.540001
23.540001
23.540001
23.540001
23.700001
23.700001
23.700001
23.700001
23.700001
23.700001
23.700001
23.700001
23.700001
23.850000
23.850000
23.850000
23.850000
23.850000
23.850000
23.850000
23.850000
23.850000
24.010000
24.010000
24.010000
24.010000
24.010000
24.010000
24.010000
24.010000
24.010000
24.010000
24.170000
24.170000
24.170000
24.170000
24.170000
24.170000
24.170000
24.170000
24.170000
24.170000
24.330000
24.330000
24.330000
24.330000
24.330000
24.330000
24.330000
24.330000
24.480000
24.480000
24.480000
24.480000
24.639999
24.639999
24.639999
24.639999
24.639999
24.639999
24.639999
24.639999
24.639999
24.799999
24.799999
24.799999
24.799999
24.799999
24.799999
24.799999
24.799999
24.799999
24.799999
24.799999
24.950001
24.950001
24.950001
24.950001
24.950001
24.950001
24.950001
24.950001
24.950001
24.950001
24.950001
25.110001
25.110001
25.110001
25.110001
25.110001
25.110001
25.110001
25.110001
25.110001
25.110001
25.110001
25.110001
25.110001
25.270000
25.270000
25.270000
25.270000
25.270000
25.270000
25.270000
25.270000
25.420000
25.420000
25.420000
25.420000
25.420000
25.420000
25.420000
25.580000
25.580000
25.580000
25.580000
25.580000
25.580000
25.580000
25.740000
25.740000
25.740000
25.740000
25.889999
25.889999
25.889999
25.889999
25.889999
25.889999
25.889999
25.889999
25.889999
26.049999
26.049999
26.049999
26.049999
26.049999
26.049999
26.049999
26.049999
26.049999
26.049999
26.209999
26.209999
26.209999
26.209999
26.209999
26.209999
26.209999
26.209999
26.209999
26.370001
26.370001
26.370001
26.370001
26.370001
26.370001
26.370001
26.370001
26.370001
26.370001
26.370001
26.520000
26.520000
26.520000
26.520000
26.520000
26.520000
26.520000
26.520000
26.520000
26.520000
26.520000
26.680000
26.680000
26.680000
26.680000
26.680000
26.680000
26.680000
26.680000
26.680000
26.840000
26.840000
26.840000
26.840000
26.840000
26.840000
26.840000
26.840000
26.840000
26.840000
26.840000
26.840000
26.840000
26.840000
26.990000
26.990000
26.990000
26.990000
26.990000
26.990000
26.990000
26.990000
26.990000
26.990000
26.990000
26.990000
26.990000
26.990000
26.990000
26.990000
26.990000
27.150000
27.150000
27.150000
27.150000
27.150000
27.150000
27.150000
27.150000
28.480000
28.480000
28.480000
28.480000
28.480000
28.480000
28.480000
28.480000
28.480000
28.480000
28.480000
28.480000
28.480000
29.820000
29.820000
29.820000
29.820000
29.820000
29.820000
29.820000
29.820000
29.820000
29.820000
29.820000
31.150000
31.150000
31.150000
31.150000
31.150000
31.150000
31.150000
31.150000
31.150000
31.150000
31.150000
31.150000
32.490002
32.490002
32.490002
32.490002
32.490002
32.490002
32.490002
32.490002
32.490002
32.490002
32.490002
32.490002
33.490002
33.490002
33.490002
33.490002
33.490002
33.490002
33.490002
33.490002
33.490002
33.490002
33.490002
33.490002
33.490002
33.490002
33.490002
