0.000000
0.000000
0.000000
0.000000
0.000000
0.000000
0.000000
0.000000
0.000000
0.000000
0.000000
0.000000
0.000000
0.000000
0.000000
0.000000
0.000000
0.000000
0.000000
0.000000
0.000000
0.000000
0.000000
0.000000
0.000000
0.000000
0.000000
0.000000
0.000000
0.000000
0.000000
0.000000
0.000000
0.000000
0.000000
0.000000
0.000000
0.000000
0.000000
0.000000
0.000000
0.000000
0.000000
0.000000
0.000000
0.000000
0.000000
0.000000
0.000099
0.000099
0.000099
0.000099
0.000099
0.000099
0.000099
0.000099
0.000099
0.002097
0.002097
0.002097
0.002097
0.002097
0.002097
0.002097
0.002097
0.002097
0.002097
0.002097
0.002097
0.002097
0.004094
0.004094
0.004094
0.004094
0.004094
0.004094
0.006092
0.006092
0.006092
0.006092
0.006092
0.006092
0.006092
0.006092
0.006092
0.006092
0.008089
0.008089
0.008089
0.008089
0.008089
0.008089
0.008089
0.008089
0.010090
0.010090
0.010090
0.010090
0.010090
0.010090
0.010090
0.012080
0.012080
0.012080
0.012080
0.012080
0.012080
0.012080
0.012080
0.012080
0.012080
0.012080
0.014080
0.014080
0.014080
0.014080
0.014080
0.014080
0.014080
0.016080
0.016080
0.016080
0.016080
0.016080
0.016080
0.016080
0.016080
0.016080
0.016080
0.016080
0.016080
0.018080
0.018080
0.018080
0.018080
0.018080
0.018080
0.018080
0.018080
0.018080
0.018080
0.018080
0.018080
0.018080
0.018080
0.018080
0.018080
0.018080
0.020070
0.020070
0.020070
0.020070
0.020070
0.020070
0.020070
0.020070
0.020070
0.020070
0.020070
0.020070
0.022070
0.022070
0.022070
0.022070
0.022070
0.022070
0.022070
0.022070
0.022070
0.022070
0.024070
0.024070
0.024070
0.024070
0.024070
0.024070
0.024070
0.024070
0.024070
0.026070
0.026070
0.026070
0.026070
0.026070
0.026070
0.026070
0.026070
0.026070
0.026070
0.026070
0.026070
0.026070
0.026070
0.026070
0.028060
0.028060
0.028060
0.028060
0.028060
0.028060
0.030060
0.030060
0.030060
0.030060
0.030060
0.030060
0.030060
0.030060
0.032060
0.032060
0.032060
0.032060
0.032060
0.032060
0.032060
0.032060
0.032060
0.034060
0.034060
0.034060
0.034060
0.034060
0.034060
0.034060
0.036050
0.036050
0.036050
0.036050
0.036050
0.036050
0.036050
0.036050
0.036050
0.036050
0.036050
0.038050
0.038050
0.038050
0.038050
0.038050
0.038050
0.038050
0.040050
0.040050
0.040050
0.040050
0.040050
0.040050
0.040050
0.040050
0.040050
0.040050
0.040050
0.040050
0.042050
0.042050
0.042050
0.042050
0.042050
0.042050
0.042050
0.042050
0.042050
0.042050
0.042050
0.042050
0.042050
0.042050
0.042050
0.042050
0.044040
0.044040
0.044040
0.044040
0.044040
0.044040
0.044040
0.044040
0.046040
0.046040
0.046040
0.046040
0.046040
0.046040
0.046040
0.046040
0.046040
0.046040
0.046040
0.046040
0.046040
0.046040
0.048040
0.048040
0.048040
0.048040
0.048040
0.048040
0.048040
0.048040
0.048040
0.050040
0.050040
0.050040
0.050040
0.050040
0.050040
0.052030
0.052030
0.052030
0.052030
0.052030
0.052030
0.052030
0.052030
0.054030
0.054030
0.054030
0.054030
0.054030
0.054030
0.054030
0.054030
0.056030
0.056030
0.056030
0.056030
0.056030
0.056030
0.056030
0.056030
0.056030
0.056030
0.058030
0.058030
0.058030
0.058030
0.058030
0.058030
0.060020
0.060020
0.060020
0.060020
0.060020
0.060020
0.060020
0.060020
0.062020
0.062020
0.062020
0.062020
0.062020
0.062020
0.062020
0.062020
0.062020
0.062020
0.064020
0.064020
0.064020
0.064020
0.064020
0.064020
0.064020
0.064020
0.064020
0.064020
0.064020
0.066020
0.066020
0.066020
0.066020
0.066020
0.066020
0.066020
0.066020
0.066020
0.066020
0.066020
0.066020
0.066020
0.066020
0.066020
0.066020
0.066020
0.068010
0.068010
0.068010
0.068010
0.068010
0.068010
0.068010
0.070010
0.070010
0.070010
0.070010
0.070010
0.070010
0.072010
0.072010
0.072010
0.072010
0.072010
0.072010
0.072010
0.072010
0.074010
0.074010
0.074010
0.074010
0.074010
0.074010
0.074010
0.074010
0.074010
0.074010
0.076000
0.076000
0.076000
0.076000
0.076000
0.076000
0.076000
0.076000
0.076000
0.076000
0.076000
0.076000
0.076000
0.076000
0.076000
0.078000
0.078000
0.078000
0.078000
0.078000
0.078000
0.078000
0.080000
0.080000
0.080000
0.080000
0.080000
0.080000
0.080000
0.080000
0.080000
0.080000
0.080000
0.082000
0.082000
0.082000
0.082000
0.082000
0.082000
0.082000
0.082000
0.082000
0.082000
0.082000
0.082000
0.082000
0.082000
0.082000
0.082000
0.083990
0.083990
0.083990
0.083990
0.083990
0.083990
0.083990
0.083990
0.085990
0.085990
0.085990
0.085990
0.085990
0.085990
0.085990
0.085990
0.087990
0.087990
0.087990
0.087990
0.087990
0.087990
0.087990
0.087990
0.087990
0.087990
0.089990
0.089990
0.089990
0.089990
0.089990
0.089990
0.089990
0.089990
0.089990
0.244100
0.244100
0.244100
0.244100
0.244100
0.244100
0.244100
0.244100
0.244100
0.244100
0.244100
0.244100
0.244100
0.244100
0.244100
0.398200
0.398200
0.398200
0.398200
0.398200
0.398200
0.552300
0.552300
0.552300
0.552300
0.552300
0.552300
0.552300
0.552300
0.552300
0.552300
0.552300
0.552300
0.552300
0.552300
0.552300
0.552300
0.552300
0.706400
0.706400
0.706400
0.706400
0.706400
0.706400
0.706400
0.706400
0.706400
0.706400
0.860600
0.860600
0.860600
0.860600
0.860600
0.860600
0.860600
0.860600
1.015000
1.015000
1.015000
1.015000
1.169000
1.169000
1.169000
1.169000
1.169000
1.169000
1.169000
1.323000
1.323000
1.323000
1.323000
1.323000
1.323000
1.323000
1.323000
1.323000
1.323000
1.323000
1.323000
1.323000
1.323000
1.477000
1.477000
1.477000
1.477000
1.477000
1.477000
1.477000
1.477000
1.631000
1.631000
1.631000
1.631000
1.631000
1.631000
1.631000
1.631000
1.785000
1.785000
1.785000
1.785000
1.785000
1.785000
1.785000
1.785000
1.939000
1.939000
1.939000
1.939000
1.939000
1.939000
1.939000
1.939000
1.939000
1.939000
1.939000
1.939000
1.939000
2.093000
2.093000
2.093000
2.093000
2.093000
2.093000
2.093000
2.093000
2.093000
2.093000
2.093000
2.248000
2.248000
2.248000
2.248000
2.248000
2.248000
2.248000
2.248000
2.248000
2.248000
2.248000
2.402000
2.402000
2.402000
2.402000
2.402000
2.402000
2.402000
2.402000
2.402000
2.402000
2.402000
2.402000
2.402000
2.556000
2.556000
2.556000
2.556000
2.556000
2.556000
2.556000
2.556000
2.556000
2.556000
2.556000
2.556000
2.556000
2.556000
2.710000
2.710000
2.710000
2.710000
2.710000
2.710000
2.710000
2.710000
2.710000
2.710000
2.864000
2.864000
2.864000
2.864000
2.864000
2.864000
2.864000
2.864000
2.864000
2.864000
2.864000
2.864000
3.018000
3.018000
3.018000
3.018000
3.018000
3.018000
3.018000
3.172000
3.172000
3.172000
3.172000
3.172000
3.172000
3.172000
3.172000
3.172000
3.172000
3.172000
3.172000
3.172000
3.172000
3.172000
3.172000
3.326000
3.326000
3.326000
3.326000
3.326000
3.326000
3.326000
3.326000
3.326000
3.326000
3.326000
3.326000
3.326000
3.480000
3.480000
3.480000
3.480000
3.480000
3.480000
3.480000
3.480000
3.480000
3.480000
3.635000
3.635000
3.635000
3.635000
3.635000
3.635000
3.635000
3.635000
3.635000
3.635000
3.635000
3.635000
3.635000
3.635000
3.789000
3.789000
3.789000
3.789000
3.789000
3.789000
3.789000
3.789000
3.789000
3.789000
3.789000
3.943000
3.943000
3.943000
3.943000
3.943000
3.943000
3.943000
3.943000
4.097000
4.097000
4.097000
4.097000
4.097000
4.097000
4.097000
4.097000
4.097000
4.251000
4.251000
4.251000
4.251000
4.251000
4.251000
4.251000
4.251000
4.251000
4.251000
4.251000
4.251000
4.251000
4.251000
4.405000
4.405000
4.405000
4.405000
4.405000
4.405000
4.405000
4.405000
4.405000
4.405000
4.559000
4.559000
4.559000
4.559000
4.713000
4.713000
4.713000
4.713000
4.713000
4.713000
4.713000
4.713000
4.713000
4.713000
4.868000
4.868000
4.868000
4.868000
4.868000
4.868000
4.868000
4.868000
5.022000
5.022000
5.022000
5.022000
5.022000
5.022000
5.022000
5.176000
5.176000
5.176000
5.176000
5.176000
5.176000
5.176000
5.176000
5.176000
5.176000
5.176000
5.176000
5.176000
5.330000
5.330000
5.330000
5.330000
5.330000
5.330000
5.484000
5.484000
5.484000
5.484000
5.484000
5.484000
5.484000
5.638000
5.638000
5.638000
5.638000
5.638000
5.638000
5.638000
5.638000
5.638000
5.638000
5.638000
5.638000
5.792000
5.792000
5.792000
5.792000
5.792000
5.792000
5.792000
5.792000
5.792000
5.792000
5.792000
5.946000
5.946000
5.946000
5.946000
5.946000
5.946000
5.946000
5.946000
5.946000
6.100000
6.100000
6.100000
6.100000
6.100000
6.100000
6.255000
6.255000
6.255000
6.255000
6.255000
6.255000
6.255000
6.409000
6.409000
6.409000
6.409000
6.409000
6.409000
6.409000
6.563000
6.563000
6.563000
6.563000
6.563000
6.563000
6.563000
6.563000
6.563000
6.563000
6.717000
6.717000
6.717000
6.717000
6.717000
6.717000
6.717000
6.717000
6.871000
6.871000
6.871000
6.871000
6.871000
6.871000
6.871000
6.871000
7.025000
7.025000
7.025000
7.025000
7.025000
7.025000
7.025000
7.025000
7.025000
7.025000
7.025000
7.025000
7.025000
7.486000
7.486000
7.486000
7.486000
7.486000
7.486000
7.486000
7.486000
7.486000
7.486000
7.486000
7.486000
7.486000
7.946000
7.946000
7.946000
7.946000
7.946000
7.946000
7.946000
8.407000
8.407000
8.407000
8.407000
8.407000
8.407000
8.407000
8.407000
8.407000
8.407000
8.407000
8.407000
8.867000
8.867000
8.867000
8.867000
8.867000
8.867000
8.867000
8.867000
9.212000
9.212000
9.212000
9.212000
9.212000
9.212000
9.212000
9.212000
9.212000
9.212000
9.212000
9.212000
9.212000
