0.000000
0.000000
0.000000
0.000000
0.000000
0.000000
0.000000
0.000000
0.000000
0.000000
0.000000
0.000000
0.000000
0.000000
0.000000
0.000000
0.000000
0.000000
0.000000
0.000000
0.000000
0.000000
0.000000
0.000000
0.000000
0.000000
0.000000
0.000000
0.000000
0.000000
0.000000
0.000000
0.000000
0.000000
0.000000
0.000000
0.000000
0.103800
0.103800
0.103800
0.103800
0.103800
0.103800
0.103800
0.103800
0.154700
0.154700
0.154700
0.154700
0.154700
0.154700
0.154700
0.154700
0.154700
0.154700
0.154700
0.205600
0.205600
0.205600
0.205600
0.205600
0.205600
0.205600
0.205600
0.256500
0.256500
0.256500
0.256500
0.256500
0.256500
0.256500
0.256500
0.256500
0.256500
0.256500
0.256500
0.256500
0.307500
0.307500
0.307500
0.307500
0.307500
0.358400
0.358400
0.358400
0.358400
0.358400
0.358400
0.358400
0.358400
0.409300
0.409300
0.409300
0.409300
0.409300
0.409300
0.409300
0.409300
0.460300
0.460300
0.460300
0.460300
0.460300
0.460300
0.460300
0.460300
0.460300
0.460300
0.460300
0.460300
0.460300
0.511200
0.511200
0.511200
0.511200
0.511200
0.511200
0.511200
0.562100
0.562100
0.562100
0.562100
0.562100
0.562100
0.562100
0.613000
0.613000
0.613000
0.613000
0.613000
0.613000
0.613000
0.613000
0.664000
0.664000
0.664000
0.664000
0.664000
0.664000
0.664000
0.664000
0.664000
0.664000
0.664000
0.664000
0.714900
0.714900
0.714900
0.714900
0.714900
0.714900
0.714900
0.765800
0.765800
0.765800
0.765800
0.765800
0.765800
0.765800
0.765800
0.765800
0.765800
0.765800
0.765800
0.765800
0.765800
0.765800
0.765800
0.765800
0.816700
0.816700
0.816700
0.816700
0.816700
0.816700
0.816700
0.816700
0.816700
0.816700
0.816700
0.816700
0.867700
0.867700
0.867700
0.867700
0.867700
0.867700
0.867700
0.867700
0.867700
0.867700
0.867700
0.867700
0.918600
0.918600
0.918600
0.918600
0.918600
0.918600
0.918600
0.918600
0.918600
0.918600
0.918600
0.969500
0.969500
0.969500
0.969500
0.969500
1.020000
1.020000
1.020000
1.020000
1.020000
1.020000
1.071000
1.071000
1.071000
1.071000
1.071000
1.071000
1.122000
1.122000
1.122000
1.122000
1.122000
1.122000
1.122000
1.122000
1.173000
1.173000
1.173000
1.173000
1.173000
1.173000
1.173000
1.173000
1.173000
1.173000
1.224000
1.224000
1.224000
1.224000
1.224000
1.224000
1.224000
1.224000
1.224000
1.224000
1.224000
1.224000
1.224000
1.224000
1.224000
1.275000
1.275000
1.275000
1.275000
1.275000
1.275000
1.275000
1.275000
1.275000
1.275000
1.275000
1.275000
1.275000
1.326000
1.326000
1.326000
1.326000
1.326000
1.326000
1.326000
1.326000
1.326000
1.326000
1.326000
1.377000
1.377000
1.377000
1.377000
1.377000
1.377000
1.377000
1.377000
1.377000
1.377000
1.377000
1.428000
1.428000
1.428000
1.428000
1.428000
1.428000
1.428000
1.428000
1.428000
1.428000
1.428000
1.428000
1.428000
1.428000
1.479000
1.479000
1.479000
1.479000
1.479000
1.479000
1.479000
1.479000
1.479000
1.479000
1.479000
1.479000
1.530000
1.530000
1.530000
1.530000
1.530000
1.530000
1.581000
1.581000
1.581000
1.581000
1.581000
1.581000
1.581000
1.581000
1.581000
1.581000
1.581000
1.581000
1.581000
1.581000
1.581000
1.632000
1.632000
1.632000
1.632000
1.632000
1.632000
1.632000
1.632000
1.632000
1.682000
1.682000
1.682000
1.682000
1.682000
1.682000
1.682000
1.682000
1.733000
1.733000
1.733000
1.733000
1.733000
1.733000
1.784000
1.784000
1.784000
1.784000
1.784000
1.784000
1.784000
1.784000
1.784000
1.784000
1.784000
1.784000
1.835000
1.835000
1.835000
1.835000
1.835000
1.835000
1.835000
1.835000
1.835000
1.835000
1.835000
1.835000
1.886000
1.886000
1.886000
1.886000
1.886000
1.886000
1.886000
1.886000
1.937000
1.937000
1.937000
1.937000
1.937000
1.937000
1.937000
1.937000
1.937000
1.988000
1.988000
1.988000
1.988000
1.988000
1.988000
1.988000
1.988000
1.988000
1.988000
2.039000
2.039000
2.039000
2.039000
2.039000
2.039000
2.039000
2.090000
2.090000
2.090000
2.090000
2.090000
2.090000
2.090000
2.090000
2.090000
2.141000
2.141000
2.141000
2.141000
2.141000
2.141000
2.141000
2.141000
2.192000
2.192000
2.192000
2.192000
2.192000
2.192000
2.192000
2.192000
2.192000
2.192000
2.243000
2.243000
2.243000
2.243000
2.243000
2.243000
2.243000
2.294000
2.294000
2.294000
2.294000
2.294000
2.294000
2.294000
2.294000
2.294000
2.294000
2.294000
2.345000
2.345000
2.345000
2.345000
2.345000
2.345000
2.345000
2.395000
2.395000
2.395000
2.395000
2.395000
2.395000
2.395000
2.688000
2.688000
2.688000
2.688000
2.688000
2.688000
2.688000
2.688000
2.688000
2.688000
2.688000
2.688000
2.688000
2.688000
2.981000
2.981000
2.981000
2.981000
2.981000
2.981000
2.981000
2.981000
2.981000
2.981000
2.981000
3.274000
3.274000
3.274000
3.274000
3.274000
3.274000
3.274000
3.274000
3.274000
3.274000
3.274000
3.274000
3.274000
3.274000
3.274000
3.274000
3.274000
3.274000
3.567000
3.567000
3.567000
3.567000
3.567000
3.567000
3.567000
3.567000
3.567000
3.567000
3.567000
3.859000
3.859000
3.859000
3.859000
3.859000
3.859000
3.859000
3.859000
3.859000
3.859000
3.859000
3.859000
3.859000
3.859000
3.859000
4.152000
4.152000
4.152000
4.152000
4.152000
4.152000
4.152000
4.152000
4.152000
4.152000
4.152000
4.152000
4.152000
4.445000
4.445000
4.445000
4.445000
4.445000
4.445000
4.445000
4.445000
4.445000
4.445000
4.445000
4.445000
4.445000
4.738000
4.738000
4.738000
4.738000
4.738000
4.738000
5.031000
5.031000
5.031000
5.031000
5.031000
5.031000
5.031000
5.031000
5.031000
5.031000
5.031000
5.031000
5.031000
5.323000
5.323000
5.323000
5.323000
5.323000
5.323000
5.323000
5.323000
5.616000
5.616000
5.616000
5.616000
5.616000
5.616000
5.616000
5.909000
5.909000
5.909000
5.909000
5.909000
5.909000
5.909000
5.909000
6.202000
6.202000
6.202000
6.202000
6.202000
6.202000
6.202000
6.202000
6.202000
6.495000
6.495000
6.495000
6.495000
6.495000
6.495000
6.495000
6.495000
6.495000
6.495000
6.495000
6.495000
6.495000
6.787000
6.787000
6.787000
6.787000
6.787000
6.787000
6.787000
7.080000
7.080000
7.080000
7.080000
7.080000
7.080000
7.080000
7.080000
7.080000
7.080000
7.373000
7.373000
7.373000
7.373000
7.373000
7.373000
7.373000
7.373000
7.373000
7.373000
7.373000
7.373000
7.373000
7.666000
7.666000
7.666000
7.666000
7.666000
7.666000
7.666000
7.666000
7.666000
7.666000
7.666000
7.666000
7.666000
7.666000
7.666000
7.958000
7.958000
7.958000
7.958000
7.958000
7.958000
7.958000
7.958000
7.958000
7.958000
7.958000
8.251000
8.251000
8.251000
8.544000
8.544000
8.544000
8.544000
8.544000
8.544000
8.544000
8.544000
8.544000
8.544000
8.544000
8.837000
8.837000
8.837000
8.837000
8.837000
8.837000
8.837000
9.130000
9.130000
9.130000
9.130000
9.130000
9.130000
9.130000
9.130000
9.130000
9.422000
9.422000
9.422000
9.422000
9.422000
9.422000
9.422000
9.422000
9.422000
9.422000
9.422000
9.422000
9.422000
9.422000
9.422000
9.422000
9.422000
9.422000
9.422000
9.715000
9.715000
9.715000
9.715000
9.715000
9.715000
10.010000
10.010000
10.010000
10.010000
10.010000
10.010000
10.010000
10.010000
10.010000
10.010000
10.010000
10.300000
10.300000
10.300000
10.300000
10.300000
10.300000
10.300000
10.300000
10.300000
10.300000
10.590000
10.590000
10.590000
10.590000
10.590000
10.890000
10.890000
10.890000
10.890000
10.890000
10.890000
10.890000
10.890000
10.890000
10.890000
10.890000
11.180000
11.180000
11.180000
11.180000
11.180000
11.180000
11.180000
11.180000
11.180000
11.180000
11.180000
11.470000
11.470000
11.470000
11.470000
11.470000
11.470000
11.470000
11.470000
11.470000
11.470000
11.760000
11.760000
11.760000
11.760000
11.760000
11.760000
11.760000
11.760000
12.060000
12.060000
12.060000
12.350000
12.350000
12.350000
12.350000
12.350000
12.350000
12.350000
12.640000
12.640000
12.640000
12.640000
12.640000
12.640000
12.640000
12.640000
12.640000
12.640000
12.640000
12.640000
12.640000
12.640000
12.640000
12.940000
12.940000
12.940000
12.940000
12.940000
12.940000
12.940000
12.940000
12.940000
12.940000
12.940000
12.940000
13.230000
13.230000
13.230000
13.230000
13.230000
13.230000
13.230000
13.230000
13.520000
13.520000
13.520000
13.520000
13.520000
13.520000
13.520000
13.520000
13.520000
13.520000
13.810000
13.810000
13.810000
13.810000
13.810000
13.810000
13.810000
13.810000
13.810000
14.110000
14.110000
14.110000
14.110000
14.110000
14.110000
14.110000
14.110000
14.110000
14.110000
14.110000
14.110000
14.110000
14.110000
14.400000
14.400000
14.400000
14.400000
14.400000
14.400000
14.400000
14.400000
14.690000
14.690000
14.690000
14.690000
14.690000
14.690000
14.690000
14.690000
14.990000
14.990000
14.990000
14.990000
14.990000
14.990000
14.990000
14.990000
14.990000
14.990000
15.280000
15.280000
15.280000
15.280000
15.280000
15.280000
15.280000
15.280000
15.280000
15.570000
15.570000
15.570000
15.570000
15.570000
15.570000
15.570000
15.570000
16.299999
16.299999
16.299999
16.299999
16.299999
16.299999
16.299999
16.299999
16.299999
16.299999
16.299999
16.299999
16.299999
16.299999
17.020000
17.020000
17.020000
17.020000
17.020000
17.020000
17.020000
17.020000
17.020000
17.020000
17.020000
17.020000
17.020000
17.020000
17.020000
17.020000
17.750000
17.750000
17.750000
17.750000
17.750000
17.750000
17.750000
17.750000
17.750000
17.750000
17.750000
17.750000
17.750000
18.469999
18.469999
18.469999
18.469999
18.469999
18.469999
18.469999
18.469999
18.469999
18.469999
18.469999
19.010000
19.010000
19.010000
19.010000
19.010000
19.010000
19.010000
19.010000
19.010000
19.010000
19.010000
19.010000
19.010000
