0.000000
0.000000
0.000000
0.000000
0.000000
0.000000
0.000000
0.000000
0.000000
0.000000
0.000000
0.000000
0.000000
0.000000
0.000000
0.000000
0.000000
0.000000
0.000000
0.000000
0.000000
0.000000
0.000000
0.000000
0.000000
0.000000
0.000000
0.000000
0.000000
0.000000
0.000000
0.000000
0.000000
0.000000
0.000000
0.000000
0.000000
0.000000
0.000000
0.000000
0.000000
0.000000
0.000000
0.000000
0.000000
0.000000
0.064620
0.064620
0.064620
0.064620
0.064620
0.064620
0.064620
0.064620
0.064620
0.118000
0.118000
0.118000
0.118000
0.118000
0.118000
0.118000
0.171400
0.171400
0.171400
0.171400
0.171400
0.171400
0.171400
0.171400
0.171400
0.171400
0.224800
0.224800
0.224800
0.224800
0.224800
0.278200
0.278200
0.278200
0.278200
0.278200
0.278200
0.278200
0.278200
0.278200
0.331600
0.331600
0.331600
0.331600
0.331600
0.331600
0.331600
0.331600
0.331600
0.331600
0.385000
0.385000
0.385000
0.385000
0.385000
0.385000
0.385000
0.438400
0.438400
0.438400
0.438400
0.438400
0.438400
0.438400
0.438400
0.438400
0.438400
0.438400
0.438400
0.491800
0.491800
0.491800
0.491800
0.491800
0.491800
0.491800
0.491800
0.491800
0.491800
0.491800
0.491800
0.491800
0.545200
0.545200
0.545200
0.545200
0.545200
0.545200
0.545200
0.545200
0.545200
0.545200
0.598600
0.598600
0.598600
0.598600
0.598600
0.598600
0.598600
0.598600
0.598600
0.598600
0.652000
0.652000
0.652000
0.652000
0.652000
0.652000
0.652000
0.652000
0.652000
0.652000
0.705400
0.705400
0.705400
0.705400
0.705400
0.705400
0.705400
0.705400
0.705400
0.705400
0.705400
0.705400
0.705400
0.758800
0.758800
0.758800
0.758800
0.758800
0.758800
0.758800
0.758800
0.758800
0.758800
0.812200
0.812200
0.812200
0.812200
0.865500
0.865500
0.865500
0.865500
0.865500
0.865500
0.865500
0.865500
0.865500
0.865500
0.918900
0.918900
0.918900
0.918900
0.918900
0.918900
0.918900
0.918900
0.918900
0.972300
0.972300
0.972300
0.972300
0.972300
0.972300
0.972300
0.972300
0.972300
0.972300
0.972300
1.026000
1.026000
1.026000
1.026000
1.026000
1.026000
1.026000
1.026000
1.026000
1.026000
1.026000
1.026000
1.026000
1.026000
1.026000
1.026000
1.026000
1.079000
1.079000
1.079000
1.079000
1.079000
1.079000
1.079000
1.079000
1.079000
1.079000
1.079000
1.079000
1.133000
1.133000
1.133000
1.133000
1.133000
1.133000
1.133000
1.133000
1.133000
1.133000
1.133000
1.133000
1.133000
1.186000
1.186000
1.186000
1.186000
1.186000
1.186000
1.186000
1.186000
1.239000
1.239000
1.239000
1.239000
1.239000
1.239000
1.239000
1.239000
1.239000
1.239000
1.239000
1.239000
1.239000
1.239000
1.293000
1.293000
1.346000
1.346000
1.346000
1.346000
1.346000
1.346000
1.400000
1.400000
1.400000
1.400000
1.400000
1.400000
1.400000
1.453000
1.453000
1.453000
1.453000
1.453000
1.453000
1.453000
1.453000
1.453000
1.453000
1.506000
1.506000
1.506000
1.506000
1.506000
1.506000
1.560000
1.560000
1.560000
1.560000
1.560000
1.560000
1.560000
1.560000
1.560000
1.613000
1.613000
1.613000
1.613000
1.613000
1.613000
1.613000
1.613000
1.613000
1.666000
1.666000
1.666000
1.666000
1.666000
1.666000
1.666000
1.666000
1.666000
1.666000
1.666000
1.666000
1.666000
1.666000
1.666000
1.666000
1.720000
1.720000
1.720000
1.720000
1.720000
1.720000
1.773000
1.773000
1.773000
1.773000
1.773000
1.773000
1.773000
1.773000
1.773000
1.773000
1.773000
1.773000
1.827000
1.827000
1.827000
1.827000
1.827000
1.827000
1.827000
1.827000
1.880000
1.880000
1.880000
1.880000
1.880000
1.880000
1.880000
1.880000
1.880000
1.880000
1.880000
1.880000
1.880000
1.933000
1.933000
1.933000
1.933000
1.933000
1.933000
1.933000
1.933000
1.987000
1.987000
1.987000
1.987000
1.987000
1.987000
1.987000
1.987000
1.987000
1.987000
1.987000
1.987000
1.987000
1.987000
2.040000
2.040000
2.040000
2.040000
2.040000
2.040000
2.040000
2.040000
2.040000
2.040000
2.094000
2.094000
2.094000
2.094000
2.094000
2.094000
2.094000
2.094000
2.094000
2.147000
2.147000
2.147000
2.147000
2.147000
2.147000
2.147000
2.147000
2.147000
2.147000
2.147000
2.147000
2.147000
2.147000
2.200000
2.200000
2.200000
2.200000
2.200000
2.200000
2.200000
2.200000
2.200000
2.200000
2.200000
2.200000
2.200000
2.200000
2.200000
2.200000
2.254000
2.254000
2.254000
2.254000
2.254000
2.254000
2.307000
2.307000
2.307000
2.307000
2.307000
2.361000
2.361000
2.361000
2.361000
2.361000
2.414000
2.414000
2.414000
2.414000
2.414000
2.414000
2.414000
2.467000
2.467000
2.467000
2.467000
2.467000
2.467000
2.467000
2.467000
2.467000
2.467000
2.467000
2.467000
2.467000
2.796000
2.796000
2.796000
2.796000
2.796000
2.796000
2.796000
2.796000
2.796000
3.125000
3.125000
3.125000
3.125000
3.125000
3.125000
3.125000
3.125000
3.125000
3.125000
3.125000
3.454000
3.454000
3.454000
3.454000
3.454000
3.454000
3.454000
3.454000
3.454000
3.454000
3.454000
3.454000
3.783000
3.783000
3.783000
3.783000
3.783000
3.783000
3.783000
3.783000
3.783000
4.112000
4.112000
4.112000
4.112000
4.112000
4.441000
4.441000
4.441000
4.441000
4.441000
4.441000
4.441000
4.441000
4.441000
4.441000
4.441000
4.441000
4.441000
4.770000
4.770000
4.770000
4.770000
4.770000
4.770000
5.099000
5.099000
5.099000
5.099000
5.099000
5.099000
5.099000
5.099000
5.099000
5.099000
5.099000
5.099000
5.099000
5.099000
5.099000
5.428000
5.428000
5.428000
5.428000
5.428000
5.428000
5.428000
5.428000
5.428000
5.428000
5.428000
5.757000
5.757000
5.757000
5.757000
5.757000
5.757000
5.757000
5.757000
5.757000
5.757000
5.757000
5.757000
5.757000
5.757000
5.757000
5.757000
5.757000
6.086000
6.086000
6.086000
6.086000
6.086000
6.086000
6.086000
6.415000
6.415000
6.415000
6.415000
6.415000
6.415000
6.415000
6.415000
6.415000
6.744000
6.744000
6.744000
6.744000
6.744000
6.744000
6.744000
6.744000
7.073000
7.073000
7.073000
7.073000
7.073000
7.073000
7.073000
7.073000
7.073000
7.073000
7.402000
7.402000
7.402000
7.402000
7.402000
7.402000
7.402000
7.402000
7.402000
7.402000
7.402000
7.402000
7.402000
7.731000
7.731000
7.731000
7.731000
7.731000
7.731000
7.731000
7.731000
7.731000
7.731000
7.731000
7.731000
7.731000
7.731000
8.060000
8.060000
8.060000
8.060000
8.060000
8.060000
8.060000
8.060000
8.060000
8.060000
8.389000
8.389000
8.389000
8.389000
8.389000
8.389000
8.389000
8.389000
8.389000
8.389000
8.389000
8.718000
8.718000
8.718000
8.718000
8.718000
8.718000
8.718000
8.718000
8.718000
8.718000
9.048000
9.048000
9.048000
9.048000
9.048000
9.048000
9.048000
9.048000
9.377000
9.377000
9.377000
9.377000
9.706000
9.706000
9.706000
9.706000
9.706000
9.706000
9.706000
10.030000
10.030000
10.030000
10.030000
10.030000
10.030000
10.030000
10.030000
10.360000
10.360000
10.360000
10.360000
10.360000
10.360000
10.360000
10.360000
10.360000
10.360000
10.360000
10.360000
10.360000
10.360000
10.690000
10.690000
10.690000
10.690000
10.690000
10.690000
10.690000
11.020000
11.020000
11.020000
11.020000
11.020000
11.020000
11.020000
11.020000
11.020000
11.020000
11.020000
11.020000
11.350000
11.350000
11.350000
11.350000
11.350000
11.350000
11.350000
11.350000
11.350000
11.350000
11.350000
11.350000
11.350000
11.350000
11.680000
11.680000
11.680000
11.680000
11.680000
11.680000
11.680000
11.680000
11.680000
11.680000
11.680000
12.010000
12.010000
12.010000
12.010000
12.010000
12.010000
12.010000
12.010000
12.010000
12.340000
12.340000
12.340000
12.340000
12.340000
12.340000
12.670000
12.670000
12.670000
12.670000
12.670000
12.670000
12.670000
12.670000
13.000000
13.000000
13.000000
13.000000
13.000000
13.000000
13.000000
13.000000
13.000000
13.320000
13.320000
13.320000
13.320000
13.320000
13.320000
13.320000
13.320000
13.320000
13.320000
13.320000
13.320000
13.650000
13.650000
13.650000
13.650000
13.650000
13.650000
13.650000
13.650000
13.650000
13.650000
13.650000
13.650000
13.650000
13.650000
13.650000
13.650000
13.650000
13.650000
13.980000
13.980000
13.980000
13.980000
13.980000
13.980000
13.980000
13.980000
13.980000
13.980000
14.310000
14.310000
14.310000
14.310000
14.310000
14.310000
14.310000
14.310000
14.310000
14.640000
14.640000
14.640000
14.640000
14.640000
14.640000
14.640000
14.640000
14.640000
14.640000
14.970000
14.970000
14.970000
14.970000
14.970000
14.970000
14.970000
14.970000
14.970000
14.970000
14.970000
14.970000
14.970000
15.300000
15.300000
15.300000
15.300000
15.300000
15.300000
15.300000
15.300000
15.300000
15.300000
15.300000
15.630000
15.630000
15.630000
15.630000
15.630000
15.630000
15.630000
15.630000
15.630000
15.960000
15.960000
15.960000
15.960000
16.290001
16.290001
16.290001
16.290001
16.290001
16.290001
16.290001
16.290001
16.290001
16.290001
16.290001
16.290001
16.290001
16.290001
16.610001
16.610001
16.610001
16.610001
16.610001
16.610001
16.610001
16.610001
16.610001
16.610001
16.610001
16.610001
16.940001
16.940001
16.940001
16.940001
16.940001
16.940001
16.940001
16.940001
16.940001
16.940001
17.270000
17.270000
17.270000
17.270000
17.270000
17.270000
17.270000
17.270000
17.270000
17.270000
17.270000
17.270000
17.270000
17.270000
23.059999
23.059999
23.059999
23.059999
23.059999
23.059999
23.059999
23.059999
23.059999
23.059999
23.059999
28.860001
28.860001
28.860001
28.860001
28.860001
28.860001
28.860001
28.860001
28.860001
28.860001
28.860001
28.860001
28.860001
28.860001
34.650002
34.650002
34.650002
34.650002
34.650002
34.650002
34.650002
40.439999
40.439999
40.439999
40.439999
40.439999
40.439999
40.439999
40.439999
40.439999
40.439999
40.439999
44.790001
44.790001
44.790001
44.790001
