0.000000
0.000000
0.000000
0.000000
0.000000
0.000000
0.000000
0.000000
0.000000
0.000000
0.000000
0.000000
0.000000
0.000000
0.000000
0.000000
0.000000
0.000000
0.000000
0.000000
0.000000
0.000000
0.000000
0.000000
0.000000
0.000000
0.000000
0.000000
0.000000
0.000000
0.000000
0.000000
0.000000
0.000000
0.000000
0.000000
0.000000
0.000000
0.000000
0.040820
0.040820
0.040820
0.040820
0.040820
0.040820
0.040820
0.040820
0.040820
0.040820
0.040820
0.040820
0.040820
0.103100
0.103100
0.103100
0.165400
0.165400
0.165400
0.165400
0.165400
0.165400
0.165400
0.165400
0.165400
0.227600
0.227600
0.227600
0.227600
0.227600
0.227600
0.227600
0.227600
0.227600
0.227600
0.227600
0.227600
0.289900
0.289900
0.289900
0.289900
0.289900
0.289900
0.289900
0.289900
0.352200
0.352200
0.352200
0.352200
0.352200
0.414500
0.414500
0.414500
0.414500
0.414500
0.414500
0.414500
0.414500
0.414500
0.414500
0.414500
0.414500
0.414500
0.414500
0.414500
0.414500
0.476800
0.476800
0.476800
0.476800
0.476800
0.476800
0.476800
0.476800
0.476800
0.539000
0.539000
0.539000
0.539000
0.539000
0.539000
0.539000
0.539000
0.539000
0.539000
0.539000
0.601300
0.601300
0.601300
0.601300
0.663600
0.663600
0.663600
0.663600
0.663600
0.663600
0.663600
0.663600
0.663600
0.663600
0.663600
0.725900
0.725900
0.725900
0.725900
0.725900
0.725900
0.725900
0.725900
0.725900
0.725900
0.725900
0.788100
0.788100
0.788100
0.788100
0.788100
0.788100
0.788100
0.788100
0.788100
0.788100
0.850400
0.850400
0.850400
0.850400
0.850400
0.850400
0.850400
0.850400
0.912700
0.912700
0.912700
0.912700
0.912700
0.912700
0.912700
0.912700
0.912700
0.912700
0.912700
0.912700
0.975000
0.975000
0.975000
0.975000
0.975000
0.975000
0.975000
0.975000
0.975000
1.037000
1.037000
1.037000
1.037000
1.037000
1.037000
1.037000
1.037000
1.037000
1.037000
1.037000
1.037000
1.037000
1.037000
1.100000
1.100000
1.100000
1.100000
1.100000
1.100000
1.100000
1.100000
1.162000
1.162000
1.162000
1.162000
1.162000
1.162000
1.162000
1.162000
1.162000
1.162000
1.162000
1.162000
1.162000
1.162000
1.162000
1.224000
1.224000
1.224000
1.224000
1.224000
1.224000
1.224000
1.224000
1.224000
1.286000
1.286000
1.286000
1.286000
1.286000
1.286000
1.286000
1.349000
1.349000
1.349000
1.349000
1.349000
1.349000
1.411000
1.411000
1.411000
1.411000
1.411000
1.411000
1.411000
1.411000
1.411000
1.411000
1.411000
1.411000
1.411000
1.411000
1.473000
1.473000
1.473000
1.473000
1.473000
1.473000
1.473000
1.473000
1.473000
1.473000
1.473000
1.473000
1.473000
1.473000
1.535000
1.535000
1.535000
1.535000
1.535000
1.535000
1.535000
1.535000
1.535000
1.535000
1.535000
1.535000
1.598000
1.598000
1.598000
1.598000
1.598000
1.598000
1.598000
1.660000
1.660000
1.660000
1.660000
1.660000
1.660000
1.660000
1.660000
1.660000
1.660000
1.722000
1.722000
1.722000
1.722000
1.722000
1.722000
1.722000
1.722000
1.722000
1.722000
1.722000
1.722000
1.722000
1.722000
1.722000
1.722000
1.722000
1.722000
1.785000
1.785000
1.785000
1.785000
1.785000
1.785000
1.785000
1.785000
1.847000
1.847000
1.847000
1.847000
1.847000
1.847000
1.847000
1.847000
1.847000
1.847000
1.909000
1.909000
1.909000
1.909000
1.909000
1.909000
1.909000
1.909000
1.971000
1.971000
1.971000
1.971000
1.971000
1.971000
1.971000
1.971000
1.971000
2.034000
2.034000
2.034000
2.034000
2.034000
2.034000
2.034000
2.034000
2.096000
2.096000
2.096000
2.096000
2.096000
2.096000
2.096000
2.096000
2.158000
2.158000
2.158000
2.158000
2.158000
2.158000
2.158000
2.158000
2.158000
2.158000
2.158000
2.158000
2.158000
2.158000
2.158000
2.220000
2.220000
2.220000
2.220000
2.220000
2.220000
2.220000
2.220000
2.220000
2.220000
2.220000
2.220000
2.283000
2.283000
2.283000
2.283000
2.283000
2.283000
2.283000
2.283000
2.283000
2.283000
2.283000
2.283000
2.283000
2.283000
2.283000
2.283000
2.283000
2.345000
2.345000
2.345000
2.345000
2.345000
2.345000
2.345000
2.345000
2.345000
2.345000
2.407000
2.407000
2.407000
2.407000
2.407000
2.407000
2.407000
2.407000
2.407000
2.470000
2.470000
2.470000
2.470000
2.470000
2.470000
2.470000
2.470000
2.470000
2.470000
2.470000
2.532000
2.532000
2.532000
2.532000
2.532000
2.532000
2.532000
2.532000
2.532000
2.532000
2.594000
2.594000
2.594000
2.594000
2.594000
2.594000
2.594000
2.594000
2.594000
2.656000
2.656000
2.656000
2.656000
2.656000
2.656000
2.656000
2.719000
2.719000
2.719000
2.719000
2.719000
2.719000
2.719000
2.719000
2.719000
2.719000
2.719000
2.781000
2.781000
2.781000
2.781000
2.781000
2.781000
2.781000
2.781000
2.781000
2.781000
2.843000
2.843000
2.843000
2.843000
2.843000
2.843000
2.843000
2.843000
2.843000
2.843000
2.843000
2.843000
3.239000
3.239000
3.239000
3.239000
3.239000
3.239000
3.239000
3.239000
3.239000
3.634000
3.634000
3.634000
3.634000
4.029000
4.029000
4.029000
4.029000
4.029000
4.029000
4.029000
4.029000
4.424000
4.424000
4.424000
4.424000
4.424000
4.424000
4.424000
4.424000
4.424000
4.424000
4.424000
4.424000
4.424000
4.424000
4.424000
4.424000
4.424000
4.820000
4.820000
4.820000
4.820000
4.820000
4.820000
4.820000
4.820000
4.820000
4.820000
4.820000
4.820000
5.215000
5.215000
5.215000
5.215000
5.215000
5.215000
5.610000
5.610000
5.610000
5.610000
5.610000
5.610000
5.610000
5.610000
5.610000
5.610000
5.610000
5.610000
6.005000
6.005000
6.005000
6.005000
6.005000
6.005000
6.401000
6.401000
6.401000
6.401000
6.401000
6.401000
6.401000
6.401000
6.401000
6.401000
6.401000
6.796000
6.796000
6.796000
6.796000
6.796000
6.796000
6.796000
6.796000
6.796000
7.191000
7.191000
7.191000
7.191000
7.191000
7.191000
7.191000
7.191000
7.191000
7.191000
7.191000
7.191000
7.191000
7.587000
7.587000
7.587000
7.587000
7.587000
7.587000
7.587000
7.587000
7.587000
7.587000
7.587000
7.587000
7.587000
7.587000
7.587000
7.982000
7.982000
7.982000
7.982000
7.982000
7.982000
7.982000
7.982000
7.982000
8.377000
8.377000
8.377000
8.377000
8.377000
8.377000
8.377000
8.377000
8.377000
8.377000
8.377000
8.377000
8.377000
8.377000
8.772000
8.772000
8.772000
8.772000
8.772000
8.772000
8.772000
8.772000
9.168000
9.168000
9.168000
9.168000
9.168000
9.168000
9.168000
9.168000
9.168000
9.168000
9.563000
9.563000
9.563000
9.563000
9.563000
9.563000
9.563000
9.958000
9.958000
9.958000
9.958000
9.958000
9.958000
10.350000
10.350000
10.350000
10.350000
10.350000
10.350000
10.350000
10.350000
10.350000
10.350000
10.350000
10.750000
10.750000
10.750000
10.750000
10.750000
10.750000
10.750000
10.750000
10.750000
10.750000
11.140000
11.140000
11.140000
11.140000
11.140000
11.140000
11.140000
11.140000
11.140000
11.140000
11.540000
11.540000
11.540000
11.540000
11.540000
11.540000
11.540000
11.540000
11.540000
11.540000
11.540000
11.540000
11.540000
11.930000
11.930000
11.930000
11.930000
11.930000
11.930000
11.930000
11.930000
11.930000
11.930000
11.930000
11.930000
12.330000
12.330000
12.330000
12.330000
12.330000
12.330000
12.330000
12.330000
12.330000
12.330000
12.730000
12.730000
12.730000
12.730000
12.730000
12.730000
12.730000
12.730000
13.120000
13.120000
13.120000
13.120000
13.120000
13.120000
13.120000
13.120000
13.520000
13.520000
13.520000
13.520000
13.520000
13.520000
13.520000
13.520000
13.520000
13.520000
13.520000
13.520000
13.910000
13.910000
13.910000
13.910000
13.910000
13.910000
13.910000
13.910000
13.910000
13.910000
13.910000
13.910000
13.910000
13.910000
13.910000
13.910000
13.910000
13.910000
13.910000
13.910000
13.910000
13.910000
14.310000
14.310000
14.310000
14.310000
14.310000
14.310000
14.310000
14.310000
14.700000
14.700000
14.700000
14.700000
14.700000
14.700000
14.700000
14.700000
15.100000
15.100000
15.100000
15.100000
15.100000
15.100000
15.100000
15.100000
15.100000
15.100000
15.490000
15.490000
15.490000
15.490000
15.490000
15.490000
15.490000
15.490000
15.890000
15.890000
15.890000
15.890000
15.890000
15.890000
15.890000
15.890000
15.890000
15.890000
15.890000
16.280001
16.280001
16.280001
16.280001
16.280001
16.280001
16.280001
16.280001
16.280001
16.280001
16.280001
16.280001
16.280001
16.680000
16.680000
16.680000
16.680000
16.680000
16.680000
16.680000
16.680000
16.680000
16.680000
16.680000
17.070000
17.070000
17.070000
17.070000
17.070000
17.070000
17.070000
17.469999
17.469999
17.469999
17.469999
17.469999
17.469999
17.469999
17.469999
17.860001
17.860001
17.860001
17.860001
17.860001
17.860001
18.260000
18.260000
18.260000
18.260000
18.260000
18.650000
18.650000
18.650000
18.650000
18.650000
18.650000
18.650000
18.650000
19.049999
19.049999
19.049999
19.049999
19.049999
19.049999
19.049999
19.049999
19.049999
19.440001
19.440001
19.440001
19.440001
19.440001
19.840000
19.840000
19.840000
19.840000
19.840000
19.840000
19.840000
20.240000
20.240000
20.240000
20.240000
20.240000
20.240000
20.240000
20.240000
20.240000
20.240000
20.240000
20.629999
20.629999
20.629999
20.629999
20.629999
20.629999
23.410000
23.410000
23.410000
23.410000
23.410000
23.410000
23.410000
23.410000
23.410000
23.410000
23.410000
23.410000
23.410000
23.410000
26.200001
26.200001
26.200001
26.200001
26.200001
26.200001
26.200001
26.200001
26.200001
26.200001
26.200001
26.200001
26.200001
26.200001
26.200001
26.200001
26.200001
28.980000
28.980000
28.980000
28.980000
28.980000
28.980000
28.980000
28.980000
28.980000
31.760000
31.760000
31.760000
31.760000
31.760000
31.760000
31.760000
31.760000
31.760000
31.760000
33.849998
33.849998
33.849998
33.849998
33.849998
33.849998
33.849998
33.849998
33.849998
