0.000000
0.000000
0.000000
0.000000
0.000000
0.000000
0.000000
0.000000
0.000000
0.000000
0.000000
0.000000
0.000000
0.000000
0.000000
0.000000
0.000000
0.000000
0.000000
0.000000
0.000000
0.000000
0.000000
0.000000
0.000000
0.000000
0.000000
0.000000
0.000000
0.000000
0.000000
0.000000
0.000000
0.000000
0.000000
0.000000
0.000000
0.000000
0.000000
0.000000
0.000000
0.000000
0.128300
0.128300
0.128300
0.128300
0.128300
0.128300
0.128300
0.128300
0.128300
0.128300
0.212000
0.212000
0.212000
0.212000
0.212000
0.212000
0.212000
0.212000
0.212000
0.212000
0.295700
0.295700
0.295700
0.295700
0.295700
0.295700
0.295700
0.295700
0.295700
0.295700
0.379400
0.379400
0.379400
0.379400
0.379400
0.379400
0.379400
0.379400
0.379400
0.379400
0.379400
0.463100
0.463100
0.463100
0.463100
0.463100
0.463100
0.463100
0.463100
0.463100
0.463100
0.463100
0.463100
0.463100
0.463100
0.463100
0.463100
0.546800
0.546800
0.546800
0.546800
0.546800
0.630500
0.630500
0.630500
0.630500
0.630500
0.630500
0.714200
0.714200
0.714200
0.714200
0.714200
0.714200
0.714200
0.714200
0.797900
0.797900
0.797900
0.797900
0.797900
0.797900
0.797900
0.797900
0.797900
0.797900
0.797900
0.797900
0.797900
0.797900
0.881600
0.881600
0.881600
0.881600
0.881600
0.881600
0.881600
0.881600
0.881600
0.965300
0.965300
0.965300
0.965300
0.965300
0.965300
0.965300
1.049000
1.049000
1.049000
1.049000
1.049000
1.049000
1.049000
1.049000
1.049000
1.049000
1.049000
1.049000
1.049000
1.049000
1.049000
1.049000
1.049000
1.049000
1.049000
1.133000
1.133000
1.133000
1.133000
1.133000
1.216000
1.216000
1.216000
1.216000
1.216000
1.216000
1.216000
1.216000
1.216000
1.216000
1.216000
1.216000
1.300000
1.300000
1.300000
1.300000
1.300000
1.300000
1.300000
1.300000
1.300000
1.300000
1.300000
1.384000
1.384000
1.384000
1.384000
1.384000
1.384000
1.384000
1.384000
1.384000
1.384000
1.468000
1.468000
1.468000
1.468000
1.468000
1.468000
1.468000
1.468000
1.468000
1.468000
1.468000
1.468000
1.468000
1.468000
1.551000
1.551000
1.551000
1.551000
1.551000
1.551000
1.551000
1.635000
1.635000
1.635000
1.635000
1.635000
1.635000
1.635000
1.635000
1.719000
1.719000
1.719000
1.719000
1.719000
1.719000
1.719000
1.719000
1.719000
1.719000
1.802000
1.802000
1.802000
1.802000
1.802000
1.802000
1.802000
1.802000
1.802000
1.802000
1.886000
1.886000
1.886000
1.886000
1.886000
1.886000
1.886000
1.886000
1.886000
1.886000
1.886000
1.886000
1.886000
1.886000
1.886000
1.886000
1.886000
1.886000
1.970000
1.970000
1.970000
1.970000
1.970000
2.053000
2.053000
2.053000
2.053000
2.053000
2.053000
2.053000
2.053000
2.053000
2.053000
2.053000
2.053000
2.053000
2.137000
2.137000
2.137000
2.137000
2.137000
2.137000
2.137000
2.137000
2.137000
2.137000
2.137000
2.221000
2.221000
2.221000
2.221000
2.221000
2.221000
2.221000
2.221000
2.221000
2.221000
2.221000
2.221000
2.305000
2.305000
2.305000
2.305000
2.305000
2.305000
2.305000
2.388000
2.388000
2.388000
2.388000
2.388000
2.388000
2.388000
2.388000
2.388000
2.388000
2.388000
2.472000
2.472000
2.472000
2.472000
2.472000
2.472000
2.472000
2.472000
2.556000
2.556000
2.556000
2.556000
2.556000
2.556000
2.639000
2.639000
2.639000
2.639000
2.639000
2.639000
2.639000
2.639000
2.639000
2.639000
2.639000
2.639000
2.723000
2.723000
2.723000
2.723000
2.723000
2.723000
2.723000
2.723000
2.807000
2.807000
2.807000
2.807000
2.807000
2.807000
2.807000
2.807000
2.807000
2.807000
2.890000
2.890000
2.890000
2.890000
2.890000
2.890000
2.890000
2.890000
2.890000
2.890000
2.890000
2.890000
2.890000
2.974000
2.974000
2.974000
2.974000
2.974000
2.974000
2.974000
2.974000
2.974000
3.058000
3.058000
3.058000
3.058000
3.142000
3.142000
3.142000
3.142000
3.142000
3.142000
3.142000
3.142000
3.142000
3.142000
3.142000
3.142000
3.142000
3.225000
3.225000
3.225000
3.225000
3.225000
3.225000
3.225000
3.225000
3.225000
3.225000
3.309000
3.309000
3.309000
3.309000
3.309000
3.309000
3.309000
3.393000
3.393000
3.393000
3.393000
3.393000
3.476000
3.476000
3.476000
3.476000
3.476000
3.476000
3.476000
3.476000
3.476000
3.476000
3.560000
3.560000
3.560000
3.560000
3.560000
3.560000
3.560000
3.560000
3.560000
3.560000
3.560000
3.560000
3.560000
3.644000
3.644000
3.644000
3.644000
3.644000
3.644000
3.644000
3.644000
3.644000
3.644000
3.644000
3.644000
3.727000
3.727000
3.727000
3.727000
3.727000
3.727000
3.727000
3.727000
3.727000
3.727000
3.727000
3.811000
3.811000
3.811000
3.811000
3.811000
3.811000
3.811000
3.811000
3.895000
3.895000
3.895000
3.895000
3.895000
3.895000
3.895000
3.895000
3.895000
3.895000
4.257000
4.257000
4.257000
4.257000
4.257000
4.257000
4.257000
4.257000
4.257000
4.257000
4.257000
4.257000
4.619000
4.619000
4.619000
4.619000
4.619000
4.619000
4.619000
4.619000
4.619000
4.619000
4.619000
4.619000
4.982000
4.982000
4.982000
4.982000
4.982000
4.982000
4.982000
4.982000
4.982000
4.982000
4.982000
4.982000
4.982000
4.982000
5.344000
5.344000
5.344000
5.344000
5.344000
5.344000
5.344000
5.344000
5.344000
5.706000
5.706000
5.706000
5.706000
5.706000
5.706000
5.706000
5.706000
5.706000
5.706000
6.069000
6.069000
6.069000
6.069000
6.069000
6.069000
6.069000
6.069000
6.069000
6.431000
6.431000
6.431000
6.431000
6.431000
6.431000
6.431000
6.431000
6.793000
6.793000
6.793000
6.793000
6.793000
6.793000
6.793000
6.793000
7.156000
7.156000
7.156000
7.156000
7.156000
7.156000
7.156000
7.156000
7.156000
7.156000
7.156000
7.518000
7.518000
7.518000
7.518000
7.518000
7.518000
7.880000
7.880000
7.880000
7.880000
7.880000
7.880000
7.880000
8.243000
8.243000
8.243000
8.243000
8.243000
8.243000
8.243000
8.243000
8.243000
8.243000
8.605000
8.605000
8.605000
8.605000
8.605000
8.605000
8.605000
8.605000
8.605000
8.605000
8.967000
8.967000
8.967000
8.967000
8.967000
8.967000
8.967000
8.967000
8.967000
8.967000
8.967000
8.967000
8.967000
8.967000
8.967000
8.967000
8.967000
8.967000
9.330000
9.330000
9.330000
9.330000
9.330000
9.330000
9.330000
9.330000
9.692000
9.692000
9.692000
9.692000
9.692000
9.692000
9.692000
9.692000
9.692000
9.692000
9.692000
9.692000
9.692000
9.692000
9.692000
9.692000
10.050000
10.050000
10.050000
10.050000
10.050000
10.050000
10.050000
10.050000
10.420000
10.420000
10.420000
10.420000
10.420000
10.420000
10.420000
10.420000
10.420000
10.420000
10.420000
10.780000
10.780000
10.780000
10.780000
10.780000
10.780000
10.780000
10.780000
10.780000
10.780000
11.140000
11.140000
11.140000
11.140000
11.140000
11.140000
11.140000
11.500000
11.500000
11.500000
11.500000
11.500000
11.500000
11.500000
11.500000
11.870000
11.870000
11.870000
11.870000
11.870000
11.870000
11.870000
11.870000
11.870000
11.870000
11.870000
11.870000
11.870000
12.230000
12.230000
12.230000
12.230000
12.590000
12.590000
12.590000
12.590000
12.590000
12.590000
12.590000
12.590000
12.950000
12.950000
12.950000
12.950000
12.950000
12.950000
13.320000
13.320000
13.320000
13.320000
13.320000
13.320000
13.320000
13.320000
13.320000
13.320000
13.320000
13.320000
13.320000
13.320000
13.680000
13.680000
13.680000
13.680000
14.040000
14.040000
14.040000
14.040000
14.040000
14.040000
14.040000
14.040000
14.040000
14.400000
14.400000
14.400000
14.400000
14.400000
14.400000
14.400000
14.400000
14.400000
14.400000
14.400000
14.400000
14.400000
14.400000
14.760000
14.760000
14.760000
14.760000
14.760000
14.760000
14.760000
14.760000
14.760000
14.760000
14.760000
14.760000
14.760000
14.760000
14.760000
14.760000
14.760000
14.760000
15.130000
15.130000
15.130000
15.130000
15.130000
15.130000
15.130000
15.130000
15.130000
15.490000
15.490000
15.490000
15.490000
15.490000
15.490000
15.490000
15.490000
15.490000
15.490000
15.490000
15.850000
15.850000
15.850000
15.850000
15.850000
15.850000
15.850000
15.850000
15.850000
15.850000
15.850000
16.209999
16.209999
16.209999
16.209999
16.209999
16.209999
16.209999
16.580000
16.580000
16.580000
16.580000
16.580000
16.580000
16.580000
16.580000
16.580000
16.580000
16.580000
16.940001
16.940001
16.940001
16.940001
16.940001
16.940001
16.940001
16.940001
16.940001
17.299999
17.299999
17.299999
17.299999
17.299999
17.299999
17.299999
17.299999
17.660000
17.660000
17.660000
17.660000
17.660000
17.660000
17.660000
17.660000
17.660000
17.660000
17.660000
18.030001
18.030001
18.030001
18.030001
18.030001
18.030001
18.030001
18.030001
18.030001
18.389999
18.389999
18.389999
18.389999
18.389999
18.389999
18.389999
18.389999
18.389999
18.389999
18.389999
18.389999
18.389999
18.750000
18.750000
18.750000
18.750000
19.110001
19.110001
19.110001
19.110001
19.110001
19.110001
19.110001
19.110001
19.469999
19.469999
19.469999
19.469999
19.469999
19.469999
19.469999
19.469999
19.469999
19.469999
19.840000
19.840000
19.840000
19.840000
19.840000
19.840000
19.840000
19.840000
19.840000
19.840000
19.840000
19.840000
19.840000
19.840000
20.200001
20.200001
20.200001
20.200001
20.200001
20.200001
20.200001
25.709999
25.709999
25.709999
25.709999
25.709999
25.709999
25.709999
25.709999
25.709999
25.709999
25.709999
25.709999
25.709999
31.209999
31.209999
31.209999
31.209999
31.209999
31.209999
31.209999
31.209999
31.209999
31.209999
36.720001
36.720001
36.720001
36.720001
36.720001
36.720001
36.720001
36.720001
36.720001
42.230000
42.230000
42.230000
42.230000
42.230000
42.230000
42.230000
42.230000
42.230000
42.230000
42.230000
46.360001
46.360001
46.360001
46.360001
46.360001
46.360001
46.360001
46.360001
46.360001
46.360001
46.360001
46.360001
46.360001
