0.000000
0.000000
0.000000
0.000000
0.000000
0.000000
0.000000
0.000000
0.000000
0.000000
0.000000
0.000000
0.000000
0.000000
0.000000
0.000000
0.000000
0.000000
0.000000
0.000000
0.000000
0.000000
0.000000
0.000000
0.000000
0.000000
0.000000
0.000000
0.000000
0.000000
0.000000
0.000000
0.000000
0.000000
0.000000
0.000000
0.000000
0.000000
0.000000
0.000000
0.000000
0.000000
0.000000
0.000000
0.000000
0.000000
0.000000
0.000000
0.000000
0.000000
0.000000
0.000000
0.000000
0.000000
1.238000
1.238000
1.238000
1.238000
1.238000
1.238000
1.238000
1.238000
1.238000
1.238000
1.403000
1.403000
1.403000
1.403000
1.403000
1.403000
1.403000
1.403000
1.403000
1.403000
1.568000
1.568000
1.568000
1.568000
1.568000
1.568000
1.568000
1.733000
1.733000
1.733000
1.733000
1.733000
1.733000
1.898000
1.898000
1.898000
1.898000
2.063000
2.063000
2.063000
2.063000
2.063000
2.063000
2.063000
2.063000
2.063000
2.228000
2.228000
2.228000
2.228000
2.228000
2.228000
2.228000
2.228000
2.393000
2.393000
2.393000
2.393000
2.393000
2.393000
2.393000
2.393000
2.393000
2.559000
2.559000
2.559000
2.559000
2.559000
2.559000
2.559000
2.559000
2.559000
2.559000
2.724000
2.724000
2.724000
2.724000
2.724000
2.724000
2.724000
2.724000
2.889000
2.889000
2.889000
2.889000
2.889000
3.054000
3.054000
3.054000
3.054000
3.054000
3.054000
3.054000
3.054000
3.054000
3.054000
3.054000
3.054000
3.054000
3.054000
3.219000
3.219000
3.219000
3.219000
3.219000
3.219000
3.219000
3.219000
3.219000
3.219000
3.219000
3.219000
3.384000
3.384000
3.384000
3.384000
3.384000
3.384000
3.384000
3.384000
3.384000
3.384000
3.384000
3.384000
3.384000
3.549000
3.549000
3.549000
3.549000
3.549000
3.549000
3.549000
3.549000
3.549000
3.549000
3.549000
3.549000
3.549000
3.549000
3.715000
3.715000
3.715000
3.715000
3.715000
3.715000
3.715000
3.715000
3.715000
3.880000
3.880000
3.880000
3.880000
3.880000
3.880000
3.880000
3.880000
4.045000
4.045000
4.045000
4.045000
4.045000
4.045000
4.210000
4.210000
4.210000
4.210000
4.210000
4.210000
4.210000
4.210000
4.210000
4.375000
4.375000
4.375000
4.375000
4.375000
4.375000
4.375000
4.375000
4.375000
4.375000
4.375000
4.375000
4.540000
4.540000
4.540000
4.540000
4.540000
4.705000
4.705000
4.705000
4.705000
4.705000
4.705000
4.705000
4.705000
4.705000
4.705000
4.705000
4.705000
4.705000
4.705000
4.705000
4.870000
4.870000
4.870000
4.870000
4.870000
4.870000
5.036000
5.036000
5.036000
5.036000
5.036000
5.036000
5.036000
5.036000
5.036000
5.036000
5.036000
5.036000
5.201000
5.201000
5.201000
5.201000
5.201000
5.201000
5.201000
5.201000
5.201000
5.201000
5.201000
5.366000
5.366000
5.366000
5.366000
5.366000
5.531000
5.531000
5.531000
5.531000
5.531000
5.531000
5.531000
5.531000
5.531000
5.531000
5.531000
5.531000
5.696000
5.696000
5.696000
5.696000
5.696000
5.696000
5.696000
5.696000
5.696000
5.696000
5.696000
5.696000
5.696000
5.696000
5.861000
5.861000
5.861000
5.861000
5.861000
5.861000
5.861000
5.861000
6.026000
6.026000
6.026000
6.026000
6.026000
6.026000
6.026000
6.026000
6.026000
6.026000
6.026000
6.026000
6.026000
6.026000
6.192000
6.192000
6.192000
6.192000
6.192000
6.192000
6.192000
6.357000
6.357000
6.357000
6.357000
6.357000
6.357000
6.357000
6.522000
6.522000
6.522000
6.522000
6.522000
6.522000
6.522000
6.522000
6.522000
6.522000
6.522000
6.522000
6.522000
6.522000
6.687000
6.687000
6.687000
6.687000
6.687000
6.687000
6.687000
6.687000
6.687000
6.687000
6.687000
6.687000
6.687000
6.687000
6.687000
6.852000
6.852000
6.852000
6.852000
6.852000
6.852000
6.852000
6.852000
6.852000
6.852000
7.017000
7.017000
7.017000
7.017000
7.017000
7.017000
7.017000
7.017000
7.017000
7.017000
7.182000
7.182000
7.182000
7.182000
7.182000
7.182000
7.182000
7.182000
7.182000
7.182000
7.182000
7.182000
7.182000
7.182000
7.182000
7.182000
7.182000
7.347000
7.347000
7.347000
7.347000
7.347000
7.347000
7.347000
7.347000
7.513000
7.513000
7.513000
7.513000
7.513000
7.513000
7.513000
7.513000
7.678000
7.678000
7.678000
7.843000
7.843000
7.843000
7.843000
7.843000
7.843000
7.843000
7.843000
7.843000
7.843000
7.843000
7.843000
7.843000
7.843000
7.843000
7.843000
7.843000
7.843000
8.008000
8.008000
8.008000
8.008000
8.008000
8.008000
8.008000
8.008000
8.008000
8.173000
8.173000
8.173000
8.173000
8.173000
8.173000
8.173000
8.173000
8.173000
8.173000
8.173000
8.338000
8.338000
8.338000
8.338000
8.338000
8.338000
8.338000
8.338000
8.338000
8.338000
8.338000
8.338000
8.338000
8.503000
8.503000
8.503000
8.503000
8.503000
8.503000
8.503000
8.503000
8.503000
8.669000
8.669000
8.669000
8.669000
8.669000
8.669000
8.669000
8.669000
8.669000
9.544000
9.544000
9.544000
9.544000
9.544000
9.544000
9.544000
9.544000
9.544000
10.420000
10.420000
10.420000
10.420000
10.420000
10.420000
10.420000
10.420000
10.420000
10.420000
10.420000
10.420000
11.300000
11.300000
11.300000
11.300000
11.300000
11.300000
11.300000
11.300000
11.300000
11.300000
11.300000
11.300000
12.170000
12.170000
12.170000
12.170000
12.170000
12.170000
12.170000
12.170000
12.170000
12.170000
12.170000
12.170000
12.170000
13.050000
13.050000
13.050000
13.050000
13.050000
13.050000
13.050000
13.050000
13.050000
13.050000
13.050000
13.920000
13.920000
13.920000
13.920000
13.920000
13.920000
13.920000
14.800000
14.800000
14.800000
14.800000
14.800000
14.800000
14.800000
14.800000
15.670000
15.670000
15.670000
15.670000
15.670000
15.670000
15.670000
15.670000
15.670000
16.549999
16.549999
16.549999
16.549999
16.549999
16.549999
16.549999
16.549999
16.549999
16.549999
17.420000
17.420000
17.420000
17.420000
17.420000
17.420000
17.420000
17.420000
17.420000
17.420000
17.420000
17.420000
17.420000
18.299999
18.299999
18.299999
18.299999
18.299999
18.299999
18.299999
18.299999
18.299999
18.299999
18.299999
18.299999
18.299999
18.299999
18.299999
18.299999
18.299999
19.180000
19.180000
19.180000
19.180000
19.180000
19.180000
19.180000
19.180000
19.180000
19.180000
19.180000
19.180000
20.049999
20.049999
20.049999
20.049999
20.049999
20.049999
20.049999
20.049999
20.049999
20.049999
20.049999
20.930000
20.930000
20.930000
20.930000
20.930000
20.930000
20.930000
20.930000
20.930000
21.799999
21.799999
21.799999
21.799999
21.799999
21.799999
21.799999
21.799999
21.799999
21.799999
21.799999
21.799999
21.799999
21.799999
21.799999
21.799999
22.680000
22.680000
22.680000
22.680000
22.680000
22.680000
22.680000
22.680000
23.549999
23.549999
23.549999
23.549999
23.549999
23.549999
23.549999
24.430000
24.430000
24.430000
24.430000
24.430000
24.430000
24.430000
25.299999
25.299999
25.299999
25.299999
25.299999
25.299999
25.299999
26.180000
26.180000
26.180000
26.180000
26.180000
26.180000
26.180000
27.059999
27.059999
27.059999
27.059999
27.059999
27.059999
27.930000
27.930000
27.930000
27.930000
28.809999
28.809999
28.809999
28.809999
28.809999
28.809999
28.809999
28.809999
28.809999
29.680000
29.680000
29.680000
29.680000
29.680000
29.680000
29.680000
29.680000
30.559999
30.559999
30.559999
30.559999
30.559999
30.559999
30.559999
30.559999
30.559999
30.559999
30.559999
31.430000
31.430000
31.430000
31.430000
31.430000
31.430000
31.430000
31.430000
31.430000
31.430000
31.430000
31.430000
31.430000
32.310001
32.310001
32.310001
32.310001
32.310001
32.310001
32.310001
32.310001
32.310001
32.310001
32.310001
32.310001
33.180000
33.180000
33.180000
33.180000
33.180000
33.180000
33.180000
33.180000
33.180000
33.180000
34.060001
34.060001
34.060001
34.060001
34.060001
34.060001
34.060001
34.060001
34.060001
34.060001
34.060001
34.060001
34.060001
34.060001
34.060001
34.060001
34.060001
34.060001
34.060001
34.060001
34.060001
34.939999
34.939999
34.939999
34.939999
34.939999
34.939999
34.939999
34.939999
34.939999
34.939999
34.939999
35.810001
35.810001
35.810001
35.810001
35.810001
35.810001
35.810001
35.810001
35.810001
35.810001
36.689999
36.689999
36.689999
36.689999
36.689999
36.689999
36.689999
36.689999
36.689999
36.689999
36.689999
36.689999
36.689999
36.689999
36.689999
37.560001
37.560001
37.560001
37.560001
37.560001
37.560001
37.560001
37.560001
38.439999
38.439999
38.439999
38.439999
38.439999
38.439999
38.439999
39.310001
39.310001
39.310001
39.310001
39.310001
39.310001
39.310001
39.310001
40.189999
40.189999
40.189999
40.189999
40.189999
41.070000
41.070000
41.070000
41.070000
41.070000
41.070000
41.939999
41.939999
41.939999
41.939999
41.939999
41.939999
41.939999
41.939999
41.939999
41.939999
41.939999
42.820000
42.820000
42.820000
42.820000
42.820000
42.820000
42.820000
42.820000
42.820000
43.689999
43.689999
43.689999
43.689999
43.689999
43.689999
43.689999
44.570000
44.570000
44.570000
44.570000
44.570000
44.570000
44.570000
44.570000
44.570000
44.570000
45.439999
45.439999
45.439999
45.439999
45.439999
45.439999
45.439999
45.439999
45.439999
45.439999
45.439999
46.320000
46.320000
46.320000
46.320000
46.320000
46.320000
46.320000
47.189999
47.189999
47.189999
47.189999
47.189999
47.189999
47.189999
47.189999
47.189999
47.189999
48.070000
48.070000
48.070000
48.070000
48.070000
48.070000
48.070000
48.070000
48.070000
59.000000
59.000000
59.000000
59.000000
59.000000
59.000000
59.000000
59.000000
59.000000
69.940002
69.940002
69.940002
69.940002
69.940002
69.940002
69.940002
69.940002
69.940002
69.940002
69.940002
80.870003
80.870003
80.870003
80.870003
80.870003
80.870003
80.870003
80.870003
80.870003
80.870003
91.800003
91.800003
91.800003
91.800003
91.800003
91.800003
91.800003
91.800003
91.800003
91.800003
91.800003
91.800003
100.000000
100.000000
100.000000
100.000000
100.000000
100.000000
100.000000
100.000000
