0.000000
0.000000
0.000000
0.000000
0.000000
0.000000
0.000000
0.000000
0.000000
0.000000
0.000000
0.000000
0.000000
0.000000
0.000000
0.000000
0.000000
0.000000
0.000000
0.000000
0.000000
0.000000
0.000000
0.000000
0.000000
0.000000
0.000000
0.000000
0.000000
0.000000
0.000000
0.000000
0.000000
0.000000
0.000000
0.000000
0.000000
0.000000
0.000000
0.000000
0.000000
0.000000
0.004846
0.004846
0.004846
0.004846
0.004846
0.004846
0.004846
0.004846
0.026620
0.026620
0.026620
0.026620
0.026620
0.026620
0.026620
0.026620
0.026620
0.026620
0.048390
0.048390
0.048390
0.048390
0.048390
0.048390
0.048390
0.048390
0.048390
0.070150
0.070150
0.070150
0.070150
0.070150
0.070150
0.070150
0.070150
0.091920
0.091920
0.091920
0.091920
0.091920
0.091920
0.091920
0.091920
0.091920
0.091920
0.091920
0.091920
0.091920
0.091920
0.113700
0.113700
0.113700
0.113700
0.113700
0.113700
0.113700
0.113700
0.113700
0.135500
0.135500
0.135500
0.135500
0.135500
0.135500
0.135500
0.135500
0.135500
0.135500
0.135500
0.135500
0.135500
0.135500
0.135500
0.135500
0.135500
0.157200
0.157200
0.157200
0.157200
0.157200
0.157200
0.157200
0.179000
0.179000
0.179000
0.179000
0.179000
0.179000
0.179000
0.200800
0.200800
0.200800
0.200800
0.200800
0.200800
0.200800
0.200800
0.200800
0.200800
0.222500
0.222500
0.222500
0.222500
0.222500
0.222500
0.222500
0.222500
0.244300
0.244300
0.244300
0.244300
0.244300
0.266100
0.266100
0.266100
0.266100
0.266100
0.287900
0.287900
0.287900
0.287900
0.287900
0.287900
0.287900
0.287900
0.287900
0.287900
0.287900
0.287900
0.309600
0.309600
0.309600
0.309600
0.309600
0.309600
0.309600
0.309600
0.309600
0.309600
0.331400
0.331400
0.331400
0.331400
0.353200
0.353200
0.353200
0.353200
0.353200
0.353200
0.353200
0.353200
0.353200
0.374900
0.374900
0.374900
0.374900
0.374900
0.374900
0.374900
0.374900
0.396700
0.396700
0.396700
0.396700
0.396700
0.418500
0.418500
0.418500
0.418500
0.418500
0.418500
0.418500
0.418500
0.418500
0.418500
0.440200
0.440200
0.440200
0.440200
0.440200
0.440200
0.440200
0.440200
0.440200
0.440200
0.440200
0.462000
0.462000
0.462000
0.462000
0.462000
0.462000
0.462000
0.462000
0.462000
0.462000
0.462000
0.483800
0.483800
0.483800
0.483800
0.483800
0.483800
0.483800
0.483800
0.505500
0.505500
0.505500
0.505500
0.505500
0.505500
0.505500
0.505500
0.505500
0.527300
0.527300
0.527300
0.527300
0.527300
0.527300
0.527300
0.527300
0.527300
0.527300
0.527300
0.549100
0.549100
0.549100
0.549100
0.549100
0.549100
0.570900
0.570900
0.570900
0.570900
0.570900
0.570900
0.570900
0.570900
0.570900
0.570900
0.592600
0.592600
0.592600
0.592600
0.592600
0.592600
0.592600
0.592600
0.592600
0.592600
0.592600
0.614400
0.614400
0.614400
0.614400
0.614400
0.614400
0.614400
0.614400
0.614400
0.614400
0.614400
0.636200
0.636200
0.636200
0.636200
0.636200
0.636200
0.636200
0.636200
0.636200
0.636200
0.636200
0.636200
0.657900
0.657900
0.679700
0.679700
0.679700
0.679700
0.679700
0.679700
0.679700
0.701500
0.701500
0.701500
0.701500
0.701500
0.701500
0.701500
0.701500
0.701500
0.701500
0.701500
0.701500
0.723200
0.723200
0.723200
0.723200
0.723200
0.723200
0.723200
0.723200
0.745000
0.745000
0.745000
0.745000
0.745000
0.745000
0.745000
0.745000
0.745000
0.745000
0.745000
0.745000
0.766800
0.766800
0.766800
0.766800
0.766800
0.766800
0.766800
0.766800
0.766800
0.766800
0.766800
0.766800
0.788600
0.788600
0.788600
0.788600
0.788600
0.788600
0.788600
0.788600
0.788600
0.788600
0.788600
0.788600
0.788600
0.788600
0.810300
0.810300
0.810300
0.810300
0.810300
0.810300
0.810300
0.810300
0.810300
0.810300
0.810300
0.832100
0.832100
0.832100
0.832100
0.832100
0.832100
0.832100
0.832100
0.832100
0.832100
0.832100
0.853900
0.853900
0.853900
0.853900
0.853900
0.853900
0.853900
0.853900
0.853900
0.853900
0.853900
0.853900
0.875600
0.875600
0.875600
0.875600
0.875600
0.875600
0.875600
0.875600
0.875600
0.897400
0.897400
0.897400
0.897400
0.897400
0.897400
0.897400
0.897400
0.897400
0.897400
0.897400
0.897400
0.897400
0.897400
0.919200
0.919200
0.919200
0.919200
0.919200
0.919200
0.919200
0.940900
0.940900
0.940900
0.940900
0.940900
0.940900
0.940900
0.940900
0.940900
0.940900
0.940900
0.940900
0.940900
0.962700
0.962700
0.962700
0.962700
0.962700
0.962700
0.962700
0.962700
0.962700
0.962700
0.962700
0.984500
0.984500
0.984500
0.984500
0.984500
0.984500
0.984500
0.984500
0.984500
0.984500
0.984500
1.317000
1.317000
1.317000
1.317000
1.317000
1.317000
1.317000
1.317000
1.317000
1.317000
1.317000
1.317000
1.650000
1.650000
1.650000
1.650000
1.650000
1.650000
1.650000
1.983000
1.983000
1.983000
1.983000
1.983000
1.983000
1.983000
2.316000
2.316000
2.316000
2.316000
2.316000
2.316000
2.316000
2.316000
2.316000
2.316000
2.316000
2.316000
2.316000
2.649000
2.649000
2.649000
2.649000
2.649000
2.649000
2.649000
2.649000
2.982000
2.982000
2.982000
2.982000
2.982000
2.982000
2.982000
2.982000
2.982000
2.982000
2.982000
2.982000
3.315000
3.315000
3.315000
3.315000
3.315000
3.315000
3.315000
3.648000
3.648000
3.648000
3.648000
3.648000
3.648000
3.648000
3.648000
3.648000
3.648000
3.648000
3.648000
3.981000
3.981000
3.981000
3.981000
3.981000
3.981000
3.981000
3.981000
4.314000
4.314000
4.314000
4.314000
4.314000
4.314000
4.314000
4.314000
4.314000
4.314000
4.314000
4.646000
4.646000
4.646000
4.646000
4.646000
4.646000
4.646000
4.646000
4.646000
4.646000
4.646000
4.979000
4.979000
4.979000
4.979000
4.979000
4.979000
4.979000
4.979000
4.979000
4.979000
4.979000
4.979000
5.312000
5.312000
5.312000
5.312000
5.312000
5.312000
5.312000
5.312000
5.312000
5.312000
5.312000
5.312000
5.312000
5.312000
5.312000
5.312000
5.312000
5.645000
5.645000
5.645000
5.645000
5.645000
5.978000
5.978000
5.978000
5.978000
5.978000
5.978000
5.978000
5.978000
5.978000
5.978000
5.978000
6.311000
6.311000
6.311000
6.311000
6.311000
6.311000
6.311000
6.311000
6.311000
6.311000
6.311000
6.311000
6.311000
6.311000
6.311000
6.311000
6.311000
6.644000
6.644000
6.644000
6.644000
6.644000
6.644000
6.644000
6.644000
6.644000
6.644000
6.644000
6.644000
6.644000
6.977000
6.977000
6.977000
6.977000
6.977000
6.977000
6.977000
6.977000
6.977000
6.977000
6.977000
6.977000
6.977000
6.977000
7.310000
7.310000
7.310000
7.310000
7.310000
7.310000
7.310000
7.310000
7.643000
7.643000
7.643000
7.643000
7.643000
7.643000
7.643000
7.643000
7.643000
7.643000
7.643000
7.976000
7.976000
7.976000
7.976000
7.976000
7.976000
7.976000
7.976000
7.976000
7.976000
8.308000
8.308000
8.308000
8.308000
8.308000
8.308000
8.308000
8.308000
8.641000
8.641000
8.641000
8.641000
8.641000
8.641000
8.974000
8.974000
8.974000
8.974000
8.974000
8.974000
8.974000
8.974000
8.974000
8.974000
8.974000
9.307000
9.307000
9.307000
9.307000
9.307000
9.307000
9.307000
9.307000
9.307000
9.640000
9.640000
9.640000
9.640000
9.640000
9.640000
9.640000
9.640000
9.640000
9.640000
9.973000
9.973000
9.973000
9.973000
9.973000
9.973000
9.973000
9.973000
9.973000
9.973000
9.973000
10.310000
10.310000
10.310000
10.310000
10.310000
10.310000
10.310000
10.310000
10.310000
10.310000
10.640000
10.640000
10.640000
10.640000
10.640000
10.640000
10.640000
10.640000
10.970000
10.970000
10.970000
10.970000
10.970000
10.970000
10.970000
10.970000
10.970000
10.970000
10.970000
10.970000
11.300000
11.300000
11.300000
11.300000
11.300000
11.300000
11.300000
11.300000
11.300000
11.300000
11.640000
11.640000
11.640000
11.640000
11.640000
11.640000
11.640000
11.640000
11.640000
11.640000
11.640000
11.640000
11.640000
11.640000
11.640000
11.640000
11.970000
11.970000
11.970000
11.970000
11.970000
11.970000
11.970000
11.970000
11.970000
11.970000
11.970000
11.970000
12.300000
12.300000
12.300000
12.300000
12.300000
12.300000
12.300000
12.640000
12.640000
12.640000
12.640000
12.970000
12.970000
12.970000
12.970000
13.300000
13.300000
13.300000
13.300000
13.300000
13.300000
13.300000
13.300000
13.300000
13.300000
13.300000
13.300000
13.640000
13.640000
13.640000
13.640000
13.640000
13.640000
13.640000
13.640000
13.640000
13.640000
13.640000
13.640000
13.640000
13.640000
13.970000
13.970000
13.970000
13.970000
13.970000
13.970000
13.970000
13.970000
13.970000
13.970000
13.970000
14.300000
14.300000
14.300000
14.300000
14.300000
14.300000
14.300000
14.300000
14.300000
14.300000
14.300000
14.300000
14.300000
14.630000
14.630000
14.630000
14.630000
14.630000
14.630000
14.630000
14.630000
14.630000
14.970000
14.970000
14.970000
14.970000
14.970000
14.970000
15.300000
15.300000
15.300000
15.300000
15.300000
15.300000
15.300000
15.630000
15.630000
15.630000
15.630000
15.630000
15.630000
15.630000
15.630000
15.970000
15.970000
15.970000
15.970000
15.970000
15.970000
15.970000
15.970000
15.970000
15.970000
15.970000
15.970000
15.970000
15.970000
15.970000
15.970000
15.970000
15.970000
15.970000
15.970000
15.970000
15.970000
15.970000
26.500000
26.500000
26.500000
26.500000
26.500000
26.500000
26.500000
26.500000
26.500000
37.029999
37.029999
37.029999
37.029999
37.029999
37.029999
37.029999
37.029999
37.029999
37.029999
37.029999
47.570000
47.570000
47.570000
47.570000
47.570000
47.570000
47.570000
47.570000
47.570000
58.099998
58.099998
58.099998
58.099998
58.099998
58.099998
58.099998
58.099998
58.099998
58.099998
66.000000
66.000000
66.000000
66.000000
66.000000
66.000000
66.000000
66.000000
66.000000
66.000000
66.000000
