0.000000
0.000000
0.000000
0.000000
0.000000
0.000000
0.000000
0.000000
0.000000
0.000000
0.000000
0.000000
0.000000
0.000000
0.000000
0.000000
0.000000
0.000000
0.000000
0.000000
0.000000
0.000000
0.000000
0.000000
0.000000
0.000000
0.000000
0.000000
0.000000
0.000000
0.000000
0.000000
0.000000
0.000000
0.000000
0.000000
0.000000
0.000000
0.000000
0.282000
0.282000
0.282000
0.282000
0.282000
0.282000
0.282000
0.282000
0.282000
0.282000
0.282000
0.282000
0.448800
0.448800
0.448800
0.448800
0.448800
0.448800
0.448800
0.615700
0.615700
0.615700
0.615700
0.615700
0.615700
0.615700
0.615700
0.615700
0.615700
0.615700
0.615700
0.615700
0.782600
0.782600
0.782600
0.782600
0.782600
0.782600
0.782600
0.782600
0.782600
0.782600
0.782600
0.949400
0.949400
0.949400
0.949400
0.949400
0.949400
0.949400
0.949400
1.116000
1.116000
1.116000
1.116000
1.116000
1.116000
1.116000
1.116000
1.116000
1.116000
1.116000
1.116000
1.116000
1.116000
1.116000
1.116000
1.116000
1.116000
1.116000
1.116000
1.283000
1.283000
1.283000
1.283000
1.283000
1.283000
1.283000
1.283000
1.283000
1.283000
1.450000
1.450000
1.450000
1.450000
1.450000
1.450000
1.450000
1.450000
1.617000
1.617000
1.784000
1.784000
1.784000
1.784000
1.784000
1.784000
1.784000
1.784000
1.784000
1.784000
1.784000
1.784000
1.951000
1.951000
1.951000
1.951000
1.951000
1.951000
1.951000
1.951000
1.951000
1.951000
2.117000
2.117000
2.117000
2.117000
2.117000
2.117000
2.117000
2.284000
2.284000
2.284000
2.284000
2.284000
2.284000
2.284000
2.284000
2.284000
2.284000
2.451000
2.451000
2.451000
2.451000
2.451000
2.451000
2.451000
2.451000
2.451000
2.451000
2.451000
2.451000
2.451000
2.451000
2.618000
2.618000
2.618000
2.618000
2.618000
2.618000
2.618000
2.618000
2.618000
2.618000
2.785000
2.785000
2.785000
2.785000
2.785000
2.785000
2.952000
2.952000
2.952000
2.952000
2.952000
2.952000
2.952000
2.952000
2.952000
2.952000
2.952000
2.952000
2.952000
2.952000
2.952000
2.952000
3.119000
3.119000
3.119000
3.119000
3.119000
3.119000
3.119000
3.119000
3.119000
3.119000
3.285000
3.285000
3.285000
3.285000
3.285000
3.285000
3.285000
3.285000
3.285000
3.285000
3.452000
3.452000
3.452000
3.452000
3.452000
3.452000
3.452000
3.452000
3.619000
3.619000
3.619000
3.619000
3.619000
3.619000
3.619000
3.619000
3.619000
3.619000
3.619000
3.619000
3.619000
3.619000
3.786000
3.786000
3.786000
3.786000
3.786000
3.786000
3.786000
3.786000
3.953000
3.953000
3.953000
3.953000
3.953000
3.953000
3.953000
3.953000
3.953000
3.953000
3.953000
3.953000
3.953000
3.953000
3.953000
4.120000
4.120000
4.120000
4.120000
4.120000
4.120000
4.120000
4.120000
4.120000
4.120000
4.120000
4.287000
4.287000
4.287000
4.287000
4.287000
4.287000
4.287000
4.287000
4.287000
4.287000
4.287000
4.453000
4.453000
4.453000
4.453000
4.453000
4.453000
4.453000
4.453000
4.453000
4.453000
4.453000
4.620000
4.620000
4.620000
4.620000
4.620000
4.620000
4.620000
4.620000
4.787000
4.787000
4.787000
4.787000
4.787000
4.787000
4.787000
4.787000
4.787000
4.787000
4.954000
4.954000
4.954000
4.954000
4.954000
4.954000
4.954000
4.954000
4.954000
4.954000
4.954000
4.954000
4.954000
4.954000
4.954000
5.121000
5.121000
5.121000
5.121000
5.121000
5.121000
5.121000
5.121000
5.121000
5.121000
5.121000
5.121000
5.121000
5.121000
5.288000
5.288000
5.288000
5.288000
5.288000
5.288000
5.288000
5.288000
5.288000
5.288000
5.288000
5.288000
5.455000
5.455000
5.455000
5.455000
5.455000
5.455000
5.455000
5.455000
5.455000
5.455000
5.455000
5.455000
5.455000
5.455000
5.455000
5.621000
5.621000
5.621000
5.621000
5.621000
5.621000
5.621000
5.621000
5.621000
5.788000
5.788000
5.788000
5.788000
5.788000
5.788000
5.788000
5.955000
5.955000
5.955000
5.955000
5.955000
5.955000
5.955000
5.955000
5.955000
5.955000
5.955000
5.955000
6.122000
6.122000
6.122000
6.122000
6.122000
6.122000
6.122000
6.122000
6.289000
6.289000
6.289000
6.289000
6.289000
6.289000
6.289000
6.289000
6.456000
6.456000
6.456000
6.456000
6.456000
6.456000
6.456000
6.456000
6.456000
6.456000
6.456000
6.456000
6.623000
6.623000
6.623000
6.623000
6.623000
6.623000
6.623000
6.623000
6.789000
6.789000
6.789000
6.789000
6.789000
6.789000
6.789000
6.789000
6.956000
6.956000
6.956000
6.956000
6.956000
6.956000
6.956000
6.956000
6.956000
6.956000
6.956000
7.123000
7.123000
7.123000
7.123000
7.123000
7.123000
7.123000
7.123000
7.123000
7.123000
7.123000
7.123000
7.290000
7.290000
7.290000
7.290000
7.290000
7.290000
7.290000
7.290000
7.290000
7.290000
7.290000
7.290000
7.457000
7.457000
7.457000
7.457000
7.457000
7.457000
7.457000
7.457000
7.457000
7.624000
7.624000
7.624000
7.624000
7.624000
7.624000
7.624000
7.624000
7.791000
7.791000
7.791000
7.791000
7.791000
7.791000
7.791000
7.791000
7.791000
8.642000
8.642000
8.642000
8.642000
8.642000
8.642000
8.642000
9.492000
9.492000
9.492000
9.492000
9.492000
9.492000
9.492000
9.492000
9.492000
9.492000
10.340000
10.340000
10.340000
10.340000
10.340000
10.340000
10.340000
10.340000
10.340000
10.340000
11.190000
11.190000
11.190000
11.190000
11.190000
11.190000
11.190000
12.050000
12.050000
12.050000
12.050000
12.050000
12.050000
12.050000
12.050000
12.050000
12.050000
12.050000
12.050000
12.050000
12.050000
12.050000
12.900000
12.900000
12.900000
12.900000
12.900000
12.900000
12.900000
13.750000
13.750000
13.750000
13.750000
13.750000
13.750000
13.750000
13.750000
13.750000
14.600000
14.600000
14.600000
14.600000
14.600000
14.600000
14.600000
14.600000
14.600000
14.600000
14.600000
14.600000
15.450000
15.450000
15.450000
15.450000
15.450000
15.450000
15.450000
15.450000
15.450000
15.450000
16.299999
16.299999
16.299999
16.299999
16.299999
16.299999
16.299999
16.299999
16.299999
16.299999
16.299999
16.299999
16.299999
16.299999
16.299999
16.299999
17.150000
17.150000
17.150000
17.150000
17.150000
17.150000
17.150000
17.150000
17.150000
18.000000
18.000000
18.000000
18.000000
18.000000
18.000000
18.000000
18.850000
18.850000
18.850000
18.850000
18.850000
18.850000
19.700001
19.700001
19.700001
19.700001
19.700001
19.700001
19.700001
19.700001
19.700001
19.700001
20.549999
20.549999
20.549999
20.549999
20.549999
20.549999
20.549999
20.549999
20.549999
20.549999
20.549999
20.549999
20.549999
20.549999
21.410000
21.410000
21.410000
21.410000
21.410000
21.410000
21.410000
21.410000
22.260000
22.260000
22.260000
22.260000
22.260000
22.260000
22.260000
22.260000
22.260000
22.260000
22.260000
22.260000
22.260000
22.260000
22.260000
22.260000
23.110001
23.110001
23.110001
23.110001
23.110001
23.110001
23.110001
23.959999
23.959999
23.959999
23.959999
23.959999
23.959999
23.959999
23.959999
23.959999
23.959999
24.809999
24.809999
24.809999
24.809999
24.809999
24.809999
24.809999
24.809999
24.809999
24.809999
25.660000
25.660000
25.660000
25.660000
25.660000
25.660000
25.660000
25.660000
26.510000
26.510000
26.510000
26.510000
26.510000
26.510000
26.510000
26.510000
26.510000
26.510000
27.360001
27.360001
27.360001
27.360001
27.360001
27.360001
27.360001
27.360001
27.360001
27.360001
28.209999
28.209999
28.209999
28.209999
28.209999
28.209999
28.209999
28.209999
29.059999
29.059999
29.059999
29.059999
29.059999
29.059999
29.059999
29.059999
29.059999
29.059999
29.059999
29.059999
29.059999
29.920000
29.920000
29.920000
29.920000
29.920000
29.920000
29.920000
29.920000
29.920000
29.920000
29.920000
30.770000
30.770000
30.770000
30.770000
30.770000
30.770000
30.770000
30.770000
30.770000
31.620001
31.620001
31.620001
31.620001
31.620001
31.620001
31.620001
31.620001
31.620001
31.620001
31.620001
32.470001
32.470001
32.470001
32.470001
32.470001
32.470001
32.470001
32.470001
32.470001
32.470001
32.470001
32.470001
33.320000
33.320000
33.320000
33.320000
33.320000
33.320000
33.320000
33.320000
34.169998
34.169998
34.169998
34.169998
34.169998
34.169998
34.169998
34.169998
34.169998
34.169998
34.169998
34.169998
34.169998
34.169998
34.169998
34.169998
35.020000
35.020000
35.020000
35.020000
35.020000
35.020000
35.020000
35.869999
35.869999
35.869999
35.869999
35.869999
35.869999
35.869999
35.869999
35.869999
35.869999
35.869999
35.869999
35.869999
36.720001
36.720001
36.720001
36.720001
36.720001
36.720001
36.720001
36.720001
36.720001
36.720001
37.570000
37.570000
37.570000
37.570000
37.570000
37.570000
37.570000
37.570000
37.570000
37.570000
37.570000
38.419998
38.419998
38.419998
38.419998
38.419998
38.419998
39.279999
39.279999
39.279999
39.279999
39.279999
39.279999
40.130001
40.130001
40.130001
40.130001
40.130001
40.130001
40.980000
40.980000
40.980000
40.980000
40.980000
40.980000
40.980000
40.980000
40.980000
40.980000
40.980000
41.830002
41.830002
41.830002
41.830002
41.830002
41.830002
42.680000
42.680000
42.680000
43.529999
43.529999
43.529999
43.529999
43.529999
43.529999
43.529999
43.529999
43.529999
43.529999
44.380001
44.380001
44.380001
44.380001
44.380001
44.380001
44.380001
44.380001
44.380001
44.380001
45.230000
45.230000
45.230000
45.230000
45.230000
45.230000
46.080002
46.080002
46.080002
46.080002
46.080002
46.080002
46.080002
46.080002
46.080002
54.470001
54.470001
54.470001
54.470001
54.470001
54.470001
54.470001
54.470001
54.470001
54.470001
54.470001
54.470001
54.470001
62.860001
62.860001
62.860001
62.860001
62.860001
62.860001
62.860001
71.250000
71.250000
71.250000
71.250000
71.250000
71.250000
71.250000
71.250000
71.250000
71.250000
71.250000
71.250000
71.250000
71.250000
79.639999
79.639999
79.639999
79.639999
79.639999
79.639999
79.639999
79.639999
79.639999
85.940002
85.940002
85.940002
85.940002
85.940002
85.940002
85.940002
