0.000000
0.000000
0.000000
0.000000
0.000000
0.000000
0.000000
0.000000
0.000000
0.000000
0.000000
0.000000
0.000000
0.000000
0.000000
0.000000
0.000000
0.000000
0.000000
0.000000
0.000000
0.000000
0.000000
0.000000
0.000000
0.000000
0.000000
0.000000
0.000000
0.000000
0.000000
0.000000
0.000000
0.000000
0.000000
0.000000
0.000000
0.000000
0.000000
0.000000
0.000000
0.000000
0.000000
0.000000
0.000000
0.000000
0.000000
0.000000
0.000000
0.000000
0.000000
0.000000
0.000000
0.000000
0.000000
0.000000
0.000000
0.000000
0.000000
0.000000
0.013450
0.013450
0.013450
0.013450
0.013450
0.013450
0.013450
0.013450
0.013450
0.057600
0.057600
0.057600
0.057600
0.057600
0.057600
0.057600
0.057600
0.057600
0.057600
0.057600
0.057600
0.057600
0.101800
0.101800
0.101800
0.101800
0.101800
0.101800
0.101800
0.101800
0.101800
0.101800
0.101800
0.101800
0.145900
0.145900
0.145900
0.145900
0.145900
0.145900
0.145900
0.145900
0.145900
0.145900
0.145900
0.145900
0.145900
0.145900
0.145900
0.190100
0.190100
0.190100
0.190100
0.190100
0.190100
0.190100
0.190100
0.190100
0.234200
0.234200
0.234200
0.234200
0.234200
0.278400
0.278400
0.278400
0.278400
0.278400
0.278400
0.278400
0.278400
0.278400
0.278400
0.278400
0.278400
0.322500
0.322500
0.322500
0.322500
0.322500
0.322500
0.322500
0.366700
0.366700
0.366700
0.366700
0.366700
0.366700
0.410800
0.410800
0.410800
0.410800
0.410800
0.410800
0.410800
0.410800
0.410800
0.410800
0.455000
0.455000
0.455000
0.455000
0.455000
0.455000
0.455000
0.455000
0.455000
0.499200
0.499200
0.499200
0.499200
0.499200
0.499200
0.499200
0.499200
0.543300
0.543300
0.543300
0.543300
0.543300
0.543300
0.543300
0.543300
0.543300
0.587500
0.587500
0.587500
0.587500
0.587500
0.587500
0.587500
0.587500
0.587500
0.587500
0.587500
0.587500
0.631600
0.631600
0.631600
0.631600
0.631600
0.631600
0.631600
0.631600
0.675800
0.675800
0.675800
0.675800
0.675800
0.675800
0.675800
0.675800
0.675800
0.675800
0.719900
0.719900
0.719900
0.719900
0.719900
0.719900
0.719900
0.719900
0.719900
0.719900
0.764100
0.764100
0.764100
0.764100
0.764100
0.764100
0.764100
0.764100
0.808200
0.808200
0.808200
0.808200
0.808200
0.808200
0.808200
0.808200
0.808200
0.852400
0.852400
0.852400
0.852400
0.852400
0.852400
0.852400
0.852400
0.852400
0.852400
0.896600
0.896600
0.896600
0.896600
0.896600
0.896600
0.896600
0.896600
0.896600
0.896600
0.940700
0.940700
0.940700
0.940700
0.940700
0.940700
0.940700
0.940700
0.940700
0.940700
0.940700
0.940700
0.940700
0.984900
0.984900
0.984900
0.984900
0.984900
0.984900
0.984900
0.984900
1.029000
1.029000
1.029000
1.029000
1.029000
1.029000
1.029000
1.029000
1.029000
1.029000
1.029000
1.029000
1.029000
1.029000
1.029000
1.029000
1.029000
1.029000
1.029000
1.073000
1.073000
1.073000
1.073000
1.073000
1.073000
1.073000
1.073000
1.073000
1.117000
1.117000
1.117000
1.117000
1.117000
1.117000
1.117000
1.117000
1.117000
1.117000
1.161000
1.161000
1.161000
1.161000
1.161000
1.161000
1.161000
1.206000
1.206000
1.206000
1.206000
1.206000
1.206000
1.206000
1.250000
1.250000
1.250000
1.250000
1.250000
1.250000
1.250000
1.250000
1.250000
1.294000
1.294000
1.294000
1.294000
1.294000
1.294000
1.338000
1.338000
1.338000
1.338000
1.338000
1.338000
1.338000
1.382000
1.382000
1.382000
1.382000
1.382000
1.382000
1.382000
1.382000
1.382000
1.382000
1.382000
1.382000
1.426000
1.426000
1.426000
1.426000
1.426000
1.426000
1.426000
1.471000
1.471000
1.471000
1.471000
1.471000
1.471000
1.471000
1.471000
1.471000
1.471000
1.515000
1.515000
1.515000
1.515000
1.515000
1.559000
1.559000
1.559000
1.559000
1.559000
1.559000
1.559000
1.559000
1.559000
1.559000
1.559000
1.559000
1.559000
1.559000
1.559000
1.603000
1.603000
1.603000
1.603000
1.603000
1.603000
1.603000
1.603000
1.603000
1.603000
1.603000
1.603000
1.603000
1.647000
1.647000
1.647000
1.647000
1.647000
1.647000
1.691000
1.691000
1.691000
1.691000
1.691000
1.691000
1.691000
1.691000
1.691000
1.736000
1.736000
1.736000
1.736000
1.736000
1.736000
1.736000
1.736000
1.736000
1.736000
1.780000
1.780000
1.780000
1.780000
1.780000
1.780000
1.780000
1.824000
1.824000
1.824000
1.824000
1.824000
1.824000
1.824000
1.824000
1.824000
1.824000
1.824000
1.824000
1.868000
1.868000
1.868000
1.868000
1.868000
1.868000
1.868000
1.868000
1.868000
1.868000
1.868000
1.912000
1.912000
1.912000
1.912000
1.912000
1.912000
1.912000
1.912000
1.912000
1.912000
1.912000
1.956000
1.956000
1.956000
1.956000
1.956000
1.956000
1.956000
1.956000
1.956000
1.956000
1.956000
1.956000
2.000000
2.000000
2.000000
2.000000
2.000000
2.000000
2.000000
2.000000
2.000000
2.000000
2.000000
2.000000
2.000000
2.291000
2.291000
2.291000
2.291000
2.291000
2.291000
2.291000
2.291000
2.291000
2.291000
2.291000
2.291000
2.291000
2.581000
2.581000
2.581000
2.581000
2.581000
2.581000
2.581000
2.581000
2.581000
2.581000
2.581000
2.581000
2.872000
2.872000
2.872000
2.872000
3.162000
3.162000
3.162000
3.162000
3.162000
3.162000
3.162000
3.162000
3.162000
3.162000
3.162000
3.162000
3.162000
3.162000
3.452000
3.452000
3.452000
3.452000
3.452000
3.452000
3.452000
3.452000
3.743000
3.743000
3.743000
3.743000
3.743000
3.743000
3.743000
3.743000
3.743000
3.743000
4.033000
4.033000
4.033000
4.033000
4.033000
4.033000
4.033000
4.033000
4.324000
4.324000
4.324000
4.324000
4.324000
4.324000
4.324000
4.324000
4.324000
4.324000
4.324000
4.324000
4.614000
4.614000
4.614000
4.614000
4.614000
4.614000
4.614000
4.614000
4.904000
4.904000
4.904000
4.904000
4.904000
4.904000
4.904000
4.904000
4.904000
4.904000
5.195000
5.195000
5.195000
5.195000
5.195000
5.195000
5.195000
5.195000
5.195000
5.195000
5.485000
5.485000
5.485000
5.485000
5.485000
5.485000
5.776000
5.776000
5.776000
5.776000
5.776000
5.776000
5.776000
5.776000
5.776000
5.776000
5.776000
5.776000
5.776000
5.776000
5.776000
6.066000
6.066000
6.066000
6.066000
6.066000
6.066000
6.066000
6.066000
6.066000
6.066000
6.357000
6.357000
6.357000
6.357000
6.357000
6.357000
6.357000
6.357000
6.357000
6.357000
6.357000
6.357000
6.357000
6.647000
6.647000
6.647000
6.647000
6.647000
6.647000
6.647000
6.647000
6.647000
6.647000
6.647000
6.937000
6.937000
6.937000
6.937000
6.937000
6.937000
6.937000
6.937000
6.937000
7.228000
7.228000
7.228000
7.228000
7.228000
7.228000
7.228000
7.228000
7.228000
7.518000
7.518000
7.518000
7.518000
7.518000
7.518000
7.518000
7.518000
7.518000
7.809000
7.809000
7.809000
7.809000
7.809000
7.809000
7.809000
7.809000
7.809000
7.809000
7.809000
8.099000
8.099000
8.099000
8.099000
8.099000
8.099000
8.099000
8.099000
8.099000
8.099000
8.099000
8.099000
8.099000
8.099000
8.389000
8.389000
8.389000
8.389000
8.389000
8.389000
8.389000
8.389000
8.389000
8.680000
8.680000
8.680000
8.680000
8.680000
8.680000
8.680000
8.680000
8.680000
8.680000
8.680000
8.970000
8.970000
8.970000
8.970000
8.970000
8.970000
8.970000
8.970000
8.970000
8.970000
8.970000
9.261000
9.261000
9.261000
9.261000
9.261000
9.261000
9.551000
9.551000
9.551000
9.551000
9.551000
9.551000
9.551000
9.551000
9.551000
9.551000
9.551000
9.551000
9.551000
9.841000
9.841000
9.841000
9.841000
9.841000
9.841000
9.841000
9.841000
10.130000
10.130000
10.130000
10.130000
10.130000
10.130000
10.130000
10.130000
10.130000
10.130000
10.130000
10.130000
10.420000
10.420000
10.420000
10.420000
10.420000
10.420000
10.420000
10.420000
10.420000
10.420000
10.710000
10.710000
10.710000
10.710000
10.710000
10.710000
10.710000
10.710000
10.710000
10.710000
10.710000
10.710000
11.000000
11.000000
11.000000
11.000000
11.000000
11.000000
11.000000
11.000000
11.290000
11.290000
11.290000
11.290000
11.290000
11.290000
11.290000
11.580000
11.580000
11.580000
11.580000
11.580000
11.580000
11.580000
11.870000
11.870000
11.870000
11.870000
11.870000
11.870000
11.870000
11.870000
12.160000
12.160000
12.160000
12.160000
12.160000
12.160000
12.160000
12.160000
12.460000
12.460000
12.460000
12.460000
12.460000
12.460000
12.460000
12.460000
12.460000
12.750000
12.750000
12.750000
12.750000
12.750000
12.750000
12.750000
12.750000
12.750000
13.040000
13.040000
13.040000
13.040000
13.040000
13.040000
13.040000
13.040000
13.040000
13.040000
13.330000
13.330000
13.330000
13.330000
13.620000
13.620000
13.620000
13.620000
13.620000
13.910000
13.910000
13.910000
13.910000
13.910000
13.910000
13.910000
13.910000
13.910000
13.910000
13.910000
13.910000
13.910000
14.200000
14.200000
14.200000
14.490000
14.490000
14.490000
14.490000
14.490000
14.490000
14.490000
14.490000
14.490000
14.490000
14.780000
14.780000
14.780000
14.780000
14.780000
14.780000
14.780000
14.780000
14.780000
14.780000
15.070000
15.070000
15.070000
15.070000
15.070000
15.070000
15.070000
15.070000
15.070000
15.070000
15.070000
22.809999
22.809999
22.809999
22.809999
22.809999
22.809999
22.809999
22.809999
22.809999
22.809999
22.809999
22.809999
22.809999
22.809999
30.559999
30.559999
30.559999
30.559999
30.559999
30.559999
30.559999
38.299999
38.299999
38.299999
38.299999
38.299999
38.299999
38.299999
38.299999
38.299999
38.299999
46.049999
46.049999
46.049999
46.049999
46.049999
46.049999
46.049999
46.049999
46.049999
46.049999
46.049999
46.049999
46.049999
46.049999
46.049999
46.049999
46.049999
51.860001
51.860001
51.860001
51.860001
51.860001
51.860001
51.860001
51.860001
51.860001
51.860001
51.860001
51.860001
51.860001
