0.000000
0.000000
0.000000
0.000000
0.000000
0.000000
0.000000
0.000000
0.000000
0.000000
0.000000
0.000000
0.000000
0.000000
0.000000
0.000000
0.000000
0.000000
0.000000
0.000000
0.000000
0.000000
0.000000
0.000000
0.000000
0.000000
0.000000
0.000000
0.000000
0.000000
0.000000
0.000000
0.000000
0.000000
0.000000
0.000000
0.000000
0.000000
0.000000
0.000000
0.000000
0.305200
0.305200
0.305200
0.305200
0.305200
0.305200
0.423000
0.423000
0.423000
0.423000
0.423000
0.423000
0.423000
0.423000
0.423000
0.423000
0.423000
0.423000
0.423000
0.423000
0.540700
0.540700
0.540700
0.540700
0.540700
0.540700
0.658500
0.658500
0.658500
0.658500
0.658500
0.658500
0.658500
0.658500
0.658500
0.658500
0.776300
0.776300
0.776300
0.776300
0.776300
0.776300
0.776300
0.776300
0.776300
0.776300
0.776300
0.894000
0.894000
0.894000
0.894000
1.012000
1.012000
1.012000
1.012000
1.012000
1.012000
1.012000
1.012000
1.130000
1.130000
1.130000
1.130000
1.130000
1.130000
1.130000
1.130000
1.247000
1.247000
1.247000
1.247000
1.247000
1.247000
1.247000
1.247000
1.247000
1.247000
1.247000
1.247000
1.365000
1.365000
1.365000
1.365000
1.365000
1.365000
1.365000
1.365000
1.483000
1.483000
1.483000
1.483000
1.483000
1.483000
1.483000
1.483000
1.483000
1.483000
1.483000
1.483000
1.601000
1.601000
1.601000
1.601000
1.601000
1.601000
1.601000
1.601000
1.601000
1.601000
1.718000
1.718000
1.718000
1.718000
1.718000
1.718000
1.718000
1.718000
1.718000
1.718000
1.718000
1.718000
1.718000
1.836000
1.836000
1.836000
1.836000
1.836000
1.836000
1.836000
1.836000
1.836000
1.836000
1.836000
1.836000
1.836000
1.836000
1.836000
1.954000
1.954000
1.954000
1.954000
1.954000
1.954000
1.954000
1.954000
1.954000
2.072000
2.072000
2.072000
2.072000
2.072000
2.072000
2.072000
2.072000
2.189000
2.189000
2.189000
2.189000
2.189000
2.189000
2.189000
2.189000
2.307000
2.307000
2.307000
2.307000
2.307000
2.307000
2.307000
2.307000
2.307000
2.307000
2.307000
2.425000
2.425000
2.425000
2.425000
2.425000
2.425000
2.425000
2.425000
2.425000
2.425000
2.425000
2.425000
2.425000
2.425000
2.425000
2.543000
2.543000
2.543000
2.543000
2.543000
2.543000
2.543000
2.543000
2.543000
2.543000
2.543000
2.543000
2.543000
2.543000
2.661000
2.661000
2.661000
2.661000
2.661000
2.661000
2.778000
2.778000
2.778000
2.778000
2.778000
2.778000
2.778000
2.778000
2.778000
2.778000
2.778000
2.778000
2.778000
2.896000
2.896000
2.896000
3.014000
3.014000
3.014000
3.014000
3.014000
3.014000
3.014000
3.014000
3.014000
3.014000
3.014000
3.014000
3.014000
3.132000
3.132000
3.132000
3.132000
3.132000
3.132000
3.132000
3.132000
3.249000
3.249000
3.249000
3.249000
3.249000
3.249000
3.249000
3.249000
3.249000
3.249000
3.249000
3.249000
3.249000
3.367000
3.367000
3.367000
3.367000
3.367000
3.367000
3.485000
3.485000
3.485000
3.485000
3.485000
3.485000
3.603000
3.603000
3.603000
3.603000
3.603000
3.603000
3.603000
3.603000
3.603000
3.603000
3.603000
3.603000
3.720000
3.720000
3.720000
3.720000
3.838000
3.838000
3.838000
3.838000
3.838000
3.838000
3.956000
3.956000
3.956000
3.956000
3.956000
3.956000
3.956000
3.956000
3.956000
3.956000
4.074000
4.074000
4.074000
4.074000
4.074000
4.074000
4.074000
4.074000
4.074000
4.074000
4.074000
4.074000
4.192000
4.192000
4.192000
4.192000
4.192000
4.192000
4.192000
4.192000
4.192000
4.192000
4.192000
4.192000
4.192000
4.309000
4.309000
4.309000
4.309000
4.309000
4.309000
4.309000
4.427000
4.427000
4.427000
4.427000
4.427000
4.427000
4.427000
4.427000
4.427000
4.427000
4.427000
4.427000
4.427000
4.427000
4.427000
4.427000
4.427000
4.427000
4.427000
4.427000
4.427000
4.427000
4.427000
4.427000
4.545000
4.545000
4.545000
4.545000
4.545000
4.545000
4.545000
4.545000
4.663000
4.663000
4.663000
4.663000
4.663000
4.663000
4.663000
4.663000
4.663000
4.663000
4.780000
4.780000
4.780000
4.780000
4.780000
4.780000
4.780000
4.780000
4.780000
4.780000
4.898000
4.898000
4.898000
4.898000
4.898000
4.898000
4.898000
4.898000
4.898000
4.898000
4.898000
4.898000
4.898000
5.016000
5.016000
5.016000
5.016000
5.016000
5.134000
5.134000
5.134000
5.134000
5.134000
5.134000
5.134000
5.134000
5.134000
5.134000
5.134000
5.251000
5.251000
5.251000
5.251000
5.251000
5.251000
5.251000
5.251000
5.251000
5.251000
5.251000
5.369000
5.369000
5.369000
5.369000
5.369000
5.369000
5.369000
5.369000
5.487000
5.487000
5.487000
5.487000
5.487000
5.487000
5.487000
5.487000
5.487000
5.487000
5.487000
5.487000
5.605000
5.605000
5.605000
5.605000
5.605000
5.605000
6.141000
6.141000
6.141000
6.141000
6.141000
6.141000
6.141000
6.141000
6.141000
6.141000
6.141000
6.141000
6.141000
6.141000
6.141000
6.141000
6.141000
6.678000
6.678000
6.678000
6.678000
6.678000
6.678000
6.678000
6.678000
6.678000
6.678000
6.678000
7.214000
7.214000
7.214000
7.214000
7.214000
7.214000
7.214000
7.214000
7.214000
7.750000
7.750000
7.750000
7.750000
7.750000
7.750000
7.750000
7.750000
8.287000
8.287000
8.287000
8.287000
8.287000
8.287000
8.287000
8.287000
8.287000
8.287000
8.287000
8.287000
8.287000
8.823000
8.823000
8.823000
8.823000
8.823000
8.823000
8.823000
8.823000
8.823000
8.823000
8.823000
8.823000
8.823000
8.823000
8.823000
9.360000
9.360000
9.360000
9.360000
9.360000
9.360000
9.360000
9.360000
9.360000
9.360000
9.360000
9.360000
9.360000
9.360000
9.360000
9.896000
9.896000
9.896000
9.896000
9.896000
9.896000
9.896000
9.896000
9.896000
9.896000
10.430000
10.430000
10.430000
10.430000
10.430000
10.430000
10.430000
10.430000
10.430000
10.430000
10.430000
10.970000
10.970000
10.970000
10.970000
10.970000
10.970000
10.970000
10.970000
10.970000
10.970000
10.970000
11.510000
11.510000
11.510000
11.510000
11.510000
11.510000
12.040000
12.040000
12.040000
12.040000
12.040000
12.580000
12.580000
12.580000
12.580000
12.580000
12.580000
12.580000
12.580000
12.580000
12.580000
13.110000
13.110000
13.110000
13.110000
13.110000
13.110000
13.110000
13.110000
13.110000
13.650000
13.650000
13.650000
13.650000
13.650000
13.650000
13.650000
13.650000
13.650000
13.650000
13.650000
13.650000
13.650000
14.190000
14.190000
14.190000
14.190000
14.190000
14.190000
14.190000
14.190000
14.190000
14.720000
14.720000
14.720000
14.720000
14.720000
14.720000
14.720000
15.260000
15.260000
15.260000
15.260000
15.260000
15.260000
15.260000
15.260000
15.260000
15.260000
15.260000
15.260000
15.260000
15.800000
15.800000
15.800000
15.800000
15.800000
15.800000
15.800000
15.800000
16.330000
16.330000
16.330000
16.330000
16.330000
16.330000
16.330000
16.330000
16.330000
16.330000
16.330000
16.330000
16.330000
16.330000
16.870001
16.870001
16.870001
16.870001
16.870001
16.870001
16.870001
16.870001
16.870001
16.870001
16.870001
17.410000
17.410000
17.410000
17.410000
17.410000
17.410000
17.410000
17.410000
17.410000
17.940001
17.940001
17.940001
17.940001
17.940001
17.940001
17.940001
18.480000
18.480000
18.480000
18.480000
18.480000
18.480000
19.010000
19.010000
19.010000
19.010000
19.010000
19.010000
19.010000
19.010000
19.010000
19.010000
19.010000
19.549999
19.549999
19.549999
19.549999
19.549999
19.549999
19.549999
19.549999
20.090000
20.090000
20.090000
20.090000
20.090000
20.090000
20.090000
20.090000
20.090000
20.090000
20.620001
20.620001
21.160000
21.160000
21.160000
21.160000
21.160000
21.160000
21.160000
21.160000
21.160000
21.160000
21.160000
21.160000
21.160000
21.160000
21.160000
21.700001
21.700001
21.700001
21.700001
21.700001
21.700001
21.700001
21.700001
21.700001
21.700001
22.230000
22.230000
22.230000
22.230000
22.230000
22.230000
22.770000
22.770000
22.770000
22.770000
22.770000
22.770000
22.770000
22.770000
22.770000
23.309999
23.309999
23.309999
23.309999
23.309999
23.840000
23.840000
23.840000
23.840000
23.840000
23.840000
23.840000
24.379999
24.379999
24.379999
24.379999
24.379999
24.379999
24.379999
24.379999
24.379999
24.379999
24.920000
24.920000
24.920000
24.920000
24.920000
24.920000
24.920000
24.920000
24.920000
25.450001
25.450001
25.450001
25.450001
25.450001
25.450001
25.450001
25.450001
25.450001
25.450001
25.450001
25.450001
25.450001
25.990000
25.990000
25.990000
25.990000
25.990000
25.990000
25.990000
25.990000
25.990000
25.990000
25.990000
25.990000
25.990000
26.520000
26.520000
26.520000
26.520000
26.520000
26.520000
26.520000
26.520000
26.520000
26.520000
26.520000
27.059999
27.059999
27.059999
27.059999
27.059999
27.059999
27.059999
27.059999
27.059999
27.059999
27.059999
27.059999
27.059999
27.059999
27.059999
27.059999
27.059999
27.600000
27.600000
27.600000
27.600000
27.600000
27.600000
27.600000
27.600000
27.600000
27.600000
27.600000
27.600000
27.600000
27.600000
28.129999
28.129999
28.129999
28.129999
28.129999
28.129999
28.129999
28.129999
28.129999
28.129999
28.670000
28.670000
28.670000
28.670000
28.670000
28.670000
28.670000
28.670000
28.670000
28.670000
29.209999
29.209999
29.209999
29.209999
29.209999
29.209999
29.209999
29.740000
29.740000
29.740000
29.740000
29.740000
29.740000
29.740000
29.740000
29.740000
29.740000
29.740000
29.740000
38.529999
38.529999
38.529999
38.529999
38.529999
38.529999
38.529999
38.529999
47.330002
47.330002
47.330002
47.330002
47.330002
47.330002
47.330002
47.330002
47.330002
47.330002
47.330002
47.330002
56.119999
56.119999
56.119999
56.119999
56.119999
56.119999
56.119999
56.119999
56.119999
56.119999
56.119999
56.119999
64.910004
64.910004
64.910004
64.910004
64.910004
64.910004
64.910004
64.910004
64.910004
64.910004
64.910004
71.500000
71.500000
71.500000
71.500000
71.500000
71.500000
71.500000
71.500000
