0.000000
0.000000
0.000000
0.000000
0.000000
0.000000
0.000000
0.000000
0.000000
0.000000
0.000000
0.000000
0.000000
0.000000
0.000000
0.000000
0.000000
0.000000
0.000000
0.000000
0.000000
0.000000
0.000000
0.000000
0.000000
0.000000
0.000000
0.000000
0.000000
0.000000
0.000000
0.000000
0.000000
0.000000
0.000000
0.000000
0.000000
0.000000
0.000000
0.000000
0.000000
0.000000
0.000000
0.000000
0.125700
0.125700
0.125700
0.125700
0.125700
0.125700
0.125700
0.125700
0.125700
0.125700
0.125700
0.125700
0.125700
0.125700
0.190600
0.190600
0.190600
0.190600
0.190600
0.190600
0.255500
0.255500
0.255500
0.255500
0.255500
0.255500
0.255500
0.255500
0.255500
0.320300
0.320300
0.320300
0.320300
0.320300
0.320300
0.385200
0.385200
0.385200
0.385200
0.385200
0.450100
0.450100
0.450100
0.450100
0.450100
0.450100
0.515000
0.515000
0.515000
0.515000
0.515000
0.515000
0.515000
0.515000
0.515000
0.515000
0.515000
0.515000
0.515000
0.579900
0.579900
0.579900
0.579900
0.579900
0.579900
0.579900
0.644800
0.644800
0.644800
0.644800
0.644800
0.644800
0.644800
0.644800
0.709700
0.709700
0.709700
0.709700
0.709700
0.709700
0.709700
0.709700
0.709700
0.709700
0.709700
0.709700
0.709700
0.709700
0.709700
0.709700
0.709700
0.709700
0.774500
0.774500
0.774500
0.774500
0.774500
0.774500
0.774500
0.774500
0.774500
0.774500
0.774500
0.774500
0.839400
0.839400
0.839400
0.839400
0.839400
0.839400
0.839400
0.839400
0.839400
0.839400
0.839400
0.839400
0.904300
0.904300
0.904300
0.904300
0.904300
0.904300
0.904300
0.904300
0.904300
0.904300
0.904300
0.904300
0.969200
0.969200
0.969200
0.969200
0.969200
0.969200
0.969200
0.969200
1.034000
1.034000
1.034000
1.034000
1.099000
1.099000
1.164000
1.164000
1.164000
1.164000
1.164000
1.164000
1.164000
1.164000
1.164000
1.164000
1.164000
1.164000
1.229000
1.229000
1.229000
1.229000
1.229000
1.229000
1.229000
1.229000
1.229000
1.229000
1.229000
1.229000
1.229000
1.294000
1.294000
1.294000
1.294000
1.294000
1.294000
1.294000
1.294000
1.294000
1.294000
1.359000
1.359000
1.359000
1.359000
1.359000
1.359000
1.359000
1.359000
1.359000
1.359000
1.423000
1.423000
1.423000
1.423000
1.423000
1.423000
1.423000
1.423000
1.423000
1.423000
1.488000
1.488000
1.488000
1.488000
1.488000
1.488000
1.488000
1.553000
1.553000
1.553000
1.553000
1.553000
1.553000
1.553000
1.553000
1.618000
1.618000
1.618000
1.618000
1.618000
1.618000
1.618000
1.618000
1.618000
1.618000
1.618000
1.618000
1.618000
1.683000
1.683000
1.683000
1.683000
1.683000
1.748000
1.748000
1.748000
1.748000
1.748000
1.748000
1.748000
1.748000
1.748000
1.813000
1.813000
1.813000
1.813000
1.813000
1.813000
1.813000
1.813000
1.878000
1.878000
1.878000
1.878000
1.878000
1.878000
1.878000
1.878000
1.878000
1.942000
1.942000
1.942000
1.942000
1.942000
1.942000
1.942000
1.942000
1.942000
1.942000
1.942000
1.942000
1.942000
1.942000
1.942000
1.942000
1.942000
2.007000
2.007000
2.007000
2.007000
2.007000
2.007000
2.007000
2.007000
2.072000
2.072000
2.072000
2.072000
2.072000
2.072000
2.072000
2.072000
2.072000
2.072000
2.072000
2.072000
2.072000
2.137000
2.137000
2.137000
2.137000
2.137000
2.137000
2.202000
2.202000
2.202000
2.202000
2.202000
2.202000
2.202000
2.202000
2.202000
2.202000
2.267000
2.267000
2.267000
2.267000
2.267000
2.267000
2.267000
2.267000
2.267000
2.332000
2.332000
2.332000
2.332000
2.332000
2.332000
2.397000
2.397000
2.397000
2.397000
2.397000
2.397000
2.397000
2.397000
2.462000
2.462000
2.462000
2.462000
2.462000
2.462000
2.462000
2.462000
2.462000
2.462000
2.526000
2.526000
2.526000
2.526000
2.526000
2.526000
2.526000
2.526000
2.526000
2.526000
2.526000
2.526000
2.591000
2.591000
2.591000
2.591000
2.591000
2.591000
2.591000
2.656000
2.656000
2.656000
2.656000
2.656000
2.656000
2.656000
2.656000
2.656000
2.656000
2.656000
2.656000
2.656000
2.656000
2.656000
2.721000
2.721000
2.721000
2.721000
2.721000
2.721000
2.721000
2.721000
2.721000
2.721000
2.786000
2.786000
2.786000
2.786000
2.786000
2.786000
2.786000
2.851000
2.851000
2.851000
2.851000
2.851000
2.851000
2.851000
2.916000
2.916000
2.916000
2.916000
2.916000
2.916000
2.916000
2.916000
2.916000
2.916000
2.916000
2.916000
2.916000
2.981000
2.981000
2.981000
2.981000
2.981000
2.981000
2.981000
2.981000
2.981000
2.981000
2.981000
3.046000
3.046000
3.046000
3.046000
3.046000
3.046000
3.046000
3.046000
3.046000
3.046000
3.291000
3.291000
3.291000
3.291000
3.291000
3.291000
3.291000
3.291000
3.536000
3.536000
3.536000
3.536000
3.536000
3.536000
3.536000
3.536000
3.782000
3.782000
3.782000
3.782000
3.782000
3.782000
3.782000
3.782000
4.027000
4.027000
4.027000
4.027000
4.027000
4.027000
4.027000
4.027000
4.027000
4.027000
4.027000
4.272000
4.272000
4.272000
4.272000
4.272000
4.272000
4.272000
4.272000
4.272000
4.272000
4.272000
4.272000
4.518000
4.518000
4.518000
4.518000
4.518000
4.518000
4.518000
4.518000
4.518000
4.518000
4.518000
4.518000
4.518000
4.518000
4.518000
4.763000
4.763000
4.763000
4.763000
4.763000
4.763000
4.763000
4.763000
4.763000
4.763000
5.008000
5.008000
5.008000
5.008000
5.008000
5.008000
5.008000
5.008000
5.254000
5.254000
5.254000
5.254000
5.254000
5.254000
5.254000
5.254000
5.254000
5.254000
5.254000
5.254000
5.254000
5.254000
5.254000
5.254000
5.254000
5.254000
5.499000
5.499000
5.499000
5.499000
5.499000
5.499000
5.499000
5.745000
5.745000
5.745000
5.745000
5.745000
5.745000
5.745000
5.745000
5.745000
5.745000
5.745000
5.745000
5.745000
5.745000
5.990000
5.990000
5.990000
5.990000
5.990000
5.990000
5.990000
5.990000
5.990000
6.235000
6.235000
6.235000
6.235000
6.235000
6.235000
6.235000
6.235000
6.235000
6.235000
6.235000
6.235000
6.481000
6.481000
6.481000
6.481000
6.481000
6.481000
6.481000
6.481000
6.481000
6.481000
6.481000
6.481000
6.481000
6.481000
6.726000
6.726000
6.726000
6.726000
6.726000
6.726000
6.726000
6.726000
6.726000
6.726000
6.726000
6.971000
6.971000
6.971000
6.971000
6.971000
6.971000
6.971000
6.971000
6.971000
6.971000
7.217000
7.217000
7.217000
7.217000
7.217000
7.217000
7.217000
7.217000
7.217000
7.217000
7.462000
7.462000
7.462000
7.462000
7.462000
7.462000
7.708000
7.708000
7.708000
7.708000
7.708000
7.708000
7.708000
7.708000
7.708000
7.953000
7.953000
7.953000
7.953000
7.953000
7.953000
7.953000
8.198000
8.198000
8.198000
8.198000
8.198000
8.198000
8.198000
8.198000
8.444000
8.444000
8.444000
8.444000
8.444000
8.444000
8.444000
8.444000
8.689000
8.689000
8.689000
8.689000
8.689000
8.934000
8.934000
8.934000
8.934000
8.934000
8.934000
8.934000
8.934000
8.934000
8.934000
8.934000
8.934000
9.180000
9.180000
9.180000
9.180000
9.180000
9.180000
9.180000
9.180000
9.180000
9.180000
9.180000
9.180000
9.425000
9.425000
9.425000
9.671000
9.671000
9.671000
9.671000
9.671000
9.671000
9.671000
9.671000
9.671000
9.916000
9.916000
9.916000
9.916000
9.916000
9.916000
9.916000
9.916000
9.916000
9.916000
9.916000
9.916000
10.160000
10.160000
10.160000
10.160000
10.160000
10.160000
10.160000
10.160000
10.160000
10.160000
10.160000
10.160000
10.160000
10.160000
10.160000
10.160000
10.410000
10.410000
10.410000
10.410000
10.410000
10.410000
10.410000
10.410000
10.410000
10.410000
10.410000
10.410000
10.410000
10.410000
10.410000
10.410000
10.650000
10.650000
10.650000
10.650000
10.650000
10.650000
10.650000
10.650000
10.650000
10.650000
10.650000
10.650000
10.650000
10.650000
10.650000
10.650000
10.650000
10.650000
10.900000
10.900000
10.900000
10.900000
10.900000
10.900000
10.900000
10.900000
10.900000
10.900000
10.900000
10.900000
11.140000
11.140000
11.140000
11.140000
11.140000
11.140000
11.140000
11.140000
11.140000
11.140000
11.390000
11.390000
11.390000
11.390000
11.390000
11.390000
11.390000
11.630000
11.630000
11.630000
11.630000
11.630000
11.630000
11.630000
11.630000
11.630000
11.630000
11.630000
11.880000
11.880000
11.880000
11.880000
11.880000
11.880000
11.880000
11.880000
11.880000
11.880000
11.880000
11.880000
12.120000
12.120000
12.120000
12.120000
12.120000
12.120000
12.120000
12.120000
12.120000
12.120000
12.120000
12.120000
12.370000
12.370000
12.370000
12.370000
12.370000
12.370000
12.370000
12.370000
12.370000
12.370000
12.370000
12.370000
12.370000
12.610000
12.610000
12.610000
12.610000
12.610000
12.610000
12.610000
12.610000
12.610000
12.860000
12.860000
12.860000
12.860000
12.860000
12.860000
12.860000
12.860000
12.860000
12.860000
12.860000
12.860000
12.860000
12.860000
13.110000
13.110000
13.110000
13.110000
13.110000
13.110000
13.350000
13.350000
13.350000
13.350000
13.350000
13.350000
13.350000
13.600000
13.600000
13.600000
13.600000
13.600000
13.600000
13.600000
13.600000
13.600000
13.600000
13.600000
13.600000
13.600000
13.600000
13.600000
13.840000
13.840000
13.840000
13.840000
13.840000
13.840000
13.840000
14.090000
14.090000
14.090000
14.090000
14.090000
14.090000
14.090000
14.090000
14.090000
15.120000
15.120000
15.120000
15.120000
15.120000
15.120000
15.120000
15.120000
15.120000
15.120000
15.120000
16.160000
16.160000
16.160000
16.160000
16.160000
16.160000
16.160000
16.160000
16.160000
16.160000
16.160000
16.160000
16.160000
16.160000
16.160000
17.200001
17.200001
17.200001
17.200001
17.200001
17.200001
17.200001
17.200001
18.240000
18.240000
18.240000
18.240000
18.240000
18.240000
18.240000
19.010000
19.010000
19.010000
19.010000
19.010000
19.010000
19.010000
19.010000
19.010000
19.010000
