0.000000
0.000000
0.000000
0.000000
0.000000
0.000000
0.000000
0.000000
0.000000
0.000000
0.000000
0.000000
0.000000
0.000000
0.000000
0.000000
0.000000
0.000000
0.000000
0.000000
0.000000
0.000000
0.000000
0.000000
0.000000
0.000000
0.000000
0.000000
0.000000
0.000000
0.000000
0.000000
0.000000
0.000000
0.000000
0.000000
0.000000
0.000000
0.000000
0.000000
0.000000
0.000000
0.000000
0.000000
0.000000
0.000000
0.000000
0.000000
0.000000
0.000000
0.000000
0.000000
0.284800
0.284800
0.284800
0.284800
0.284800
0.284800
0.284800
0.284800
0.284800
0.284800
0.284800
0.457100
0.457100
0.457100
0.457100
0.457100
0.457100
0.457100
0.457100
0.457100
0.457100
0.457100
0.457100
0.457100
0.629500
0.629500
0.629500
0.629500
0.629500
0.629500
0.629500
0.629500
0.629500
0.801800
0.801800
0.801800
0.801800
0.801800
0.801800
0.801800
0.801800
0.801800
0.801800
0.801800
0.801800
0.974200
0.974200
0.974200
0.974200
0.974200
0.974200
0.974200
0.974200
1.147000
1.147000
1.147000
1.147000
1.147000
1.147000
1.147000
1.147000
1.147000
1.319000
1.319000
1.319000
1.319000
1.319000
1.319000
1.319000
1.319000
1.319000
1.491000
1.491000
1.491000
1.491000
1.491000
1.491000
1.491000
1.664000
1.664000
1.664000
1.664000
1.664000
1.664000
1.664000
1.664000
1.664000
1.664000
1.836000
1.836000
1.836000
1.836000
1.836000
1.836000
1.836000
1.836000
1.836000
1.836000
1.836000
2.008000
2.008000
2.008000
2.008000
2.008000
2.008000
2.008000
2.008000
2.008000
2.008000
2.181000
2.181000
2.181000
2.181000
2.181000
2.353000
2.353000
2.353000
2.353000
2.353000
2.353000
2.353000
2.353000
2.353000
2.353000
2.353000
2.353000
2.353000
2.525000
2.525000
2.525000
2.525000
2.525000
2.525000
2.525000
2.525000
2.698000
2.698000
2.698000
2.698000
2.698000
2.698000
2.698000
2.698000
2.698000
2.698000
2.698000
2.698000
2.698000
2.698000
2.698000
2.698000
2.698000
2.698000
2.698000
2.698000
2.870000
2.870000
2.870000
2.870000
2.870000
2.870000
2.870000
2.870000
2.870000
2.870000
2.870000
2.870000
2.870000
3.042000
3.042000
3.042000
3.042000
3.042000
3.042000
3.042000
3.042000
3.042000
3.042000
3.042000
3.042000
3.042000
3.215000
3.215000
3.215000
3.215000
3.215000
3.215000
3.215000
3.215000
3.215000
3.215000
3.215000
3.215000
3.387000
3.387000
3.387000
3.387000
3.387000
3.387000
3.387000
3.387000
3.387000
3.387000
3.387000
3.559000
3.559000
3.559000
3.559000
3.559000
3.732000
3.732000
3.732000
3.732000
3.904000
3.904000
3.904000
3.904000
3.904000
3.904000
3.904000
3.904000
3.904000
3.904000
3.904000
3.904000
3.904000
3.904000
3.904000
3.904000
3.904000
3.904000
3.904000
3.904000
3.904000
3.904000
4.076000
4.076000
4.076000
4.076000
4.076000
4.076000
4.076000
4.076000
4.076000
4.076000
4.249000
4.249000
4.249000
4.249000
4.249000
4.249000
4.249000
4.249000
4.421000
4.421000
4.421000
4.421000
4.421000
4.421000
4.421000
4.593000
4.593000
4.593000
4.593000
4.593000
4.593000
4.593000
4.593000
4.593000
4.593000
4.593000
4.766000
4.766000
4.766000
4.766000
4.766000
4.766000
4.766000
4.766000
4.766000
4.766000
4.766000
4.766000
4.766000
4.938000
4.938000
4.938000
4.938000
4.938000
4.938000
4.938000
4.938000
4.938000
5.110000
5.110000
5.110000
5.110000
5.110000
5.110000
5.110000
5.110000
5.283000
5.283000
5.283000
5.283000
5.283000
5.283000
5.283000
5.283000
5.283000
5.283000
5.455000
5.455000
5.455000
5.455000
5.455000
5.455000
5.455000
5.455000
5.455000
5.455000
5.455000
5.455000
5.627000
5.627000
5.627000
5.627000
5.627000
5.627000
5.627000
5.627000
5.627000
5.627000
5.627000
5.627000
5.800000
5.800000
5.800000
5.800000
5.800000
5.800000
5.800000
5.972000
5.972000
5.972000
5.972000
5.972000
5.972000
5.972000
5.972000
5.972000
5.972000
5.972000
5.972000
6.144000
6.144000
6.144000
6.144000
6.144000
6.144000
6.144000
6.144000
6.144000
6.144000
6.144000
6.144000
6.317000
6.317000
6.317000
6.317000
6.317000
6.317000
6.317000
6.317000
6.317000
6.317000
6.317000
6.317000
6.317000
6.489000
6.489000
6.489000
6.489000
6.489000
6.489000
6.489000
6.489000
6.489000
6.661000
6.661000
6.661000
6.661000
6.661000
6.834000
6.834000
6.834000
6.834000
6.834000
6.834000
6.834000
6.834000
6.834000
6.834000
7.006000
7.006000
7.006000
7.006000
7.006000
7.006000
7.006000
7.006000
7.178000
7.178000
7.178000
7.178000
7.178000
7.178000
7.178000
7.178000
7.178000
7.351000
7.351000
7.351000
7.351000
7.351000
7.351000
7.351000
7.351000
7.351000
7.351000
7.351000
7.523000
7.523000
7.523000
7.523000
7.523000
7.695000
7.695000
7.695000
7.868000
7.868000
7.868000
7.868000
7.868000
7.868000
7.868000
7.868000
8.040000
8.040000
8.040000
8.040000
8.040000
8.040000
8.040000
8.040000
8.040000
8.040000
8.040000
8.040000
8.040000
8.040000
8.577000
8.577000
8.577000
8.577000
8.577000
8.577000
8.577000
8.577000
8.577000
8.577000
8.577000
8.577000
9.115000
9.115000
9.115000
9.115000
9.115000
9.115000
9.652000
9.652000
9.652000
9.652000
9.652000
9.652000
9.652000
9.652000
9.652000
9.652000
9.652000
10.190000
10.190000
10.190000
10.190000
10.190000
10.190000
10.730000
10.730000
10.730000
10.730000
10.730000
10.730000
11.260000
11.260000
11.260000
11.260000
11.260000
11.260000
11.260000
11.260000
11.260000
11.260000
11.260000
11.260000
11.260000
11.260000
11.260000
11.260000
11.260000
11.260000
11.800000
11.800000
11.800000
11.800000
12.340000
12.340000
12.340000
12.340000
12.340000
12.340000
12.340000
12.340000
12.340000
12.340000
12.340000
12.340000
12.340000
12.880000
12.880000
12.880000
12.880000
12.880000
12.880000
12.880000
12.880000
12.880000
12.880000
12.880000
13.410000
13.410000
13.410000
13.410000
13.410000
13.410000
13.410000
13.410000
13.410000
13.410000
13.950000
13.950000
13.950000
13.950000
13.950000
13.950000
13.950000
13.950000
13.950000
13.950000
14.490000
14.490000
14.490000
14.490000
15.020000
15.020000
15.020000
15.020000
15.020000
15.020000
15.020000
15.560000
15.560000
15.560000
15.560000
15.560000
15.560000
15.560000
15.560000
15.560000
15.560000
15.560000
15.560000
15.560000
16.100000
16.100000
16.100000
16.100000
16.100000
16.100000
16.639999
16.639999
16.639999
16.639999
16.639999
16.639999
16.639999
16.639999
16.639999
16.639999
16.639999
16.639999
16.639999
17.170000
17.170000
17.170000
17.170000
17.170000
17.170000
17.170000
17.170000
17.170000
17.170000
17.170000
17.170000
17.709999
17.709999
17.709999
17.709999
17.709999
17.709999
17.709999
17.709999
17.709999
18.250000
18.250000
18.250000
18.790001
18.790001
18.790001
18.790001
18.790001
19.320000
19.320000
19.320000
19.320000
19.320000
19.320000
19.320000
19.320000
19.320000
19.860001
19.860001
19.860001
19.860001
19.860001
19.860001
19.860001
19.860001
19.860001
19.860001
20.400000
20.400000
20.400000
20.400000
20.400000
20.400000
20.400000
20.400000
20.400000
20.930000
20.930000
20.930000
20.930000
20.930000
20.930000
20.930000
20.930000
20.930000
20.930000
20.930000
21.469999
21.469999
21.469999
21.469999
22.010000
22.010000
22.010000
22.010000
22.010000
22.010000
22.010000
22.010000
22.010000
22.010000
22.010000
22.549999
22.549999
22.549999
22.549999
22.549999
22.549999
22.549999
22.549999
22.549999
22.549999
22.549999
22.549999
23.080000
23.080000
23.080000
23.080000
23.080000
23.080000
23.080000
23.080000
23.080000
23.080000
23.080000
23.080000
23.080000
23.080000
23.080000
23.080000
23.080000
23.080000
23.080000
23.080000
23.080000
23.620001
23.620001
23.620001
23.620001
23.620001
23.620001
23.620001
23.620001
24.160000
24.160000
24.160000
24.160000
24.160000
24.160000
24.160000
24.160000
24.700001
24.700001
24.700001
24.700001
24.700001
24.700001
24.700001
24.700001
24.700001
24.700001
25.230000
25.230000
25.230000
25.230000
25.230000
25.230000
25.230000
25.230000
25.770000
25.770000
25.770000
25.770000
25.770000
25.770000
25.770000
25.770000
25.770000
25.770000
25.770000
25.770000
25.770000
26.309999
26.309999
26.309999
26.309999
26.309999
26.309999
26.309999
26.309999
26.309999
26.309999
26.309999
26.309999
26.840000
26.840000
26.840000
26.840000
26.840000
26.840000
26.840000
26.840000
26.840000
26.840000
26.840000
26.840000
26.840000
26.840000
27.379999
27.379999
27.379999
27.379999
27.379999
27.920000
27.920000
27.920000
27.920000
27.920000
27.920000
27.920000
27.920000
27.920000
27.920000
27.920000
27.920000
28.459999
28.459999
28.459999
28.459999
28.459999
28.459999
28.459999
28.459999
28.990000
28.990000
28.990000
28.990000
28.990000
28.990000
28.990000
28.990000
28.990000
28.990000
28.990000
28.990000
28.990000
28.990000
28.990000
28.990000
29.530001
29.530001
29.530001
29.530001
29.530001
29.530001
29.530001
29.530001
29.530001
29.530001
30.070000
30.070000
30.070000
30.070000
30.070000
30.070000
30.070000
30.070000
30.070000
30.070000
30.070000
30.600000
30.600000
30.600000
30.600000
30.600000
30.600000
30.600000
30.600000
31.139999
31.139999
31.139999
31.139999
31.139999
31.139999
31.139999
31.139999
31.680000
31.680000
31.680000
31.680000
31.680000
31.680000
32.220001
32.220001
32.220001
32.220001
32.220001
32.220001
32.220001
32.220001
32.220001
32.220001
32.220001
32.220001
40.490002
40.490002
40.490002
40.490002
40.490002
40.490002
40.490002
40.490002
40.490002
40.490002
40.490002
40.490002
40.490002
48.759998
48.759998
48.759998
48.759998
48.759998
48.759998
48.759998
48.759998
48.759998
48.759998
57.029999
57.029999
57.029999
57.029999
57.029999
57.029999
57.029999
57.029999
65.300003
65.300003
65.300003
65.300003
65.300003
65.300003
65.300003
65.300003
65.300003
71.500000
71.500000
71.500000
71.500000
71.500000
71.500000
71.500000
71.500000
71.500000
71.500000
71.500000
71.500000
