0.000000
0.000000
0.000000
0.000000
0.000000
0.097800
0.097800
0.097800
0.097800
0.097800
0.328200
0.328200
0.328200
0.328200
0.328200
0.328200
0.328200
0.328200
0.328200
0.328200
0.328200
0.328200
0.328200
0.328200
0.328200
0.558600
0.558600
0.558600
0.558600
0.558600
0.558600
0.558600
0.558600
0.558600
0.558600
0.558600
0.558600
0.558600
0.558600
0.558600
0.558600
0.558600
0.558600
0.789000
0.789000
0.789000
0.789000
0.789000
1.019000
1.019000
1.019000
1.019000
1.019000
1.019000
1.019000
1.079000
1.079000
1.079000
1.079000
1.079000
1.079000
1.079000
1.138000
1.138000
1.138000
1.138000
1.138000
1.138000
1.138000
1.138000
1.138000
1.138000
1.138000
1.138000
1.138000
1.198000
1.198000
1.198000
1.198000
1.198000
1.198000
1.257000
1.257000
1.257000
1.257000
1.257000
1.257000
1.257000
1.257000
1.257000
1.257000
1.257000
1.257000
1.257000
1.257000
1.317000
1.317000
1.317000
1.317000
1.317000
1.317000
1.317000
1.317000
1.317000
1.317000
1.317000
1.376000
1.376000
1.376000
1.376000
1.376000
1.376000
1.376000
1.376000
1.436000
1.436000
1.436000
1.436000
1.436000
1.436000
1.436000
1.436000
1.436000
1.436000
1.436000
1.436000
1.495000
1.495000
1.495000
1.495000
1.495000
1.495000
1.495000
1.495000
1.495000
1.555000
1.555000
1.555000
1.555000
1.555000
1.614000
1.614000
1.614000
1.614000
1.614000
1.614000
1.614000
1.614000
1.614000
1.614000
1.674000
1.674000
1.674000
1.674000
1.674000
1.674000
1.674000
1.674000
1.674000
1.674000
1.674000
1.674000
1.674000
1.674000
1.734000
1.734000
1.734000
1.734000
1.734000
1.734000
1.734000
1.734000
1.734000
1.734000
1.734000
1.734000
1.793000
1.793000
1.793000
1.793000
1.793000
1.793000
1.793000
1.793000
1.793000
1.853000
1.853000
1.853000
1.853000
1.853000
1.853000
1.853000
1.853000
1.853000
1.853000
1.853000
1.853000
1.912000
1.912000
1.912000
1.912000
1.912000
1.912000
1.912000
1.912000
1.912000
1.912000
1.972000
1.972000
1.972000
1.972000
1.972000
1.972000
1.972000
1.972000
1.972000
1.972000
1.972000
2.031000
2.031000
2.031000
2.031000
2.031000
2.031000
2.031000
2.031000
2.031000
2.031000
2.031000
2.031000
2.091000
2.091000
2.091000
2.091000
2.091000
2.091000
2.091000
2.091000
2.091000
2.091000
2.091000
2.091000
2.150000
2.150000
2.150000
2.150000
2.150000
2.150000
2.150000
2.150000
2.210000
2.210000
2.210000
2.210000
2.210000
2.210000
2.210000
2.210000
2.210000
2.269000
2.269000
2.269000
2.269000
2.269000
2.329000
2.329000
2.329000
2.329000
2.329000
2.329000
2.329000
2.329000
2.329000
2.329000
2.329000
2.329000
2.329000
2.329000
2.329000
2.329000
2.388000
2.388000
2.388000
2.388000
2.388000
2.388000
2.388000
2.388000
2.388000
2.448000
2.448000
2.448000
2.448000
2.448000
2.448000
2.507000
2.507000
2.507000
2.507000
2.507000
2.507000
2.507000
2.507000
2.507000
2.507000
2.507000
2.567000
2.567000
2.567000
2.567000
2.567000
2.567000
2.626000
2.626000
2.626000
2.626000
2.626000
2.626000
2.626000
2.626000
2.626000
2.626000
2.626000
2.686000
2.686000
2.686000
2.686000
2.686000
2.686000
2.686000
2.686000
2.745000
2.745000
2.745000
2.745000
2.745000
2.745000
2.745000
2.745000
2.745000
2.745000
2.805000
2.805000
2.805000
2.805000
2.805000
2.864000
2.864000
2.864000
2.864000
2.864000
2.864000
2.864000
2.864000
2.864000
2.864000
2.864000
2.924000
2.924000
2.924000
2.924000
2.924000
2.924000
2.983000
2.983000
2.983000
2.983000
2.983000
2.983000
3.043000
3.043000
3.043000
3.043000
3.043000
3.043000
3.043000
3.043000
3.043000
3.043000
3.043000
3.043000
3.043000
3.102000
3.102000
3.102000
3.102000
3.102000
3.102000
3.102000
3.102000
3.102000
3.162000
3.162000
3.162000
3.162000
3.162000
3.162000
3.162000
3.221000
3.221000
3.221000
3.221000
3.221000
3.221000
3.221000
3.221000
3.221000
3.221000
3.221000
3.221000
3.281000
3.281000
3.281000
3.281000
3.281000
3.281000
3.281000
3.281000
3.281000
3.281000
3.281000
3.340000
3.340000
3.340000
3.340000
3.340000
3.340000
3.340000
3.340000
3.340000
3.340000
3.400000
3.400000
3.400000
3.400000
3.400000
3.400000
3.400000
3.400000
3.400000
3.400000
3.400000
3.400000
3.459000
3.459000
3.459000
3.459000
3.459000
3.459000
3.459000
3.459000
3.459000
3.459000
3.459000
3.519000
3.519000
3.519000
3.519000
3.519000
3.519000
3.519000
3.519000
3.519000
3.519000
3.519000
3.578000
3.578000
3.578000
3.578000
3.578000
3.578000
3.578000
3.578000
3.578000
3.578000
3.578000
3.578000
3.578000
3.578000
3.638000
3.638000
3.638000
3.638000
3.638000
3.638000
3.638000
3.638000
3.638000
3.638000
3.638000
3.638000
3.638000
3.638000
3.697000
3.697000
3.697000
3.697000
3.697000
3.697000
3.697000
3.697000
3.697000
3.697000
3.697000
3.697000
3.697000
3.697000
3.738000
3.738000
3.738000
3.738000
3.738000
3.738000
3.779000
3.779000
3.779000
3.820000
3.820000
3.820000
3.820000
3.820000
3.820000
3.820000
3.820000
3.820000
3.820000
3.820000
3.860000
3.860000
3.860000
3.860000
3.860000
3.901000
3.901000
3.901000
3.901000
3.901000
3.901000
3.901000
3.901000
3.901000
3.901000
3.901000
3.942000
3.942000
3.942000
3.942000
3.942000
3.942000
3.942000
3.942000
3.942000
3.942000
3.942000
3.942000
3.942000
3.942000
3.942000
3.942000
3.942000
3.942000
3.942000
3.942000
3.982000
3.982000
3.982000
3.982000
3.982000
3.982000
3.982000
3.982000
3.982000
3.982000
4.023000
4.023000
4.023000
4.023000
4.023000
4.023000
4.023000
4.023000
4.023000
4.023000
4.023000
4.023000
4.023000
4.023000
4.023000
4.023000
4.064000
4.064000
4.064000
4.064000
4.064000
4.064000
4.064000
4.064000
4.064000
4.064000
4.064000
4.064000
4.064000
4.064000
4.064000
4.064000
4.064000
4.104000
4.104000
4.104000
4.104000
4.104000
4.104000
4.145000
4.145000
4.145000
4.145000
4.145000
4.145000
4.145000
4.145000
4.145000
4.145000
4.145000
4.145000
4.145000
4.145000
4.145000
4.186000
4.186000
4.186000
4.186000
4.186000
4.186000
4.186000
4.186000
4.186000
4.186000
4.227000
4.227000
4.227000
4.227000
4.227000
4.227000
4.227000
4.267000
4.267000
4.267000
4.267000
4.267000
4.267000
4.267000
4.267000
4.267000
4.267000
4.267000
4.267000
4.267000
4.267000
4.308000
4.308000
4.308000
4.308000
4.308000
4.308000
4.308000
4.349000
4.349000
4.349000
4.349000
4.349000
4.349000
4.349000
4.349000
4.349000
4.349000
4.349000
4.389000
4.389000
4.389000
4.389000
4.389000
4.389000
4.389000
4.389000
4.430000
4.430000
4.430000
4.430000
4.430000
4.430000
4.430000
4.430000
4.430000
4.471000
4.471000
4.471000
4.471000
4.471000
4.471000
4.511000
4.511000
4.511000
4.511000
4.511000
4.511000
4.511000
4.552000
4.552000
4.552000
4.552000
4.552000
4.552000
4.552000
4.552000
4.593000
4.593000
4.593000
4.593000
4.593000
4.593000
4.593000
4.593000
4.634000
4.634000
4.634000
4.634000
4.634000
4.674000
4.674000
4.674000
4.674000
4.674000
4.674000
4.674000
4.674000
4.674000
4.674000
4.674000
4.674000
4.715000
4.715000
4.715000
4.715000
4.715000
4.715000
4.715000
4.715000
4.715000
4.715000
4.715000
4.715000
4.715000
4.715000
4.756000
4.756000
4.756000
4.756000
4.756000
4.756000
4.756000
4.756000
4.796000
4.796000
4.796000
4.796000
4.796000
4.796000
4.837000
4.837000
4.837000
4.837000
4.837000
4.837000
4.837000
4.837000
4.878000
4.878000
4.878000
4.878000
4.878000
4.878000
4.878000
4.878000
4.878000
4.878000
4.918000
4.918000
4.918000
4.918000
4.918000
4.918000
4.918000
4.918000
4.918000
4.918000
4.918000
4.918000
4.918000
4.918000
4.918000
4.918000
4.959000
4.959000
4.959000
4.959000
4.959000
4.959000
4.959000
4.959000
4.959000
4.959000
4.959000
5.000000
5.000000
5.000000
5.000000
5.000000
5.000000
5.000000
5.000000
5.000000
5.000000
5.000000
5.000000
5.000000
5.041000
5.041000
5.041000
5.041000
5.041000
5.041000
5.041000
5.041000
5.041000
5.041000
5.081000
5.081000
5.081000
5.081000
5.081000
5.081000
5.081000
5.081000
5.081000
5.081000
5.081000
5.081000
5.081000
5.081000
5.081000
5.122000
5.122000
5.122000
5.122000
5.122000
5.122000
5.163000
5.163000
5.163000
5.163000
5.163000
5.203000
5.203000
5.203000
5.203000
5.203000
5.203000
5.203000
5.203000
5.203000
5.203000
5.203000
5.203000
5.203000
5.244000
5.244000
5.244000
5.244000
5.244000
5.285000
5.285000
5.285000
5.285000
5.285000
5.285000
5.285000
5.285000
5.285000
5.285000
5.285000
5.285000
5.285000
5.285000
5.285000
5.285000
5.325000
5.325000
5.325000
5.325000
5.325000
5.325000
5.325000
5.366000
5.366000
5.366000
5.366000
5.366000
5.366000
5.366000
5.366000
5.366000
5.366000
5.366000
5.366000
5.366000
5.366000
5.407000
5.407000
5.407000
5.407000
5.407000
5.407000
5.407000
5.407000
5.407000
5.448000
5.448000
5.448000
5.448000
5.448000
5.448000
5.488000
5.488000
5.488000
5.488000
5.488000
5.488000
5.488000
5.488000
5.529000
5.529000
5.529000
5.529000
5.529000
5.529000
5.529000
5.529000
5.802000
5.802000
5.802000
5.802000
5.802000
5.802000
5.802000
5.802000
5.802000
5.802000
6.075000
6.075000
6.075000
6.075000
6.075000
6.075000
6.075000
6.075000
6.075000
6.075000
6.348000
6.348000
6.348000
6.348000
6.348000
6.348000
6.348000
6.348000
6.348000
6.348000
6.620000
6.620000
6.620000
6.620000
6.620000
6.620000
6.620000
6.620000
6.620000
6.620000
6.620000
6.620000
6.620000
6.620000
6.825000
6.825000
6.825000
6.825000
6.825000
6.825000
6.825000
6.825000
6.825000
