0.000000
0.000000
0.000000
0.000000
0.000000
0.000000
0.000000
0.000000
0.000000
0.000000
0.000000
0.000000
0.000000
0.000000
0.000000
0.000000
0.000000
0.000000
0.000000
0.000000
0.000000
0.000000
0.000000
0.000000
0.000000
0.000000
0.000000
0.000000
0.000000
0.000000
0.000000
0.000000
0.000000
0.000000
0.000000
0.000000
0.000000
0.000000
0.000000
0.000000
0.303800
0.303800
0.303800
0.303800
0.303800
0.303800
0.303800
0.303800
2.876000
2.876000
2.876000
2.876000
2.876000
2.876000
2.876000
2.876000
2.876000
3.361000
3.361000
3.361000
3.361000
3.361000
3.361000
3.361000
3.361000
3.361000
3.846000
3.846000
3.846000
3.846000
3.846000
3.846000
3.846000
3.846000
3.846000
3.846000
4.330000
4.330000
4.330000
4.330000
4.330000
4.330000
4.330000
4.330000
4.330000
4.330000
4.330000
4.330000
4.815000
4.815000
4.815000
4.815000
4.815000
4.815000
4.815000
5.300000
5.300000
5.300000
5.300000
5.300000
5.300000
5.300000
5.300000
5.300000
5.300000
5.300000
5.300000
5.300000
5.300000
5.300000
5.300000
5.300000
5.784000
5.784000
5.784000
5.784000
5.784000
5.784000
5.784000
5.784000
5.784000
6.269000
6.269000
6.269000
6.269000
6.269000
6.269000
6.269000
6.269000
6.269000
6.269000
6.754000
6.754000
6.754000
6.754000
6.754000
6.754000
6.754000
6.754000
6.754000
6.754000
6.754000
6.754000
6.754000
6.754000
6.754000
6.754000
7.238000
7.238000
7.238000
7.238000
7.238000
7.238000
7.238000
7.238000
7.238000
7.238000
7.238000
7.238000
7.723000
7.723000
7.723000
7.723000
7.723000
7.723000
7.723000
7.723000
7.723000
7.723000
7.723000
7.723000
7.723000
8.208000
8.208000
8.208000
8.208000
8.208000
8.208000
8.693000
8.693000
8.693000
8.693000
8.693000
8.693000
8.693000
8.693000
8.693000
8.693000
9.177000
9.177000
9.177000
9.177000
9.177000
9.177000
9.177000
9.177000
9.177000
9.177000
9.662000
9.662000
9.662000
9.662000
9.662000
9.662000
9.662000
9.662000
9.662000
9.662000
9.662000
9.662000
9.662000
10.150000
10.150000
10.150000
10.150000
10.150000
10.150000
10.150000
10.150000
10.150000
10.150000
10.630000
10.630000
10.630000
10.630000
10.630000
10.630000
10.630000
10.630000
10.630000
10.630000
10.630000
10.630000
11.120000
11.120000
11.120000
11.120000
11.120000
11.120000
11.120000
11.120000
11.120000
11.120000
11.120000
11.120000
11.600000
11.600000
11.600000
11.600000
11.600000
11.600000
11.600000
11.600000
11.600000
11.600000
11.600000
11.600000
12.090000
12.090000
12.090000
12.090000
12.090000
12.090000
12.090000
12.090000
12.090000
12.570000
12.570000
12.570000
12.570000
12.570000
12.570000
12.570000
12.570000
12.570000
12.570000
12.570000
12.570000
12.570000
12.570000
12.570000
12.570000
13.050000
13.050000
13.050000
13.050000
13.050000
13.050000
13.050000
13.050000
13.540000
13.540000
13.540000
13.540000
13.540000
13.540000
13.540000
13.540000
13.540000
13.540000
14.020000
14.020000
14.020000
14.020000
14.020000
14.020000
14.510000
14.510000
14.510000
14.510000
14.510000
14.510000
14.510000
14.990000
14.990000
14.990000
14.990000
14.990000
14.990000
14.990000
14.990000
14.990000
14.990000
15.480000
15.480000
15.480000
15.480000
15.480000
15.480000
15.480000
15.480000
15.480000
15.960000
15.960000
15.960000
15.960000
15.960000
15.960000
15.960000
15.960000
16.450001
16.450001
16.450001
16.450001
16.450001
16.450001
16.450001
16.450001
16.930000
16.930000
16.930000
16.930000
16.930000
16.930000
16.930000
16.930000
16.930000
16.930000
16.930000
16.930000
16.930000
16.930000
16.930000
17.420000
17.420000
17.420000
17.420000
17.420000
17.420000
17.420000
17.420000
17.420000
17.420000
17.420000
17.420000
17.900000
17.900000
17.900000
17.900000
17.900000
17.900000
17.900000
17.900000
17.900000
17.900000
18.389999
18.389999
18.389999
18.389999
18.389999
18.389999
18.389999
18.389999
18.389999
18.389999
18.870001
18.870001
18.870001
18.870001
18.870001
18.870001
18.870001
19.360001
19.360001
19.360001
19.360001
19.360001
19.360001
19.360001
19.360001
19.360001
19.360001
19.360001
19.360001
19.360001
19.360001
19.360001
19.840000
19.840000
19.840000
19.840000
19.840000
19.840000
19.840000
19.840000
19.840000
20.330000
20.330000
20.330000
20.330000
20.330000
20.330000
20.330000
20.330000
20.330000
20.809999
20.809999
20.809999
20.809999
20.809999
20.809999
20.809999
20.809999
20.809999
20.809999
20.809999
20.809999
21.290001
21.290001
21.290001
21.290001
21.290001
21.290001
21.290001
21.290001
21.780001
21.780001
21.780001
21.780001
21.780001
21.780001
22.260000
22.260000
22.260000
22.260000
22.260000
22.260000
22.260000
22.750000
22.750000
22.750000
22.750000
22.750000
22.750000
23.230000
23.230000
23.230000
23.230000
23.230000
23.230000
23.230000
23.230000
23.230000
23.230000
23.719999
23.719999
23.719999
23.719999
23.719999
23.719999
23.719999
23.719999
24.200001
24.200001
24.200001
24.200001
24.200001
24.200001
24.200001
24.200001
24.200001
24.200001
24.200001
24.200001
24.200001
24.690001
24.690001
24.690001
24.690001
24.690001
24.690001
25.639999
25.639999
25.639999
25.639999
25.639999
25.639999
25.639999
25.639999
25.639999
25.639999
26.590000
26.590000
26.590000
26.590000
26.590000
26.590000
26.590000
26.590000
26.590000
26.590000
26.590000
26.590000
27.540001
27.540001
27.540001
27.540001
27.540001
27.540001
27.540001
27.540001
27.540001
27.540001
28.490000
28.490000
28.490000
28.490000
28.490000
28.490000
28.490000
29.440001
29.440001
29.440001
29.440001
29.440001
29.440001
29.440001
29.440001
29.440001
29.440001
29.440001
30.389999
30.389999
30.389999
30.389999
30.389999
30.389999
30.389999
30.389999
30.389999
31.340000
31.340000
31.340000
31.340000
31.340000
31.340000
31.340000
31.340000
31.340000
31.340000
32.290001
32.290001
32.290001
32.290001
32.290001
32.290001
32.290001
32.290001
32.290001
32.290001
33.250000
33.250000
33.250000
33.250000
33.250000
33.250000
33.250000
33.250000
33.250000
34.200001
34.200001
34.200001
34.200001
34.200001
35.150002
35.150002
35.150002
35.150002
35.150002
35.150002
35.150002
35.150002
35.150002
36.099998
36.099998
36.099998
36.099998
36.099998
36.099998
36.099998
36.099998
36.099998
36.099998
37.049999
37.049999
37.049999
37.049999
37.049999
37.049999
37.049999
37.049999
38.000000
38.000000
38.000000
38.000000
38.950001
38.950001
38.950001
38.950001
39.900002
39.900002
39.900002
39.900002
39.900002
39.900002
39.900002
39.900002
40.849998
40.849998
40.849998
40.849998
40.849998
40.849998
40.849998
40.849998
40.849998
40.849998
40.849998
41.799999
41.799999
41.799999
41.799999
41.799999
41.799999
41.799999
41.799999
41.799999
42.750000
42.750000
42.750000
42.750000
42.750000
42.750000
42.750000
42.750000
42.750000
42.750000
42.750000
42.750000
42.750000
42.750000
43.700001
43.700001
43.700001
43.700001
43.700001
43.700001
43.700001
43.700001
43.700001
43.700001
43.700001
43.700001
43.700001
43.700001
44.660000
44.660000
44.660000
44.660000
44.660000
44.660000
44.660000
44.660000
44.660000
44.660000
44.660000
44.660000
44.660000
44.660000
44.660000
44.660000
44.660000
44.660000
44.660000
45.610001
45.610001
45.610001
45.610001
45.610001
45.610001
45.610001
45.610001
46.560001
46.560001
46.560001
46.560001
46.560001
46.560001
46.560001
46.560001
46.560001
46.560001
47.509998
47.509998
47.509998
47.509998
47.509998
47.509998
47.509998
47.509998
47.509998
47.509998
47.509998
47.509998
47.509998
47.509998
47.509998
47.509998
48.459999
48.459999
48.459999
48.459999
48.459999
48.459999
48.459999
48.459999
48.459999
48.459999
49.410000
49.410000
49.410000
49.410000
49.410000
49.410000
49.410000
49.410000
49.410000
49.410000
49.410000
49.410000
49.410000
49.410000
50.360001
50.360001
50.360001
50.360001
50.360001
50.360001
50.360001
50.360001
51.310001
51.310001
51.310001
51.310001
51.310001
51.310001
51.310001
51.310001
51.310001
51.310001
51.310001
51.310001
52.259998
52.259998
52.259998
52.259998
52.259998
52.259998
52.259998
52.259998
53.209999
53.209999
53.209999
53.209999
53.209999
53.209999
53.209999
53.209999
53.209999
53.209999
54.160000
54.160000
54.160000
54.160000
54.160000
54.160000
54.160000
54.160000
54.160000
55.110001
55.110001
55.110001
55.110001
55.110001
55.110001
55.110001
55.110001
55.110001
55.110001
56.070000
56.070000
56.070000
56.070000
56.070000
57.020000
57.020000
57.020000
57.020000
57.020000
57.970001
57.970001
57.970001
57.970001
57.970001
57.970001
57.970001
57.970001
58.919998
58.919998
58.919998
58.919998
58.919998
58.919998
58.919998
58.919998
58.919998
58.919998
58.919998
59.869999
59.869999
59.869999
59.869999
59.869999
59.869999
59.869999
59.869999
59.869999
59.869999
59.869999
59.869999
59.869999
59.869999
59.869999
60.820000
60.820000
60.820000
60.820000
60.820000
60.820000
60.820000
60.820000
60.820000
61.770000
61.770000
61.770000
61.770000
62.720001
62.720001
62.720001
62.720001
62.720001
62.720001
62.720001
63.669998
63.669998
63.669998
63.669998
63.669998
63.669998
63.669998
63.669998
63.669998
63.669998
63.669998
64.620003
64.620003
64.620003
64.620003
64.620003
64.620003
64.620003
64.620003
64.620003
64.620003
64.620003
64.620003
65.570000
65.570000
65.570000
65.570000
65.570000
65.570000
65.570000
65.570000
65.570000
65.570000
65.570000
65.570000
65.570000
65.570000
66.519997
66.519997
66.519997
66.519997
66.519997
66.519997
66.519997
66.519997
67.480003
67.480003
67.480003
67.480003
67.480003
67.480003
67.480003
67.480003
67.480003
74.910004
74.910004
74.910004
74.910004
74.910004
74.910004
74.910004
74.910004
74.910004
74.910004
74.910004
82.339996
82.339996
82.339996
82.339996
82.339996
82.339996
82.339996
82.339996
89.769997
89.769997
89.769997
89.769997
89.769997
89.769997
89.769997
89.769997
89.769997
89.769997
97.199997
97.199997
97.199997
97.199997
97.199997
97.199997
97.199997
97.199997
97.199997
97.199997
97.199997
102.800003
102.800003
102.800003
102.800003
102.800003
102.800003
102.800003
102.800003
102.800003
102.800003
102.800003
102.800003
102.800003
