0.000000
0.000000
0.000000
0.000000
0.000000
0.000000
0.000000
0.000000
0.000000
0.000000
0.000000
0.000000
0.000000
0.000000
0.000000
0.000000
0.000000
0.000000
0.000000
0.000000
0.000000
0.000000
0.000000
0.000000
0.000000
0.000000
0.000000
0.000000
0.000000
0.000000
0.000000
0.000000
0.000000
0.000000
0.000000
0.000000
0.000000
0.000000
0.000000
0.000000
0.000000
0.000000
0.000000
0.000000
0.438300
0.438300
0.438300
0.438300
0.438300
0.438300
0.438300
0.438300
0.438300
0.438300
0.559000
0.559000
0.559000
0.559000
0.559000
0.559000
0.559000
0.559000
0.559000
0.559000
0.559000
0.559000
0.679700
0.679700
0.679700
0.679700
0.679700
0.679700
0.679700
0.679700
0.679700
0.800300
0.800300
0.800300
0.800300
0.800300
0.800300
0.800300
0.800300
0.921000
0.921000
0.921000
0.921000
0.921000
0.921000
0.921000
0.921000
1.042000
1.042000
1.042000
1.042000
1.042000
1.042000
1.042000
1.042000
1.042000
1.042000
1.042000
1.042000
1.042000
1.162000
1.162000
1.162000
1.162000
1.162000
1.162000
1.162000
1.162000
1.162000
1.162000
1.162000
1.162000
1.162000
1.283000
1.283000
1.283000
1.283000
1.283000
1.283000
1.283000
1.283000
1.283000
1.283000
1.404000
1.404000
1.404000
1.404000
1.404000
1.404000
1.404000
1.404000
1.524000
1.524000
1.524000
1.524000
1.524000
1.524000
1.524000
1.524000
1.524000
1.645000
1.645000
1.645000
1.645000
1.645000
1.645000
1.645000
1.645000
1.766000
1.766000
1.766000
1.766000
1.766000
1.766000
1.766000
1.766000
1.766000
1.766000
1.766000
1.886000
1.886000
1.886000
1.886000
1.886000
2.007000
2.007000
2.007000
2.007000
2.007000
2.007000
2.007000
2.007000
2.007000
2.007000
2.007000
2.007000
2.007000
2.007000
2.127000
2.127000
2.127000
2.127000
2.127000
2.127000
2.127000
2.127000
2.127000
2.127000
2.127000
2.127000
2.127000
2.127000
2.127000
2.127000
2.248000
2.248000
2.248000
2.248000
2.248000
2.248000
2.248000
2.369000
2.369000
2.369000
2.369000
2.369000
2.369000
2.369000
2.369000
2.369000
2.489000
2.489000
2.489000
2.489000
2.489000
2.489000
2.489000
2.489000
2.489000
2.489000
2.610000
2.610000
2.610000
2.610000
2.610000
2.610000
2.610000
2.610000
2.610000
2.610000
2.610000
2.610000
2.610000
2.731000
2.731000
2.731000
2.731000
2.731000
2.731000
2.731000
2.731000
2.731000
2.851000
2.851000
2.851000
2.851000
2.851000
2.851000
2.851000
2.972000
2.972000
2.972000
2.972000
2.972000
2.972000
2.972000
2.972000
3.093000
3.093000
3.093000
3.093000
3.093000
3.093000
3.093000
3.093000
3.213000
3.213000
3.213000
3.213000
3.213000
3.213000
3.213000
3.334000
3.334000
3.334000
3.334000
3.334000
3.334000
3.334000
3.334000
3.334000
3.455000
3.455000
3.455000
3.455000
3.455000
3.455000
3.455000
3.455000
3.455000
3.455000
3.455000
3.575000
3.575000
3.575000
3.575000
3.575000
3.575000
3.696000
3.696000
3.696000
3.696000
3.696000
3.696000
3.696000
3.696000
3.696000
3.696000
3.696000
3.696000
3.817000
3.817000
3.817000
3.817000
3.817000
3.817000
3.817000
3.817000
3.817000
3.937000
3.937000
3.937000
3.937000
3.937000
3.937000
3.937000
3.937000
3.937000
3.937000
3.937000
3.937000
3.937000
3.937000
3.937000
4.058000
4.058000
4.058000
4.058000
4.179000
4.179000
4.179000
4.179000
4.179000
4.179000
4.179000
4.179000
4.179000
4.179000
4.299000
4.299000
4.299000
4.299000
4.299000
4.299000
4.299000
4.299000
4.299000
4.420000
4.420000
4.420000
4.420000
4.420000
4.420000
4.420000
4.541000
4.541000
4.541000
4.541000
4.541000
4.541000
4.661000
4.661000
4.661000
4.661000
4.661000
4.661000
4.661000
4.661000
4.782000
4.782000
4.782000
4.782000
4.782000
4.782000
4.782000
4.782000
4.782000
4.782000
4.902000
4.902000
4.902000
4.902000
4.902000
4.902000
4.902000
5.023000
5.023000
5.023000
5.023000
5.023000
5.023000
5.023000
5.023000
5.144000
5.144000
5.144000
5.144000
5.144000
5.144000
5.144000
5.144000
5.144000
5.264000
5.264000
5.264000
5.264000
5.264000
5.264000
5.264000
5.264000
5.264000
5.264000
5.264000
5.264000
5.264000
5.385000
5.385000
5.385000
5.385000
5.385000
5.385000
5.385000
5.385000
5.385000
5.385000
5.385000
5.385000
5.385000
5.385000
5.506000
5.506000
5.506000
5.506000
5.506000
5.506000
5.506000
5.626000
5.626000
5.626000
5.626000
5.626000
5.626000
5.626000
5.626000
5.626000
5.626000
5.626000
5.747000
5.747000
5.747000
5.747000
5.747000
5.747000
5.747000
5.747000
5.747000
5.747000
5.747000
5.747000
5.747000
5.868000
5.868000
5.868000
5.868000
6.276000
6.276000
6.276000
6.276000
6.276000
6.276000
6.276000
6.276000
6.684000
6.684000
6.684000
6.684000
6.684000
6.684000
6.684000
6.684000
6.684000
6.684000
7.092000
7.092000
7.092000
7.092000
7.092000
7.092000
7.092000
7.092000
7.092000
7.092000
7.092000
7.092000
7.092000
7.092000
7.500000
7.500000
7.500000
7.500000
7.500000
7.500000
7.500000
7.500000
7.500000
7.500000
7.500000
7.500000
7.500000
7.500000
7.500000
7.500000
7.500000
7.500000
7.908000
7.908000
7.908000
7.908000
7.908000
7.908000
7.908000
7.908000
7.908000
7.908000
7.908000
7.908000
7.908000
7.908000
8.316000
8.316000
8.316000
8.316000
8.316000
8.316000
8.316000
8.316000
8.316000
8.316000
8.316000
8.724000
8.724000
8.724000
8.724000
8.724000
8.724000
8.724000
8.724000
8.724000
8.724000
8.724000
8.724000
8.724000
8.724000
9.132000
9.132000
9.132000
9.132000
9.132000
9.132000
9.132000
9.132000
9.132000
9.132000
9.540000
9.540000
9.540000
9.540000
9.540000
9.540000
9.540000
9.540000
9.540000
9.540000
9.948000
9.948000
9.948000
9.948000
9.948000
9.948000
10.360000
10.360000
10.360000
10.360000
10.360000
10.360000
10.360000
10.360000
10.360000
10.360000
10.760000
10.760000
10.760000
10.760000
10.760000
10.760000
10.760000
10.760000
10.760000
11.170000
11.170000
11.170000
11.170000
11.170000
11.170000
11.170000
11.170000
11.170000
11.170000
11.170000
11.170000
11.170000
11.580000
11.580000
11.580000
11.580000
11.580000
11.580000
11.580000
11.580000
11.580000
11.990000
11.990000
11.990000
11.990000
11.990000
11.990000
11.990000
11.990000
11.990000
11.990000
11.990000
11.990000
11.990000
12.400000
12.400000
12.400000
12.400000
12.400000
12.400000
12.400000
12.400000
12.400000
12.400000
12.400000
12.400000
12.400000
12.400000
12.800000
12.800000
12.800000
12.800000
12.800000
12.800000
12.800000
12.800000
12.800000
12.800000
12.800000
12.800000
13.210000
13.210000
13.210000
13.210000
13.210000
13.210000
13.210000
13.210000
13.210000
13.210000
13.210000
13.210000
13.210000
13.620000
13.620000
13.620000
13.620000
13.620000
13.620000
13.620000
13.620000
13.620000
13.620000
13.620000
14.030000
14.030000
14.030000
14.030000
14.030000
14.030000
14.030000
14.030000
14.030000
14.030000
14.440000
14.440000
14.440000
14.440000
14.440000
14.440000
14.440000
14.440000
14.440000
14.850000
14.850000
14.850000
14.850000
14.850000
14.850000
14.850000
14.850000
14.850000
14.850000
14.850000
14.850000
15.250000
15.250000
15.250000
15.250000
15.250000
15.250000
15.250000
15.250000
15.250000
15.250000
15.250000
15.250000
15.250000
15.250000
15.660000
15.660000
15.660000
15.660000
15.660000
15.660000
15.660000
15.660000
15.660000
15.660000
16.070000
16.070000
16.070000
16.070000
16.070000
16.070000
16.070000
16.070000
16.070000
16.480000
16.480000
16.480000
16.480000
16.889999
16.889999
16.889999
16.889999
16.889999
16.889999
17.290001
17.290001
17.290001
17.290001
17.290001
17.290001
17.290001
17.290001
17.290001
17.700001
17.700001
17.700001
17.700001
17.700001
17.700001
17.700001
17.700001
17.700001
17.700001
17.700001
17.700001
18.110001
18.110001
18.110001
18.110001
18.110001
18.110001
18.110001
18.110001
18.110001
18.110001
18.110001
18.110001
18.110001
18.520000
18.520000
18.520000
18.520000
18.520000
18.520000
18.520000
18.520000
18.520000
18.930000
18.930000
18.930000
18.930000
18.930000
18.930000
18.930000
18.930000
18.930000
18.930000
18.930000
18.930000
19.330000
19.330000
19.330000
19.330000
19.330000
19.330000
19.330000
19.330000
19.330000
19.330000
19.740000
19.740000
19.740000
19.740000
19.740000
19.740000
19.740000
20.150000
20.150000
20.150000
20.150000
20.150000
20.150000
20.150000
20.150000
20.150000
20.150000
20.150000
20.150000
20.559999
20.559999
20.559999
20.559999
20.559999
20.559999
20.559999
20.559999
20.559999
20.559999
20.969999
20.969999
20.969999
20.969999
20.969999
20.969999
20.969999
20.969999
20.969999
21.370001
21.370001
21.370001
21.370001
21.370001
21.370001
21.370001
21.370001
21.370001
21.370001
21.370001
21.370001
21.370001
21.780001
21.780001
21.780001
21.780001
21.780001
21.780001
21.780001
21.780001
22.190001
22.190001
22.190001
22.190001
22.190001
22.190001
22.190001
22.190001
22.190001
22.190001
22.190001
22.190001
22.190001
22.600000
22.600000
22.600000
22.600000
22.600000
23.010000
23.010000
23.010000
23.010000
23.010000
23.010000
23.010000
23.010000
23.010000
23.010000
23.010000
23.410000
23.410000
23.410000
23.410000
23.410000
23.410000
23.410000
23.410000
23.410000
23.410000
23.410000
23.410000
23.820000
23.820000
23.820000
23.820000
23.820000
23.820000
23.820000
23.820000
23.820000
24.230000
24.230000
24.230000
24.230000
24.230000
24.230000
24.230000
24.230000
24.230000
24.230000
31.719999
31.719999
31.719999
31.719999
31.719999
31.719999
31.719999
31.719999
31.719999
39.209999
39.209999
39.209999
39.209999
46.700001
46.700001
46.700001
46.700001
46.700001
46.700001
46.700001
46.700001
46.700001
46.700001
46.700001
54.189999
54.189999
54.189999
54.189999
54.189999
54.189999
54.189999
54.189999
54.189999
59.810001
59.810001
59.810001
59.810001
59.810001
59.810001
59.810001
59.810001
59.810001
59.810001
59.810001
59.810001
