0.000000
0.000000
0.000000
0.000000
0.000000
0.000000
0.000000
0.000000
0.000000
0.000000
0.000000
0.000000
0.000000
0.000000
0.000000
0.000000
0.000000
0.000000
0.000000
0.000000
0.000000
0.000000
0.000000
0.000000
0.000000
0.000000
0.000000
0.000000
0.000000
0.000000
0.000000
0.000000
0.000000
0.000000
0.000000
0.000000
0.000000
0.000000
0.000000
0.000000
0.000000
0.000000
0.000000
0.000000
0.000000
0.000000
0.000000
0.000000
0.000000
1.174000
1.174000
1.174000
1.174000
1.174000
1.174000
1.174000
1.174000
1.174000
1.438000
1.438000
1.438000
1.438000
1.438000
1.438000
1.438000
1.438000
1.438000
1.438000
1.438000
1.703000
1.703000
1.703000
1.703000
1.703000
1.703000
1.703000
1.703000
1.703000
1.703000
1.703000
1.703000
1.967000
1.967000
1.967000
1.967000
1.967000
1.967000
1.967000
1.967000
1.967000
1.967000
1.967000
1.967000
2.232000
2.232000
2.232000
2.232000
2.232000
2.232000
2.232000
2.232000
2.232000
2.232000
2.232000
2.232000
2.232000
2.232000
2.496000
2.496000
2.496000
2.496000
2.496000
2.496000
2.496000
2.496000
2.496000
2.496000
2.496000
2.496000
2.496000
2.496000
2.496000
2.761000
2.761000
2.761000
2.761000
2.761000
2.761000
2.761000
3.025000
3.025000
3.025000
3.025000
3.025000
3.289000
3.289000
3.289000
3.289000
3.289000
3.289000
3.554000
3.554000
3.554000
3.554000
3.554000
3.554000
3.554000
3.818000
3.818000
3.818000
3.818000
3.818000
3.818000
3.818000
3.818000
3.818000
4.083000
4.083000
4.083000
4.083000
4.347000
4.347000
4.347000
4.347000
4.347000
4.347000
4.611000
4.611000
4.611000
4.611000
4.611000
4.611000
4.611000
4.611000
4.611000
4.611000
4.611000
4.611000
4.876000
4.876000
4.876000
4.876000
5.140000
5.140000
5.140000
5.140000
5.140000
5.140000
5.140000
5.140000
5.140000
5.140000
5.405000
5.405000
5.405000
5.405000
5.405000
5.405000
5.405000
5.405000
5.405000
5.405000
5.405000
5.405000
5.405000
5.669000
5.669000
5.669000
5.669000
5.669000
5.669000
5.669000
5.669000
5.934000
5.934000
5.934000
5.934000
5.934000
6.198000
6.198000
6.198000
6.198000
6.198000
6.198000
6.198000
6.198000
6.198000
6.462000
6.462000
6.462000
6.462000
6.462000
6.462000
6.462000
6.462000
6.462000
6.462000
6.727000
6.727000
6.727000
6.727000
6.727000
6.727000
6.727000
6.727000
6.727000
6.727000
6.991000
6.991000
6.991000
6.991000
6.991000
6.991000
6.991000
6.991000
6.991000
7.256000
7.256000
7.256000
7.256000
7.256000
7.256000
7.256000
7.256000
7.256000
7.520000
7.520000
7.520000
7.520000
7.520000
7.520000
7.520000
7.520000
7.784000
7.784000
7.784000
7.784000
7.784000
7.784000
7.784000
7.784000
8.049000
8.049000
8.049000
8.049000
8.049000
8.049000
8.049000
8.313000
8.313000
8.313000
8.313000
8.313000
8.313000
8.313000
8.313000
8.313000
8.313000
8.313000
8.313000
8.313000
8.578000
8.578000
8.578000
8.578000
8.578000
8.578000
8.578000
8.578000
8.578000
8.578000
8.842000
8.842000
8.842000
8.842000
8.842000
8.842000
8.842000
8.842000
8.842000
8.842000
8.842000
8.842000
9.107000
9.107000
9.107000
9.107000
9.107000
9.107000
9.107000
9.107000
9.107000
9.107000
9.107000
9.107000
9.371000
9.371000
9.371000
9.371000
9.371000
9.371000
9.371000
9.371000
9.371000
9.635000
9.635000
9.635000
9.635000
9.635000
9.635000
9.635000
9.635000
9.635000
9.900000
9.900000
9.900000
9.900000
9.900000
9.900000
9.900000
10.160000
10.160000
10.160000
10.160000
10.160000
10.160000
10.160000
10.160000
10.160000
10.160000
10.160000
10.430000
10.430000
10.430000
10.430000
10.430000
10.430000
10.430000
10.430000
10.430000
10.430000
10.430000
10.430000
10.430000
10.430000
10.690000
10.690000
10.690000
10.690000
10.690000
10.690000
10.690000
10.960000
10.960000
10.960000
10.960000
10.960000
11.220000
11.220000
11.220000
11.220000
11.220000
11.220000
11.220000
11.220000
11.220000
11.490000
11.490000
11.490000
11.490000
11.490000
11.490000
11.490000
11.490000
11.490000
11.490000
11.750000
11.750000
11.750000
11.750000
11.750000
11.750000
11.750000
11.750000
12.020000
12.020000
12.020000
12.020000
12.020000
12.020000
12.020000
12.020000
12.020000
12.020000
12.020000
12.020000
12.280000
12.280000
12.280000
12.280000
12.280000
12.540000
12.540000
12.540000
12.540000
12.540000
12.540000
12.540000
12.540000
12.540000
12.540000
12.810000
12.810000
12.810000
12.810000
12.810000
12.810000
12.810000
12.810000
12.810000
12.810000
12.810000
12.810000
13.070000
13.070000
13.070000
13.070000
13.070000
13.070000
13.070000
13.070000
13.070000
13.070000
13.070000
13.070000
13.070000
13.070000
14.030000
14.030000
14.030000
14.030000
14.030000
14.030000
14.030000
14.030000
14.030000
14.990000
14.990000
14.990000
14.990000
14.990000
14.990000
14.990000
14.990000
14.990000
14.990000
14.990000
14.990000
14.990000
15.950000
15.950000
15.950000
15.950000
15.950000
15.950000
15.950000
16.910000
16.910000
16.910000
16.910000
16.910000
16.910000
16.910000
16.910000
16.910000
16.910000
16.910000
16.910000
17.870001
17.870001
17.870001
17.870001
17.870001
17.870001
17.870001
17.870001
17.870001
17.870001
18.820000
18.820000
18.820000
18.820000
18.820000
18.820000
18.820000
18.820000
18.820000
18.820000
18.820000
18.820000
19.780001
19.780001
19.780001
19.780001
19.780001
19.780001
19.780001
19.780001
19.780001
19.780001
19.780001
19.780001
19.780001
19.780001
19.780001
19.780001
19.780001
20.740000
20.740000
20.740000
20.740000
20.740000
20.740000
20.740000
20.740000
20.740000
20.740000
20.740000
20.740000
20.740000
20.740000
20.740000
21.700001
21.700001
21.700001
21.700001
21.700001
21.700001
21.700001
21.700001
22.660000
22.660000
22.660000
22.660000
22.660000
22.660000
22.660000
22.660000
22.660000
23.620001
23.620001
23.620001
23.620001
23.620001
23.620001
23.620001
24.580000
24.580000
24.580000
24.580000
24.580000
24.580000
24.580000
24.580000
24.580000
24.580000
24.580000
24.580000
24.580000
24.580000
24.580000
25.530001
25.530001
25.530001
25.530001
25.530001
25.530001
25.530001
25.530001
25.530001
26.490000
26.490000
26.490000
26.490000
26.490000
26.490000
27.450001
27.450001
27.450001
27.450001
27.450001
27.450001
27.450001
27.450001
28.410000
28.410000
28.410000
28.410000
28.410000
28.410000
28.410000
28.410000
28.410000
29.370001
29.370001
29.370001
29.370001
29.370001
29.370001
29.370001
29.370001
29.370001
30.330000
30.330000
30.330000
30.330000
30.330000
30.330000
30.330000
30.330000
30.330000
30.330000
30.330000
31.290001
31.290001
31.290001
31.290001
31.290001
31.290001
31.290001
31.290001
32.240002
32.240002
32.240002
32.240002
32.240002
32.240002
32.240002
32.240002
32.240002
33.200001
33.200001
33.200001
33.200001
33.200001
33.200001
34.160000
34.160000
34.160000
34.160000
34.160000
34.160000
34.160000
34.160000
34.160000
34.160000
35.119999
35.119999
35.119999
35.119999
35.119999
35.119999
35.119999
35.119999
35.119999
35.119999
35.119999
35.119999
35.119999
36.080002
36.080002
36.080002
36.080002
36.080002
36.080002
36.080002
36.080002
36.080002
36.080002
36.080002
36.080002
36.080002
36.080002
36.080002
37.040001
37.040001
37.040001
37.040001
37.040001
37.040001
37.040001
38.000000
38.000000
38.000000
38.000000
38.000000
38.000000
38.000000
38.000000
38.000000
38.000000
38.000000
38.000000
38.950001
38.950001
38.950001
38.950001
38.950001
38.950001
38.950001
38.950001
38.950001
38.950001
38.950001
38.950001
38.950001
39.910000
39.910000
39.910000
39.910000
39.910000
39.910000
39.910000
39.910000
39.910000
39.910000
39.910000
39.910000
39.910000
40.869999
40.869999
40.869999
40.869999
40.869999
40.869999
40.869999
40.869999
40.869999
40.869999
40.869999
41.830002
41.830002
41.830002
41.830002
41.830002
41.830002
41.830002
42.790001
42.790001
42.790001
42.790001
42.790001
42.790001
42.790001
43.750000
43.750000
43.750000
43.750000
43.750000
43.750000
43.750000
43.750000
43.750000
43.750000
43.750000
43.750000
43.750000
43.750000
43.750000
43.750000
43.750000
44.709999
44.709999
44.709999
44.709999
44.709999
44.709999
44.709999
44.709999
44.709999
44.709999
44.709999
44.709999
44.709999
45.660000
45.660000
45.660000
45.660000
45.660000
45.660000
45.660000
45.660000
45.660000
45.660000
46.619999
46.619999
46.619999
46.619999
46.619999
46.619999
46.619999
46.619999
46.619999
46.619999
46.619999
47.580002
47.580002
47.580002
47.580002
47.580002
47.580002
47.580002
47.580002
47.580002
47.580002
47.580002
47.580002
47.580002
47.580002
47.580002
48.540001
48.540001
48.540001
48.540001
48.540001
48.540001
48.540001
48.540001
49.500000
49.500000
49.500000
49.500000
49.500000
49.500000
49.500000
49.500000
49.500000
50.459999
50.459999
50.459999
50.459999
50.459999
50.459999
50.459999
50.459999
50.459999
51.419998
51.419998
51.419998
51.419998
51.419998
51.419998
51.419998
51.419998
51.419998
51.419998
52.369999
52.369999
52.369999
52.369999
52.369999
52.369999
52.369999
52.369999
52.369999
52.369999
52.369999
52.369999
52.369999
52.369999
53.330002
53.330002
53.330002
53.330002
53.330002
53.330002
53.330002
53.330002
53.330002
53.330002
53.330002
53.330002
53.330002
53.330002
54.290001
54.290001
54.290001
54.290001
54.290001
54.290001
54.290001
54.290001
54.290001
54.290001
55.250000
55.250000
55.250000
55.250000
55.250000
55.250000
56.209999
56.209999
56.209999
56.209999
56.209999
56.209999
56.209999
56.209999
56.209999
56.209999
56.209999
60.590000
60.590000
60.590000
60.590000
60.590000
60.590000
60.590000
60.590000
60.590000
60.590000
60.590000
60.590000
60.590000
60.590000
60.590000
60.590000
60.590000
64.959999
64.959999
64.959999
64.959999
64.959999
64.959999
69.339996
69.339996
69.339996
69.339996
69.339996
69.339996
69.339996
69.339996
69.339996
73.720001
73.720001
73.720001
73.720001
73.720001
73.720001
73.720001
73.720001
73.720001
73.720001
77.000000
77.000000
77.000000
77.000000
77.000000
77.000000
77.000000
