0.000000
0.000000
0.000000
0.000000
0.000000
0.000000
0.000000
0.000000
0.000000
0.000000
0.000000
0.000000
0.000000
0.000000
0.000000
0.000000
0.000000
0.000000
0.000000
0.000000
0.000000
0.000000
0.000000
0.000000
0.000000
0.000000
0.000000
0.000000
0.000000
0.000000
0.000000
0.000000
0.000000
0.000000
0.000000
0.000000
0.000000
0.000000
0.000000
0.000000
0.000000
0.000000
0.428800
0.428800
0.428800
0.428800
0.428800
2.277000
2.277000
2.277000
2.277000
2.277000
2.277000
2.277000
2.277000
2.277000
2.524000
2.524000
2.524000
2.524000
2.772000
2.772000
2.772000
2.772000
2.772000
2.772000
2.772000
2.772000
2.772000
2.772000
2.772000
2.772000
2.772000
2.772000
3.020000
3.020000
3.020000
3.020000
3.020000
3.020000
3.020000
3.020000
3.020000
3.020000
3.268000
3.268000
3.268000
3.268000
3.268000
3.268000
3.516000
3.516000
3.516000
3.516000
3.516000
3.516000
3.516000
3.516000
3.516000
3.516000
3.516000
3.763000
3.763000
3.763000
3.763000
3.763000
3.763000
3.763000
3.763000
3.763000
3.763000
3.763000
4.011000
4.011000
4.011000
4.011000
4.011000
4.011000
4.011000
4.011000
4.259000
4.259000
4.259000
4.259000
4.259000
4.259000
4.259000
4.259000
4.259000
4.259000
4.259000
4.259000
4.259000
4.259000
4.259000
4.507000
4.507000
4.507000
4.507000
4.507000
4.507000
4.507000
4.507000
4.507000
4.507000
4.755000
4.755000
4.755000
4.755000
4.755000
4.755000
4.755000
4.755000
4.755000
4.755000
4.755000
5.003000
5.003000
5.003000
5.003000
5.003000
5.003000
5.003000
5.003000
5.003000
5.003000
5.003000
5.250000
5.250000
5.250000
5.250000
5.250000
5.250000
5.250000
5.250000
5.250000
5.250000
5.250000
5.250000
5.498000
5.498000
5.498000
5.498000
5.498000
5.498000
5.498000
5.498000
5.498000
5.498000
5.498000
5.746000
5.746000
5.746000
5.746000
5.746000
5.746000
5.746000
5.746000
5.746000
5.746000
5.746000
5.994000
5.994000
5.994000
5.994000
5.994000
5.994000
5.994000
6.242000
6.242000
6.242000
6.242000
6.242000
6.242000
6.242000
6.242000
6.242000
6.489000
6.489000
6.489000
6.489000
6.489000
6.489000
6.489000
6.489000
6.489000
6.489000
6.737000
6.737000
6.737000
6.737000
6.737000
6.737000
6.737000
6.737000
6.985000
6.985000
6.985000
6.985000
6.985000
6.985000
6.985000
6.985000
6.985000
6.985000
6.985000
7.233000
7.233000
7.233000
7.233000
7.233000
7.233000
7.233000
7.233000
7.481000
7.481000
7.481000
7.481000
7.481000
7.481000
7.481000
7.481000
7.481000
7.481000
7.481000
7.481000
7.481000
7.481000
7.481000
7.728000
7.728000
7.728000
7.728000
7.728000
7.728000
7.728000
7.728000
7.976000
7.976000
7.976000
7.976000
7.976000
7.976000
7.976000
7.976000
7.976000
7.976000
7.976000
7.976000
7.976000
8.224000
8.224000
8.224000
8.224000
8.224000
8.224000
8.224000
8.224000
8.472000
8.472000
8.472000
8.472000
8.472000
8.472000
8.472000
8.472000
8.472000
8.472000
8.720000
8.720000
8.720000
8.720000
8.720000
8.720000
8.720000
8.720000
8.720000
8.720000
8.720000
8.720000
8.720000
8.720000
8.720000
8.720000
8.968000
8.968000
8.968000
8.968000
8.968000
8.968000
8.968000
8.968000
8.968000
8.968000
8.968000
8.968000
8.968000
8.968000
8.968000
9.215000
9.215000
9.215000
9.215000
9.215000
9.215000
9.215000
9.215000
9.215000
9.215000
9.215000
9.215000
9.463000
9.463000
9.463000
9.463000
9.463000
9.711000
9.711000
9.711000
9.711000
9.711000
9.711000
9.711000
9.711000
9.711000
9.711000
9.711000
9.711000
9.711000
9.959000
9.959000
9.959000
9.959000
9.959000
9.959000
9.959000
9.959000
9.959000
10.210000
10.210000
10.210000
10.210000
10.210000
10.210000
10.210000
10.210000
10.210000
10.450000
10.450000
10.450000
10.450000
10.450000
10.450000
10.450000
10.450000
10.450000
10.450000
10.450000
10.450000
10.450000
10.700000
10.700000
10.700000
10.700000
10.700000
10.700000
10.950000
10.950000
10.950000
10.950000
10.950000
10.950000
10.950000
11.200000
11.200000
11.200000
11.200000
11.200000
11.200000
11.200000
11.450000
11.450000
11.450000
11.450000
11.450000
11.450000
11.450000
11.450000
11.450000
11.450000
11.690000
11.690000
11.690000
11.690000
11.690000
11.690000
11.940000
11.940000
11.940000
11.940000
11.940000
11.940000
11.940000
12.190000
12.190000
12.190000
12.190000
12.190000
12.190000
12.190000
12.190000
12.190000
12.440000
12.440000
12.440000
12.440000
12.440000
12.440000
12.680000
12.680000
12.680000
12.680000
12.680000
12.680000
12.680000
12.680000
12.680000
12.680000
12.680000
12.680000
12.930000
12.930000
12.930000
12.930000
12.930000
12.930000
12.930000
12.930000
12.930000
12.930000
12.930000
12.930000
12.930000
13.180000
13.180000
13.180000
13.180000
13.180000
13.180000
13.180000
13.180000
13.180000
13.430000
13.430000
13.430000
13.430000
13.430000
13.430000
13.430000
13.430000
13.430000
13.430000
13.430000
13.430000
13.430000
14.130000
14.130000
14.130000
14.130000
14.130000
14.130000
14.130000
14.130000
14.830000
14.830000
14.830000
14.830000
14.830000
14.830000
14.830000
15.530000
15.530000
15.530000
15.530000
15.530000
15.530000
15.530000
15.530000
15.530000
15.530000
16.230000
16.230000
16.230000
16.230000
16.230000
16.230000
16.230000
16.930000
16.930000
16.930000
16.930000
16.930000
16.930000
16.930000
17.639999
17.639999
17.639999
17.639999
17.639999
17.639999
17.639999
17.639999
17.639999
17.639999
17.639999
17.639999
17.639999
17.639999
18.340000
18.340000
18.340000
18.340000
18.340000
18.340000
18.340000
18.340000
18.340000
18.340000
18.340000
18.340000
18.340000
18.340000
18.340000
19.040001
19.040001
19.040001
19.040001
19.040001
19.040001
19.040001
19.040001
19.040001
19.040001
19.040001
19.040001
19.040001
19.040001
19.040001
19.040001
19.740000
19.740000
19.740000
19.740000
19.740000
19.740000
19.740000
19.740000
19.740000
19.740000
19.740000
19.740000
19.740000
19.740000
19.740000
19.740000
20.440001
20.440001
20.440001
20.440001
20.440001
20.440001
20.440001
20.440001
20.440001
20.440001
20.440001
20.440001
20.440001
20.440001
20.440001
21.139999
21.139999
21.139999
21.139999
21.139999
21.139999
21.139999
21.139999
21.139999
21.139999
21.139999
21.139999
21.139999
21.840000
21.840000
21.840000
21.840000
21.840000
21.840000
21.840000
21.840000
21.840000
22.540001
22.540001
22.540001
22.540001
22.540001
22.540001
22.540001
23.240000
23.240000
23.240000
23.240000
23.240000
23.240000
23.240000
23.240000
23.240000
23.240000
23.950001
23.950001
23.950001
23.950001
23.950001
23.950001
23.950001
23.950001
23.950001
23.950001
23.950001
23.950001
24.650000
24.650000
24.650000
24.650000
24.650000
24.650000
25.350000
25.350000
25.350000
25.350000
25.350000
25.350000
25.350000
25.350000
25.350000
25.350000
25.350000
25.350000
25.350000
25.350000
25.350000
26.049999
26.049999
26.049999
26.049999
26.049999
26.049999
26.049999
26.049999
26.049999
26.049999
26.750000
26.750000
26.750000
26.750000
26.750000
26.750000
26.750000
26.750000
26.750000
26.750000
26.750000
27.450001
27.450001
27.450001
27.450001
27.450001
27.450001
27.450001
27.450001
27.450001
27.450001
28.150000
28.150000
28.150000
28.150000
28.150000
28.150000
28.150000
28.150000
28.150000
28.150000
28.150000
28.150000
28.150000
28.850000
28.850000
28.850000
28.850000
28.850000
28.850000
28.850000
28.850000
29.549999
29.549999
29.549999
29.549999
29.549999
29.549999
29.549999
29.549999
29.549999
29.549999
29.549999
30.260000
30.260000
30.260000
30.260000
30.260000
30.260000
30.260000
30.260000
30.260000
30.260000
30.959999
30.959999
30.959999
30.959999
30.959999
30.959999
30.959999
30.959999
30.959999
30.959999
31.660000
31.660000
31.660000
31.660000
31.660000
32.360001
32.360001
32.360001
32.360001
32.360001
32.360001
32.360001
32.360001
32.360001
32.360001
32.360001
32.360001
32.360001
32.360001
33.060001
33.060001
33.060001
33.060001
33.060001
33.060001
33.759998
33.759998
33.759998
33.759998
33.759998
33.759998
33.759998
33.759998
33.759998
34.459999
34.459999
34.459999
34.459999
34.459999
34.459999
34.459999
34.459999
34.459999
34.459999
35.160000
35.160000
35.160000
35.160000
35.160000
35.160000
35.160000
35.160000
35.160000
35.160000
35.160000
35.160000
35.860001
35.860001
35.860001
35.860001
35.860001
35.860001
35.860001
35.860001
36.570000
36.570000
36.570000
36.570000
36.570000
36.570000
36.570000
36.570000
36.570000
36.570000
36.570000
36.570000
37.270000
37.270000
37.270000
37.270000
37.270000
37.270000
37.970001
37.970001
37.970001
37.970001
37.970001
37.970001
37.970001
37.970001
37.970001
38.669998
38.669998
38.669998
38.669998
38.669998
38.669998
38.669998
38.669998
38.669998
38.669998
39.369999
39.369999
39.369999
39.369999
39.369999
40.070000
40.070000
40.070000
40.070000
40.070000
40.070000
40.070000
40.070000
40.070000
40.070000
40.070000
40.770000
40.770000
40.770000
40.770000
40.770000
40.770000
40.770000
40.770000
40.770000
40.770000
40.770000
40.770000
41.470001
41.470001
41.470001
41.470001
41.470001
41.470001
42.169998
42.169998
42.169998
42.169998
42.169998
42.169998
42.169998
42.169998
42.880001
42.880001
42.880001
42.880001
42.880001
42.880001
42.880001
42.880001
42.880001
43.580002
43.580002
43.580002
43.580002
43.580002
43.580002
43.580002
43.580002
43.580002
43.580002
43.580002
43.580002
43.580002
44.279999
44.279999
44.279999
44.279999
44.279999
44.279999
44.279999
44.980000
44.980000
44.980000
44.980000
44.980000
44.980000
44.980000
44.980000
44.980000
44.980000
44.980000
44.980000
44.980000
50.560001
50.560001
50.560001
50.560001
50.560001
50.560001
50.560001
56.150002
56.150002
56.150002
56.150002
56.150002
56.150002
56.150002
61.730000
61.730000
61.730000
61.730000
61.730000
61.730000
61.730000
61.730000
61.730000
67.309998
67.309998
67.309998
67.309998
67.309998
71.500000
71.500000
71.500000
71.500000
71.500000
71.500000
71.500000
71.500000
71.500000
71.500000
71.500000
71.500000
