0.000000
0.000000
0.000000
0.000000
0.000000
0.000000
0.000000
0.000000
0.000000
0.000000
0.000000
0.000000
0.000000
0.000000
0.000000
0.000000
0.000000
0.000000
0.000000
0.000000
0.000000
0.000000
0.000000
0.000000
0.000000
0.000000
0.000000
0.000000
0.000000
0.000000
0.000000
0.000000
0.000000
0.000000
0.000000
0.000000
0.000000
0.000000
0.000000
0.000000
0.000000
0.000000
0.000000
0.000000
0.000000
0.000000
0.000000
0.000000
0.000000
0.000000
0.000000
0.000000
0.000000
0.000000
0.000000
0.000000
0.266600
0.266600
0.266600
0.266600
0.266600
0.266600
0.266600
0.266600
0.266600
0.266600
0.266600
0.266600
0.266600
0.266600
0.266600
0.380600
0.380600
0.380600
0.380600
0.380600
0.380600
0.380600
0.380600
0.380600
0.494700
0.494700
0.494700
0.608700
0.608700
0.608700
0.608700
0.608700
0.608700
0.608700
0.608700
0.608700
0.608700
0.608700
0.608700
0.608700
0.608700
0.722800
0.722800
0.722800
0.722800
0.722800
0.836800
0.836800
0.836800
0.836800
0.836800
0.836800
0.836800
0.836800
0.836800
0.836800
0.836800
0.950900
0.950900
0.950900
0.950900
0.950900
0.950900
0.950900
0.950900
0.950900
1.065000
1.065000
1.065000
1.065000
1.065000
1.065000
1.065000
1.065000
1.065000
1.065000
1.179000
1.179000
1.179000
1.179000
1.179000
1.179000
1.179000
1.179000
1.179000
1.179000
1.179000
1.179000
1.293000
1.293000
1.293000
1.293000
1.293000
1.293000
1.293000
1.293000
1.407000
1.407000
1.407000
1.407000
1.407000
1.407000
1.407000
1.407000
1.407000
1.407000
1.521000
1.521000
1.521000
1.521000
1.521000
1.521000
1.521000
1.521000
1.635000
1.635000
1.635000
1.635000
1.749000
1.749000
1.749000
1.749000
1.749000
1.749000
1.749000
1.863000
1.863000
1.863000
1.863000
1.863000
1.977000
1.977000
1.977000
1.977000
1.977000
1.977000
2.091000
2.091000
2.091000
2.091000
2.091000
2.091000
2.091000
2.091000
2.091000
2.205000
2.205000
2.205000
2.205000
2.205000
2.205000
2.319000
2.319000
2.319000
2.319000
2.319000
2.319000
2.319000
2.319000
2.433000
2.433000
2.433000
2.433000
2.433000
2.433000
2.433000
2.433000
2.433000
2.433000
2.433000
2.433000
2.433000
2.548000
2.548000
2.548000
2.548000
2.548000
2.548000
2.548000
2.548000
2.662000
2.662000
2.662000
2.662000
2.662000
2.662000
2.662000
2.662000
2.662000
2.662000
2.662000
2.662000
2.776000
2.776000
2.776000
2.776000
2.776000
2.776000
2.776000
2.776000
2.776000
2.776000
2.776000
2.776000
2.776000
2.776000
2.776000
2.776000
2.890000
2.890000
2.890000
2.890000
2.890000
2.890000
2.890000
2.890000
2.890000
2.890000
2.890000
3.004000
3.004000
3.004000
3.004000
3.004000
3.004000
3.004000
3.004000
3.004000
3.118000
3.118000
3.118000
3.118000
3.118000
3.118000
3.118000
3.118000
3.118000
3.118000
3.118000
3.118000
3.232000
3.232000
3.232000
3.232000
3.232000
3.232000
3.232000
3.232000
3.232000
3.232000
3.232000
3.232000
3.346000
3.346000
3.346000
3.346000
3.346000
3.346000
3.346000
3.346000
3.346000
3.346000
3.346000
3.346000
3.346000
3.346000
3.460000
3.460000
3.460000
3.460000
3.460000
3.460000
3.460000
3.460000
3.460000
3.460000
3.460000
3.574000
3.574000
3.574000
3.574000
3.574000
3.574000
3.574000
3.574000
3.574000
3.574000
3.688000
3.688000
3.688000
3.688000
3.688000
3.688000
3.688000
3.688000
3.688000
3.688000
3.688000
3.688000
3.688000
3.802000
3.802000
3.802000
3.802000
3.802000
3.802000
3.802000
3.802000
3.802000
3.916000
3.916000
3.916000
3.916000
3.916000
3.916000
3.916000
3.916000
3.916000
3.916000
3.916000
3.916000
4.030000
4.030000
4.030000
4.030000
4.030000
4.030000
4.030000
4.030000
4.030000
4.030000
4.144000
4.144000
4.144000
4.144000
4.144000
4.144000
4.144000
4.144000
4.144000
4.144000
4.144000
4.144000
4.144000
4.144000
4.144000
4.258000
4.258000
4.258000
4.258000
4.258000
4.258000
4.258000
4.258000
4.258000
4.258000
4.258000
4.258000
4.258000
4.258000
4.258000
4.372000
4.372000
4.372000
4.372000
4.372000
4.372000
4.372000
4.372000
4.372000
4.372000
4.372000
4.372000
4.372000
4.486000
4.486000
4.486000
4.486000
4.486000
4.486000
4.486000
4.486000
4.600000
4.600000
4.600000
4.600000
4.600000
4.600000
4.600000
4.600000
4.600000
4.600000
4.600000
4.600000
4.600000
4.600000
4.600000
4.600000
4.714000
4.714000
4.714000
4.714000
4.714000
4.714000
4.714000
4.714000
4.714000
4.714000
4.714000
4.714000
4.828000
4.828000
4.828000
4.828000
4.828000
4.828000
4.828000
4.828000
4.828000
4.828000
4.828000
4.828000
4.828000
4.828000
4.942000
4.942000
4.942000
4.942000
4.942000
4.942000
4.942000
4.942000
4.942000
4.942000
4.942000
4.942000
4.942000
4.942000
5.057000
5.057000
5.057000
5.057000
5.057000
5.057000
5.057000
5.057000
5.171000
5.171000
5.171000
5.171000
5.171000
5.171000
5.171000
5.171000
5.171000
5.171000
5.171000
5.171000
5.171000
5.171000
5.285000
5.285000
5.285000
5.285000
5.285000
5.285000
5.285000
5.285000
5.285000
5.285000
5.285000
5.285000
5.285000
5.285000
5.285000
5.285000
5.399000
5.399000
5.399000
5.399000
5.399000
5.399000
5.399000
5.399000
5.399000
5.837000
5.837000
5.837000
5.837000
5.837000
5.837000
5.837000
5.837000
5.837000
5.837000
5.837000
5.837000
5.837000
5.837000
6.275000
6.275000
6.275000
6.275000
6.275000
6.275000
6.275000
6.275000
6.275000
6.275000
6.713000
6.713000
6.713000
6.713000
6.713000
6.713000
6.713000
6.713000
6.713000
6.713000
6.713000
6.713000
7.151000
7.151000
7.151000
7.151000
7.151000
7.151000
7.151000
7.151000
7.151000
7.151000
7.151000
7.151000
7.151000
7.151000
7.589000
7.589000
7.589000
7.589000
7.589000
7.589000
7.589000
7.589000
7.589000
8.027000
8.027000
8.027000
8.027000
8.027000
8.027000
8.027000
8.027000
8.027000
8.027000
8.027000
8.027000
8.027000
8.027000
8.027000
8.465000
8.465000
8.465000
8.465000
8.465000
8.465000
8.465000
8.465000
8.903000
8.903000
8.903000
8.903000
8.903000
8.903000
8.903000
8.903000
9.342000
9.342000
9.342000
9.342000
9.342000
9.342000
9.342000
9.342000
9.342000
9.342000
9.342000
9.780000
9.780000
9.780000
9.780000
9.780000
9.780000
9.780000
9.780000
9.780000
9.780000
9.780000
9.780000
9.780000
9.780000
10.220000
10.220000
10.220000
10.220000
10.220000
10.220000
10.220000
10.220000
10.220000
10.220000
10.660000
10.660000
10.660000
10.660000
10.660000
10.660000
10.660000
11.090000
11.090000
11.090000
11.090000
11.090000
11.090000
11.090000
11.090000
11.090000
11.090000
11.090000
11.090000
11.090000
11.530000
11.530000
11.530000
11.530000
11.530000
11.530000
11.530000
11.530000
11.530000
11.970000
11.970000
11.970000
11.970000
11.970000
11.970000
11.970000
11.970000
12.410000
12.410000
12.410000
12.410000
12.410000
12.410000
12.410000
12.410000
12.410000
12.850000
12.850000
12.850000
12.850000
12.850000
12.850000
12.850000
12.850000
12.850000
12.850000
12.850000
12.850000
12.850000
13.280000
13.280000
13.280000
13.280000
13.280000
13.280000
13.280000
13.280000
13.280000
13.720000
13.720000
13.720000
13.720000
13.720000
13.720000
14.160000
14.160000
14.160000
14.160000
14.160000
14.600000
14.600000
14.600000
14.600000
14.600000
14.600000
14.600000
14.600000
15.040000
15.040000
15.040000
15.040000
15.040000
15.040000
15.040000
15.470000
15.470000
15.470000
15.470000
15.470000
15.470000
15.470000
15.470000
15.910000
15.910000
15.910000
15.910000
15.910000
15.910000
15.910000
15.910000
15.910000
16.350000
16.350000
16.350000
16.350000
16.350000
16.350000
16.350000
16.350000
16.790001
16.790001
16.790001
16.790001
16.790001
16.790001
17.230000
17.230000
17.230000
17.230000
17.230000
17.230000
17.230000
17.230000
17.670000
17.670000
17.670000
17.670000
17.670000
17.670000
17.670000
17.670000
17.670000
18.100000
18.100000
18.100000
18.100000
18.100000
18.100000
18.100000
18.100000
18.100000
18.540001
18.540001
18.540001
18.540001
18.540001
18.540001
18.980000
18.980000
18.980000
18.980000
18.980000
18.980000
19.420000
19.420000
19.420000
19.420000
19.420000
19.420000
19.420000
19.420000
19.420000
19.420000
19.420000
19.420000
19.420000
19.860001
19.860001
19.860001
19.860001
19.860001
19.860001
19.860001
19.860001
20.290001
20.290001
20.290001
20.290001
20.290001
20.290001
20.290001
20.290001
20.290001
20.290001
20.730000
20.730000
20.730000
20.730000
20.730000
20.730000
20.730000
20.730000
20.730000
20.730000
20.730000
20.730000
20.730000
21.170000
21.170000
21.170000
21.170000
21.170000
21.170000
21.170000
21.610001
21.610001
21.610001
21.610001
21.610001
21.610001
21.610001
21.610001
21.610001
21.610001
21.610001
22.049999
22.049999
22.049999
22.049999
22.049999
22.049999
22.049999
22.049999
22.049999
22.480000
22.480000
22.480000
22.480000
22.480000
22.480000
22.480000
22.480000
22.480000
22.920000
22.920000
22.920000
22.920000
22.920000
22.920000
22.920000
22.920000
22.920000
22.920000
22.920000
22.920000
23.360001
23.360001
23.360001
23.360001
23.360001
23.799999
23.799999
23.799999
23.799999
23.799999
23.799999
23.799999
23.799999
23.799999
23.799999
23.799999
23.799999
23.799999
23.799999
24.240000
24.240000
24.240000
24.240000
24.240000
24.240000
24.240000
24.680000
24.680000
24.680000
24.680000
25.110001
25.110001
25.110001
25.110001
41.590000
41.590000
41.590000
41.590000
41.590000
41.590000
41.590000
41.590000
41.590000
41.590000
58.080002
58.080002
58.080002
58.080002
58.080002
58.080002
58.080002
58.080002
74.559998
74.559998
74.559998
74.559998
74.559998
74.559998
74.559998
91.040001
91.040001
91.040001
91.040001
91.040001
91.040001
91.040001
91.040001
91.040001
103.400002
103.400002
103.400002
103.400002
103.400002
103.400002
103.400002
103.400002
103.400002
103.400002
103.400002
