0.000000
0.000000
0.000000
0.000000
0.000000
0.000000
0.000000
0.000000
0.000000
0.000000
0.000000
0.000000
0.000000
0.000000
0.000000
0.000000
0.000000
0.000000
0.000000
0.000000
0.000000
0.000000
0.000000
0.000000
0.000000
0.000000
0.000000
0.000000
0.000000
0.000000
0.000000
0.000000
0.000000
0.000000
0.000000
0.000000
0.000000
0.000000
0.000000
0.000000
0.000000
0.000000
0.000000
0.000000
0.000000
0.000000
0.000000
0.000000
0.000610
0.000610
0.000610
0.000610
0.000610
0.000610
0.000610
0.000610
0.000610
0.000610
0.018930
0.018930
0.018930
0.018930
0.018930
0.018930
0.018930
0.018930
0.018930
0.018930
0.037250
0.037250
0.037250
0.037250
0.037250
0.037250
0.037250
0.037250
0.037250
0.037250
0.037250
0.037250
0.037250
0.037250
0.055570
0.055570
0.055570
0.055570
0.055570
0.055570
0.055570
0.055570
0.055570
0.055570
0.055570
0.055570
0.073890
0.073890
0.073890
0.073890
0.073890
0.073890
0.073890
0.073890
0.073890
0.073890
0.073890
0.073890
0.073890
0.073890
0.092210
0.092210
0.092210
0.092210
0.092210
0.092210
0.092210
0.092210
0.092210
0.092210
0.110500
0.110500
0.110500
0.110500
0.110500
0.110500
0.110500
0.110500
0.128900
0.128900
0.128900
0.128900
0.128900
0.128900
0.128900
0.128900
0.128900
0.147200
0.147200
0.147200
0.147200
0.147200
0.147200
0.147200
0.147200
0.147200
0.165500
0.165500
0.165500
0.165500
0.165500
0.165500
0.165500
0.165500
0.165500
0.165500
0.165500
0.165500
0.165500
0.165500
0.165500
0.183800
0.183800
0.183800
0.183800
0.183800
0.183800
0.183800
0.183800
0.183800
0.183800
0.183800
0.183800
0.202100
0.202100
0.202100
0.202100
0.202100
0.202100
0.220500
0.220500
0.220500
0.220500
0.220500
0.220500
0.220500
0.220500
0.220500
0.220500
0.220500
0.238800
0.238800
0.238800
0.238800
0.238800
0.238800
0.238800
0.238800
0.238800
0.238800
0.238800
0.238800
0.238800
0.257100
0.257100
0.257100
0.257100
0.257100
0.257100
0.257100
0.257100
0.257100
0.257100
0.257100
0.275400
0.275400
0.275400
0.275400
0.275400
0.275400
0.275400
0.275400
0.275400
0.275400
0.293700
0.293700
0.293700
0.293700
0.293700
0.293700
0.293700
0.293700
0.312100
0.312100
0.312100
0.312100
0.312100
0.312100
0.312100
0.312100
0.312100
0.330400
0.330400
0.330400
0.330400
0.330400
0.330400
0.348700
0.348700
0.348700
0.348700
0.348700
0.348700
0.348700
0.348700
0.367000
0.367000
0.367000
0.367000
0.367000
0.367000
0.367000
0.367000
0.367000
0.367000
0.367000
0.385300
0.385300
0.385300
0.385300
0.385300
0.385300
0.385300
0.403700
0.403700
0.403700
0.403700
0.403700
0.403700
0.403700
0.403700
0.403700
0.403700
0.422000
0.422000
0.422000
0.422000
0.422000
0.422000
0.422000
0.422000
0.422000
0.440300
0.440300
0.440300
0.440300
0.440300
0.440300
0.440300
0.458600
0.458600
0.458600
0.458600
0.458600
0.458600
0.458600
0.458600
0.458600
0.458600
0.458600
0.476900
0.476900
0.476900
0.476900
0.476900
0.476900
0.476900
0.476900
0.495300
0.495300
0.495300
0.495300
0.495300
0.495300
0.495300
0.495300
0.495300
0.495300
0.495300
0.513600
0.513600
0.513600
0.513600
0.513600
0.513600
0.513600
0.513600
0.513600
0.531900
0.531900
0.531900
0.531900
0.531900
0.531900
0.531900
0.531900
0.531900
0.531900
0.531900
0.531900
0.531900
0.531900
0.531900
0.550200
0.550200
0.550200
0.550200
0.568500
0.568500
0.568500
0.568500
0.568500
0.568500
0.568500
0.568500
0.568500
0.568500
0.586900
0.586900
0.586900
0.586900
0.586900
0.586900
0.586900
0.586900
0.586900
0.605200
0.605200
0.605200
0.605200
0.605200
0.605200
0.605200
0.605200
0.605200
0.605200
0.605200
0.605200
0.605200
0.623500
0.623500
0.623500
0.623500
0.623500
0.623500
0.641800
0.641800
0.641800
0.641800
0.641800
0.641800
0.660100
0.660100
0.660100
0.660100
0.660100
0.660100
0.660100
0.660100
0.660100
0.678500
0.678500
0.678500
0.678500
0.678500
0.678500
0.678500
0.678500
0.678500
0.678500
0.678500
0.696800
0.696800
0.696800
0.696800
0.696800
0.696800
0.696800
0.696800
0.696800
0.696800
0.715100
0.715100
0.715100
0.715100
0.715100
0.715100
0.715100
0.733400
0.733400
0.733400
0.733400
0.733400
0.733400
0.733400
0.733400
0.733400
0.751700
0.751700
0.751700
0.751700
0.751700
0.751700
0.751700
0.751700
0.751700
0.751700
0.751700
0.751700
0.751700
0.751700
0.751700
0.770100
0.770100
0.770100
0.770100
0.770100
0.770100
0.770100
0.770100
0.770100
0.788400
0.788400
0.788400
0.788400
0.788400
0.788400
0.788400
0.788400
0.806700
0.806700
0.806700
0.806700
0.806700
0.825000
0.825000
0.825000
0.825000
0.825000
1.399000
1.399000
1.399000
1.399000
1.399000
1.399000
1.399000
1.399000
1.973000
1.973000
1.973000
1.973000
1.973000
1.973000
1.973000
1.973000
1.973000
2.547000
2.547000
2.547000
2.547000
2.547000
3.121000
3.121000
3.121000
3.121000
3.121000
3.121000
3.121000
3.121000
3.121000
3.121000
3.121000
3.121000
3.121000
3.121000
3.695000
3.695000
3.695000
3.695000
3.695000
3.695000
3.695000
3.695000
3.695000
3.695000
3.695000
3.695000
3.695000
3.695000
4.269000
4.269000
4.269000
4.269000
4.269000
4.269000
4.269000
4.269000
4.269000
4.269000
4.269000
4.269000
4.269000
4.269000
4.269000
4.269000
4.269000
4.843000
4.843000
4.843000
4.843000
4.843000
4.843000
4.843000
5.417000
5.417000
5.417000
5.417000
5.417000
5.417000
5.991000
5.991000
5.991000
5.991000
5.991000
5.991000
5.991000
5.991000
5.991000
6.565000
6.565000
6.565000
6.565000
6.565000
6.565000
6.565000
6.565000
6.565000
6.565000
6.565000
6.565000
6.565000
7.140000
7.140000
7.140000
7.140000
7.140000
7.140000
7.140000
7.140000
7.140000
7.140000
7.140000
7.714000
7.714000
7.714000
7.714000
7.714000
7.714000
7.714000
7.714000
7.714000
8.288000
8.288000
8.288000
8.288000
8.288000
8.288000
8.288000
8.288000
8.288000
8.288000
8.288000
8.288000
8.862000
8.862000
8.862000
8.862000
8.862000
8.862000
8.862000
9.436000
9.436000
9.436000
9.436000
10.010000
10.010000
10.010000
10.010000
10.010000
10.010000
10.010000
10.010000
10.010000
10.010000
10.010000
10.010000
10.580000
10.580000
10.580000
10.580000
10.580000
10.580000
10.580000
10.580000
10.580000
10.580000
10.580000
10.580000
10.580000
10.580000
11.160000
11.160000
11.160000
11.160000
11.160000
11.160000
11.160000
11.160000
11.160000
11.160000
11.160000
11.160000
11.160000
11.160000
11.160000
11.160000
11.730000
11.730000
11.730000
11.730000
11.730000
11.730000
11.730000
11.730000
11.730000
11.730000
11.730000
12.310000
12.310000
12.310000
12.310000
12.310000
12.310000
12.880000
12.880000
12.880000
12.880000
12.880000
12.880000
12.880000
12.880000
12.880000
12.880000
13.450000
13.450000
13.450000
13.450000
13.450000
13.450000
13.450000
13.450000
13.450000
13.450000
13.450000
13.450000
13.450000
14.030000
14.030000
14.030000
14.030000
14.030000
14.030000
14.030000
14.030000
14.030000
14.030000
14.030000
14.030000
14.600000
14.600000
14.600000
14.600000
14.600000
14.600000
14.600000
15.180000
15.180000
15.180000
15.180000
15.180000
15.180000
15.180000
15.750000
15.750000
15.750000
15.750000
15.750000
15.750000
15.750000
15.750000
15.750000
16.320000
16.320000
16.320000
16.320000
16.320000
16.320000
16.320000
16.320000
16.320000
16.320000
16.320000
16.320000
16.320000
16.900000
16.900000
16.900000
16.900000
16.900000
16.900000
16.900000
16.900000
16.900000
16.900000
16.900000
16.900000
16.900000
17.469999
17.469999
17.469999
17.469999
17.469999
17.469999
17.469999
17.469999
17.469999
17.469999
17.469999
17.469999
17.469999
18.049999
18.049999
18.049999
18.049999
18.049999
18.049999
18.049999
18.049999
18.049999
18.049999
18.049999
18.049999
18.049999
18.620001
18.620001
18.620001
18.620001
18.620001
18.620001
18.620001
18.620001
18.620001
19.190001
19.190001
19.190001
19.190001
19.190001
19.190001
19.190001
19.190001
19.190001
19.190001
19.190001
19.190001
19.770000
19.770000
19.770000
19.770000
19.770000
19.770000
19.770000
19.770000
19.770000
19.770000
19.770000
20.340000
20.340000
20.340000
20.340000
20.340000
20.340000
20.340000
20.340000
20.340000
20.340000
20.920000
20.920000
20.920000
20.920000
20.920000
20.920000
20.920000
20.920000
20.920000
21.490000
21.490000
21.490000
21.490000
21.490000
21.490000
21.490000
21.490000
21.490000
21.490000
21.490000
21.490000
22.059999
22.059999
22.059999
22.059999
22.059999
22.059999
22.059999
22.059999
22.059999
22.059999
22.059999
22.059999
22.639999
22.639999
22.639999
22.639999
22.639999
22.639999
23.209999
23.209999
23.209999
23.209999
23.209999
23.209999
23.209999
23.209999
23.209999
23.209999
23.209999
23.790001
23.790001
23.790001
23.790001
23.790001
23.790001
24.360001
24.360001
24.360001
24.360001
24.360001
24.360001
24.360001
24.360001
24.930000
24.930000
24.930000
24.930000
24.930000
24.930000
24.930000
24.930000
24.930000
24.930000
24.930000
24.930000
24.930000
25.510000
25.510000
25.510000
25.510000
25.510000
25.510000
25.510000
25.510000
25.510000
26.080000
26.080000
26.080000
26.080000
26.080000
26.660000
26.660000
26.660000
26.660000
26.660000
26.660000
26.660000
43.049999
43.049999
43.049999
43.049999
43.049999
43.049999
43.049999
43.049999
43.049999
43.049999
43.049999
43.049999
43.049999
43.049999
59.430000
59.430000
59.430000
59.430000
59.430000
59.430000
59.430000
59.430000
59.430000
59.430000
59.430000
59.430000
59.430000
75.820000
75.820000
75.820000
75.820000
75.820000
75.820000
75.820000
75.820000
75.820000
75.820000
75.820000
75.820000
75.820000
75.820000
75.820000
75.820000
92.209999
92.209999
92.209999
92.209999
92.209999
104.500000
104.500000
104.500000
104.500000
104.500000
104.500000
104.500000
104.500000
104.500000
104.500000
104.500000
