0.000000
0.000000
0.000000
0.000000
0.000000
0.000000
0.000000
0.000000
0.000000
0.000000
0.000000
0.000000
0.000000
0.000000
0.000000
0.000000
0.000000
0.000000
0.000000
0.000000
0.000000
0.000000
0.000000
0.000000
0.000000
0.000000
0.000000
0.000000
0.000000
0.000000
0.000000
0.000000
0.000000
0.000000
0.000000
0.000000
0.000000
0.000000
0.000000
0.000000
0.000000
0.000000
0.000000
0.000000
0.000000
0.160500
0.160500
0.160500
0.160500
0.160500
0.160500
0.160500
0.160500
0.160500
0.160500
0.342700
0.342700
0.342700
0.342700
0.524800
0.524800
0.524800
0.524800
0.524800
0.524800
0.524800
0.524800
0.524800
0.707000
0.707000
0.707000
0.707000
0.707000
0.707000
0.707000
0.707000
0.707000
0.889200
0.889200
0.889200
0.889200
0.889200
0.889200
0.889200
0.889200
0.889200
0.889200
0.889200
0.889200
0.889200
0.889200
0.889200
0.889200
1.071000
1.071000
1.071000
1.071000
1.071000
1.071000
1.254000
1.254000
1.254000
1.254000
1.254000
1.254000
1.254000
1.254000
1.254000
1.254000
1.436000
1.436000
1.436000
1.436000
1.436000
1.436000
1.436000
1.436000
1.436000
1.436000
1.436000
1.436000
1.436000
1.436000
1.618000
1.618000
1.618000
1.618000
1.618000
1.618000
1.800000
1.800000
1.800000
1.800000
1.800000
1.800000
1.800000
1.800000
1.800000
1.800000
1.982000
1.982000
1.982000
1.982000
1.982000
1.982000
1.982000
1.982000
1.982000
2.165000
2.165000
2.165000
2.165000
2.165000
2.165000
2.347000
2.347000
2.347000
2.347000
2.347000
2.347000
2.347000
2.347000
2.347000
2.347000
2.347000
2.347000
2.347000
2.529000
2.529000
2.529000
2.529000
2.529000
2.529000
2.529000
2.529000
2.529000
2.529000
2.529000
2.529000
2.529000
2.711000
2.711000
2.711000
2.711000
2.711000
2.711000
2.711000
2.711000
2.711000
2.711000
2.893000
2.893000
2.893000
2.893000
2.893000
2.893000
2.893000
2.893000
2.893000
2.893000
2.893000
2.893000
2.893000
2.893000
3.075000
3.075000
3.075000
3.075000
3.075000
3.075000
3.075000
3.075000
3.075000
3.075000
3.258000
3.258000
3.258000
3.258000
3.258000
3.258000
3.258000
3.258000
3.258000
3.258000
3.258000
3.258000
3.258000
3.258000
3.440000
3.440000
3.440000
3.440000
3.440000
3.440000
3.440000
3.440000
3.440000
3.440000
3.440000
3.622000
3.622000
3.622000
3.622000
3.622000
3.622000
3.622000
3.622000
3.622000
3.622000
3.804000
3.804000
3.804000
3.804000
3.804000
3.804000
3.804000
3.804000
3.804000
3.986000
3.986000
3.986000
3.986000
3.986000
3.986000
3.986000
4.169000
4.169000
4.169000
4.169000
4.169000
4.169000
4.169000
4.169000
4.169000
4.169000
4.351000
4.351000
4.351000
4.351000
4.533000
4.533000
4.533000
4.533000
4.533000
4.533000
4.533000
4.533000
4.715000
4.715000
4.715000
4.715000
4.715000
4.715000
4.715000
4.715000
4.715000
4.715000
4.897000
4.897000
4.897000
4.897000
4.897000
4.897000
4.897000
4.897000
4.897000
4.897000
4.897000
4.897000
4.897000
4.897000
4.897000
5.079000
5.079000
5.079000
5.079000
5.079000
5.079000
5.079000
5.079000
5.079000
5.079000
5.079000
5.262000
5.262000
5.262000
5.262000
5.262000
5.262000
5.262000
5.262000
5.262000
5.444000
5.444000
5.444000
5.444000
5.444000
5.444000
5.444000
5.444000
5.444000
5.444000
5.626000
5.626000
5.626000
5.626000
5.626000
5.626000
5.626000
5.626000
5.626000
5.626000
5.808000
5.808000
5.808000
5.808000
5.808000
5.808000
5.808000
5.808000
5.808000
5.990000
5.990000
5.990000
5.990000
5.990000
5.990000
5.990000
5.990000
5.990000
5.990000
6.173000
6.173000
6.173000
6.173000
6.173000
6.173000
6.173000
6.173000
6.173000
6.173000
6.173000
6.355000
6.355000
6.355000
6.355000
6.355000
6.355000
6.355000
6.355000
6.355000
6.355000
6.355000
6.355000
6.355000
6.355000
6.355000
6.355000
6.355000
6.355000
6.537000
6.537000
6.537000
6.537000
6.537000
6.537000
6.719000
6.719000
6.719000
6.719000
6.719000
6.719000
6.719000
6.901000
6.901000
6.901000
6.901000
6.901000
6.901000
6.901000
6.901000
6.901000
7.084000
7.084000
7.084000
7.084000
7.084000
7.084000
7.084000
7.084000
7.084000
7.084000
7.084000
7.084000
7.084000
7.084000
7.084000
7.084000
7.084000
7.266000
7.266000
7.266000
7.266000
7.266000
7.266000
7.266000
7.266000
7.266000
7.448000
7.448000
7.448000
7.448000
7.448000
7.630000
7.630000
7.630000
7.630000
7.630000
7.630000
7.630000
7.812000
7.812000
7.812000
7.812000
7.812000
7.812000
7.812000
7.812000
7.812000
7.812000
7.994000
7.994000
7.994000
7.994000
7.994000
7.994000
7.994000
7.994000
7.994000
7.994000
8.177000
8.177000
8.177000
8.177000
8.177000
8.177000
8.177000
8.177000
8.359000
8.359000
8.359000
9.333000
9.333000
9.333000
9.333000
9.333000
9.333000
9.333000
9.333000
9.333000
9.333000
9.333000
9.333000
10.310000
10.310000
10.310000
10.310000
10.310000
10.310000
10.310000
10.310000
10.310000
10.310000
11.280000
11.280000
11.280000
11.280000
11.280000
11.280000
11.280000
11.280000
11.280000
11.280000
11.280000
11.280000
12.250000
12.250000
12.250000
12.250000
12.250000
12.250000
12.250000
12.250000
12.250000
12.250000
12.250000
12.250000
12.250000
13.230000
13.230000
13.230000
13.230000
13.230000
13.230000
13.230000
13.230000
14.200000
14.200000
14.200000
14.200000
14.200000
14.200000
14.200000
15.180000
15.180000
15.180000
15.180000
15.180000
15.180000
16.150000
16.150000
16.150000
16.150000
16.150000
16.150000
16.150000
16.150000
16.150000
16.150000
16.150000
16.150000
16.150000
16.150000
16.150000
17.120001
17.120001
17.120001
17.120001
17.120001
17.120001
17.120001
17.120001
17.120001
17.120001
17.120001
18.100000
18.100000
18.100000
18.100000
18.100000
19.070000
19.070000
19.070000
19.070000
19.070000
19.070000
19.070000
19.070000
19.070000
19.070000
19.070000
19.070000
20.049999
20.049999
20.049999
20.049999
20.049999
20.049999
20.049999
20.049999
21.020000
21.020000
21.020000
21.020000
21.020000
21.020000
21.020000
21.020000
21.020000
21.990000
21.990000
21.990000
21.990000
21.990000
21.990000
21.990000
22.969999
22.969999
22.969999
22.969999
22.969999
22.969999
22.969999
22.969999
22.969999
22.969999
22.969999
23.940001
23.940001
23.940001
23.940001
23.940001
23.940001
23.940001
23.940001
23.940001
23.940001
23.940001
23.940001
23.940001
23.940001
23.940001
24.920000
24.920000
25.889999
25.889999
25.889999
25.889999
25.889999
25.889999
25.889999
25.889999
26.860001
26.860001
26.860001
26.860001
26.860001
26.860001
26.860001
26.860001
26.860001
26.860001
26.860001
26.860001
26.860001
26.860001
26.860001
26.860001
26.860001
26.860001
27.840000
27.840000
27.840000
27.840000
27.840000
27.840000
27.840000
27.840000
27.840000
27.840000
27.840000
28.809999
28.809999
28.809999
28.809999
28.809999
28.809999
28.809999
28.809999
28.809999
28.809999
28.809999
29.790001
29.790001
29.790001
29.790001
29.790001
29.790001
29.790001
29.790001
29.790001
29.790001
30.760000
30.760000
30.760000
30.760000
30.760000
30.760000
30.760000
30.760000
30.760000
30.760000
30.760000
30.760000
31.730000
31.730000
31.730000
31.730000
31.730000
31.730000
31.730000
31.730000
31.730000
31.730000
32.709999
32.709999
32.709999
32.709999
32.709999
32.709999
32.709999
32.709999
32.709999
32.709999
32.709999
32.709999
32.709999
33.680000
33.680000
33.680000
33.680000
33.680000
33.680000
33.680000
33.680000
33.680000
33.680000
33.680000
34.650002
34.650002
34.650002
34.650002
34.650002
34.650002
34.650002
34.650002
34.650002
34.650002
35.630001
35.630001
35.630001
35.630001
35.630001
35.630001
35.630001
35.630001
35.630001
35.630001
35.630001
35.630001
35.630001
35.630001
36.599998
36.599998
36.599998
36.599998
36.599998
36.599998
36.599998
36.599998
36.599998
36.599998
36.599998
36.599998
37.580002
37.580002
37.580002
37.580002
37.580002
37.580002
38.549999
38.549999
38.549999
38.549999
38.549999
38.549999
39.520000
39.520000
39.520000
39.520000
39.520000
39.520000
39.520000
40.500000
40.500000
40.500000
40.500000
40.500000
40.500000
40.500000
40.500000
40.500000
40.500000
40.500000
41.470001
41.470001
41.470001
41.470001
41.470001
41.470001
41.470001
41.470001
41.470001
41.470001
41.470001
42.450001
42.450001
42.450001
42.450001
42.450001
42.450001
42.450001
42.450001
42.450001
42.450001
42.450001
43.419998
43.419998
43.419998
43.419998
43.419998
43.419998
43.419998
43.419998
43.419998
44.389999
44.389999
44.389999
44.389999
44.389999
44.389999
45.369999
45.369999
45.369999
45.369999
45.369999
45.369999
45.369999
45.369999
45.369999
45.369999
45.369999
46.340000
46.340000
46.340000
46.340000
46.340000
46.340000
46.340000
46.340000
47.320000
47.320000
47.320000
47.320000
47.320000
47.320000
47.320000
48.290001
48.290001
48.290001
48.290001
48.290001
48.290001
48.290001
48.290001
48.290001
48.290001
48.290001
48.290001
49.259998
49.259998
49.259998
49.259998
49.259998
49.259998
49.259998
49.259998
49.259998
49.259998
49.259998
49.259998
49.259998
50.240002
50.240002
50.240002
50.240002
50.240002
50.240002
50.240002
50.240002
50.240002
50.240002
50.240002
50.240002
50.240002
51.209999
51.209999
51.209999
51.209999
51.209999
51.209999
51.209999
51.209999
51.209999
51.209999
51.209999
51.209999
51.209999
52.189999
52.189999
52.189999
52.189999
52.189999
52.189999
52.189999
52.189999
52.189999
52.189999
52.189999
52.189999
52.189999
52.189999
64.360001
64.360001
64.360001
64.360001
64.360001
64.360001
64.360001
64.360001
76.529999
76.529999
76.529999
76.529999
76.529999
76.529999
76.529999
76.529999
76.529999
76.529999
76.529999
76.529999
76.529999
88.699997
88.699997
88.699997
88.699997
88.699997
88.699997
88.699997
88.699997
100.900002
100.900002
100.900002
100.900002
100.900002
100.900002
100.900002
100.900002
110.000000
110.000000
110.000000
110.000000
110.000000
110.000000
110.000000
110.000000
110.000000
110.000000
110.000000
