0.000000
0.000000
0.000000
0.000000
0.000000
0.000000
0.000000
0.000000
0.000000
0.000000
0.000000
0.000000
0.000000
0.000000
0.000000
0.000000
0.000000
0.000000
0.000000
0.000000
0.000000
0.000000
0.000000
0.000000
0.000000
0.000000
0.000000
0.000000
0.000000
0.000000
0.000000
0.000000
0.000000
0.000000
0.000000
0.000000
0.000000
0.000000
0.000000
0.000000
0.000000
0.000000
0.000000
0.361000
0.361000
0.361000
0.361000
0.361000
0.361000
0.361000
0.361000
0.361000
0.361000
0.361000
3.124000
3.124000
3.124000
3.124000
3.124000
3.124000
3.124000
3.124000
3.124000
4.038000
4.038000
4.038000
4.038000
4.038000
4.038000
4.038000
4.038000
4.038000
4.038000
4.038000
4.952000
4.952000
4.952000
4.952000
4.952000
4.952000
4.952000
4.952000
4.952000
5.866000
5.866000
5.866000
5.866000
5.866000
5.866000
5.866000
5.866000
5.866000
5.866000
5.866000
6.780000
6.780000
6.780000
6.780000
6.780000
6.780000
6.780000
6.780000
6.780000
6.780000
6.780000
7.694000
7.694000
8.608000
8.608000
8.608000
8.608000
8.608000
8.608000
8.608000
8.608000
8.608000
8.608000
8.608000
8.608000
9.522000
9.522000
9.522000
9.522000
9.522000
9.522000
9.522000
9.522000
9.522000
9.522000
9.522000
9.522000
9.522000
9.522000
9.522000
9.522000
10.440000
10.440000
10.440000
10.440000
10.440000
10.440000
10.440000
10.440000
10.440000
10.440000
11.350000
11.350000
11.350000
11.350000
11.350000
11.350000
11.350000
11.350000
11.350000
11.350000
11.350000
11.350000
11.350000
12.260000
12.260000
12.260000
12.260000
12.260000
12.260000
13.180000
13.180000
13.180000
13.180000
13.180000
13.180000
13.180000
13.180000
13.180000
13.180000
13.180000
13.180000
13.180000
13.180000
13.180000
14.090000
14.090000
14.090000
14.090000
14.090000
14.090000
14.090000
14.090000
14.090000
15.010000
15.010000
15.010000
15.010000
15.010000
15.010000
15.010000
15.010000
15.920000
15.920000
15.920000
15.920000
15.920000
15.920000
15.920000
15.920000
16.830000
16.830000
16.830000
16.830000
16.830000
16.830000
17.750000
17.750000
17.750000
17.750000
17.750000
17.750000
17.750000
17.750000
17.750000
18.660000
18.660000
18.660000
18.660000
18.660000
18.660000
18.660000
18.660000
19.580000
19.580000
19.580000
19.580000
19.580000
19.580000
20.490000
20.490000
20.490000
20.490000
21.400000
21.400000
21.400000
21.400000
21.400000
21.400000
21.400000
21.400000
21.400000
21.400000
22.320000
22.320000
22.320000
22.320000
22.320000
22.320000
22.320000
22.320000
22.320000
22.320000
22.320000
22.320000
22.320000
22.320000
22.320000
23.230000
23.230000
23.230000
23.230000
23.230000
23.230000
23.230000
23.230000
23.230000
23.230000
24.150000
24.150000
24.150000
24.150000
24.150000
24.150000
24.150000
24.150000
24.150000
24.150000
24.150000
24.150000
25.059999
25.059999
25.059999
25.059999
25.059999
25.969999
25.969999
25.969999
25.969999
25.969999
25.969999
25.969999
25.969999
26.889999
26.889999
26.889999
26.889999
26.889999
26.889999
26.889999
26.889999
26.889999
26.889999
26.889999
26.889999
26.889999
27.799999
27.799999
27.799999
27.799999
27.799999
27.799999
27.799999
27.799999
28.719999
28.719999
28.719999
28.719999
28.719999
28.719999
28.719999
28.719999
29.629999
29.629999
29.629999
29.629999
29.629999
29.629999
29.629999
29.629999
29.629999
29.629999
29.629999
29.629999
30.549999
30.549999
30.549999
30.549999
30.549999
31.459999
31.459999
31.459999
31.459999
31.459999
31.459999
31.459999
31.459999
31.459999
31.459999
31.459999
31.459999
31.459999
31.459999
31.459999
31.459999
32.369999
32.369999
32.369999
32.369999
32.369999
33.290001
33.290001
33.290001
33.290001
33.290001
33.290001
33.290001
33.290001
33.290001
33.290001
34.200001
34.200001
34.200001
34.200001
34.200001
34.200001
34.200001
34.200001
35.119999
35.119999
35.119999
35.119999
36.029999
36.029999
36.029999
36.029999
36.029999
36.029999
36.029999
36.939999
36.939999
36.939999
36.939999
36.939999
36.939999
36.939999
36.939999
36.939999
36.939999
37.860001
37.860001
37.860001
37.860001
37.860001
37.860001
38.770000
38.770000
38.770000
38.770000
38.770000
38.770000
38.770000
38.770000
38.770000
39.689999
39.689999
39.689999
39.689999
39.689999
39.689999
39.689999
39.689999
39.689999
39.689999
40.599998
40.599998
40.599998
40.599998
40.599998
40.599998
40.599998
40.599998
40.599998
41.509998
41.509998
41.509998
41.509998
41.509998
41.509998
41.509998
41.509998
41.509998
41.509998
41.509998
41.509998
41.509998
41.509998
42.430000
42.430000
42.430000
42.430000
42.430000
42.430000
42.430000
42.430000
42.430000
43.340000
43.340000
43.340000
43.340000
43.340000
43.340000
43.340000
43.340000
43.340000
43.340000
43.340000
43.340000
43.340000
43.340000
43.340000
44.259998
44.259998
44.259998
44.259998
44.259998
44.259998
44.259998
44.259998
44.259998
44.259998
44.259998
44.259998
44.259998
44.259998
45.320000
45.320000
45.320000
45.320000
45.320000
45.320000
45.320000
45.320000
46.389999
46.389999
46.389999
46.389999
46.389999
46.389999
46.389999
46.389999
46.389999
46.389999
47.450001
47.450001
47.450001
47.450001
47.450001
47.450001
47.450001
48.509998
48.509998
48.509998
48.509998
48.509998
48.509998
48.509998
48.509998
48.509998
48.509998
48.509998
48.509998
49.580002
49.580002
49.580002
49.580002
49.580002
49.580002
50.639999
50.639999
50.639999
50.639999
50.639999
50.639999
50.639999
50.639999
50.639999
50.639999
50.639999
51.709999
51.709999
51.709999
51.709999
51.709999
51.709999
51.709999
51.709999
52.770000
52.770000
52.770000
52.770000
52.770000
52.770000
52.770000
52.770000
52.770000
52.770000
53.840000
53.840000
53.840000
53.840000
53.840000
53.840000
53.840000
54.900002
54.900002
54.900002
54.900002
54.900002
54.900002
54.900002
54.900002
54.900002
54.900002
54.900002
54.900002
54.900002
54.900002
55.970001
55.970001
55.970001
55.970001
55.970001
55.970001
55.970001
55.970001
55.970001
57.029999
57.029999
57.029999
57.029999
57.029999
57.029999
57.029999
57.029999
57.029999
57.029999
58.099998
58.099998
58.099998
58.099998
58.099998
58.099998
58.099998
58.099998
58.099998
58.099998
58.099998
58.099998
59.160000
59.160000
59.160000
59.160000
59.160000
59.160000
59.160000
60.230000
60.230000
60.230000
60.230000
60.230000
60.230000
60.230000
60.230000
60.230000
60.230000
60.230000
60.230000
61.290001
61.290001
61.290001
61.290001
61.290001
61.290001
61.290001
61.290001
61.290001
62.360001
62.360001
62.360001
62.360001
62.360001
62.360001
62.360001
62.360001
62.360001
62.360001
63.419998
63.419998
63.419998
63.419998
63.419998
63.419998
63.419998
63.419998
63.419998
63.419998
63.419998
64.489998
64.489998
64.489998
64.489998
64.489998
64.489998
64.489998
64.489998
64.489998
64.489998
64.489998
64.489998
64.489998
64.489998
64.489998
64.489998
65.550003
65.550003
65.550003
65.550003
65.550003
65.550003
65.550003
65.550003
65.550003
66.620003
66.620003
66.620003
66.620003
66.620003
66.620003
66.620003
66.620003
67.680000
67.680000
67.680000
67.680000
67.680000
67.680000
67.680000
67.680000
67.680000
67.680000
68.750000
68.750000
68.750000
68.750000
68.750000
68.750000
68.750000
68.750000
69.809998
69.809998
69.809998
69.809998
69.809998
69.809998
69.809998
69.809998
70.879997
70.879997
70.879997
70.879997
70.879997
70.879997
70.879997
70.879997
70.879997
70.879997
70.879997
70.879997
70.879997
71.940002
71.940002
71.940002
71.940002
71.940002
71.940002
71.940002
71.940002
71.940002
73.010002
73.010002
73.010002
73.010002
73.010002
73.010002
73.010002
73.010002
73.010002
73.010002
73.010002
73.010002
73.010002
74.070000
74.070000
74.070000
74.070000
74.070000
74.070000
74.070000
74.070000
74.070000
74.070000
74.070000
75.129997
75.129997
75.129997
75.129997
75.129997
75.129997
75.129997
75.129997
75.129997
75.129997
75.129997
75.129997
75.129997
75.129997
75.129997
76.199997
76.199997
76.199997
76.199997
76.199997
76.199997
76.199997
76.199997
76.199997
76.199997
76.199997
76.199997
76.199997
76.199997
76.199997
76.199997
77.260002
77.260002
77.260002
77.260002
77.260002
77.260002
77.260002
78.330002
78.330002
78.330002
78.330002
78.330002
78.330002
78.330002
78.330002
78.330002
79.389999
79.389999
79.389999
79.389999
79.389999
79.389999
79.389999
79.389999
79.389999
79.389999
79.389999
80.459999
80.459999
80.459999
80.459999
80.459999
80.459999
80.459999
80.459999
80.459999
80.459999
80.459999
80.459999
81.519997
81.519997
81.519997
81.519997
81.519997
81.519997
81.519997
81.519997
81.519997
81.519997
81.519997
81.519997
81.519997
81.519997
81.519997
81.519997
82.589996
82.589996
82.589996
82.589996
82.589996
82.589996
82.589996
82.589996
82.589996
82.589996
82.589996
82.589996
82.589996
82.589996
83.650002
83.650002
83.650002
83.650002
83.650002
83.650002
83.650002
83.650002
83.650002
83.650002
83.650002
83.650002
83.650002
83.650002
84.720001
84.720001
84.720001
84.720001
84.720001
84.720001
84.720001
84.720001
84.720001
84.720001
84.720001
85.779999
85.779999
85.779999
85.779999
85.779999
85.779999
85.779999
85.779999
85.779999
85.779999
85.779999
85.779999
86.849998
86.849998
86.849998
86.849998
86.849998
86.849998
87.910004
87.910004
87.910004
87.910004
87.910004
88.980003
88.980003
88.980003
88.980003
88.980003
88.980003
88.980003
88.980003
90.040001
90.040001
90.040001
90.040001
90.040001
90.040001
90.040001
90.040001
91.110001
91.110001
91.110001
91.110001
91.110001
91.110001
91.110001
91.110001
91.110001
91.110001
91.110001
91.110001
91.110001
91.110001
91.110001
91.110001
92.169998
92.169998
92.169998
92.169998
92.169998
92.169998
92.169998
92.169998
92.169998
92.169998
92.169998
92.169998
95.919998
95.919998
95.919998
95.919998
95.919998
95.919998
95.919998
95.919998
95.919998
95.919998
95.919998
99.680000
99.680000
99.680000
99.680000
103.400002
103.400002
103.400002
103.400002
103.400002
103.400002
103.400002
103.400002
103.400002
103.400002
103.400002
107.199997
107.199997
107.199997
107.199997
107.199997
107.199997
107.199997
107.199997
107.199997
107.199997
110.000000
110.000000
110.000000
110.000000
110.000000
