0.000000
0.000000
0.000000
0.000000
0.000000
0.000000
0.000000
0.000000
0.000000
0.000000
0.000000
0.000000
0.000000
0.000000
0.000000
0.000000
0.000000
0.000000
0.000000
0.000000
0.000000
0.000000
0.000000
0.000000
0.041380
0.041380
0.041380
0.041380
0.041380
0.041380
0.041380
0.041380
0.041380
0.041380
0.194000
0.194000
0.194000
0.194000
0.194000
0.346600
0.346600
0.346600
0.346600
0.346600
0.346600
0.499300
0.499300
0.499300
0.499300
0.499300
0.499300
0.499300
0.543500
0.543500
0.543500
0.543500
0.543500
0.543500
0.543500
0.543500
0.543500
0.543500
0.543500
0.543500
0.543500
0.543500
0.587800
0.587800
0.587800
0.587800
0.587800
0.587800
0.587800
0.632000
0.632000
0.632000
0.632000
0.632000
0.632000
0.632000
0.676300
0.676300
0.676300
0.676300
0.676300
0.676300
0.720500
0.720500
0.720500
0.720500
0.720500
0.720500
0.720500
0.720500
0.720500
0.720500
0.720500
0.720500
0.764800
0.764800
0.764800
0.764800
0.764800
0.764800
0.764800
0.764800
0.764800
0.764800
0.764800
0.764800
0.809000
0.809000
0.809000
0.809000
0.809000
0.809000
0.809000
0.809000
0.809000
0.809000
0.809000
0.809000
0.853300
0.853300
0.853300
0.853300
0.853300
0.853300
0.853300
0.853300
0.853300
0.853300
0.853300
0.853300
0.853300
0.897500
0.897500
0.897500
0.897500
0.897500
0.897500
0.897500
0.897500
0.897500
0.897500
0.897500
0.897500
0.897500
0.897500
0.897500
0.897500
0.897500
0.897500
0.897500
0.897500
0.941800
0.941800
0.941800
0.941800
0.941800
0.941800
0.941800
0.941800
0.941800
0.986000
0.986000
0.986000
0.986000
0.986000
0.986000
0.986000
0.986000
0.986000
0.986000
1.030000
1.030000
1.030000
1.030000
1.030000
1.030000
1.030000
1.030000
1.030000
1.030000
1.030000
1.075000
1.075000
1.075000
1.075000
1.075000
1.075000
1.075000
1.075000
1.075000
1.119000
1.119000
1.119000
1.119000
1.119000
1.119000
1.119000
1.119000
1.163000
1.163000
1.163000
1.163000
1.163000
1.163000
1.163000
1.163000
1.163000
1.163000
1.163000
1.207000
1.207000
1.207000
1.207000
1.207000
1.207000
1.207000
1.207000
1.207000
1.207000
1.207000
1.252000
1.252000
1.252000
1.252000
1.252000
1.252000
1.252000
1.252000
1.252000
1.252000
1.252000
1.252000
1.296000
1.296000
1.296000
1.296000
1.296000
1.296000
1.296000
1.296000
1.340000
1.340000
1.340000
1.340000
1.340000
1.340000
1.340000
1.340000
1.340000
1.340000
1.340000
1.340000
1.340000
1.340000
1.340000
1.384000
1.384000
1.384000
1.384000
1.384000
1.384000
1.384000
1.429000
1.429000
1.429000
1.429000
1.429000
1.429000
1.429000
1.473000
1.473000
1.473000
1.473000
1.473000
1.517000
1.517000
1.517000
1.517000
1.517000
1.517000
1.517000
1.517000
1.561000
1.561000
1.561000
1.561000
1.561000
1.561000
1.561000
1.561000
1.561000
1.561000
1.561000
1.561000
1.561000
1.561000
1.561000
1.606000
1.606000
1.606000
1.606000
1.606000
1.606000
1.606000
1.606000
1.650000
1.650000
1.650000
1.650000
1.650000
1.650000
1.650000
1.650000
1.694000
1.694000
1.694000
1.694000
1.694000
1.694000
1.694000
1.694000
1.694000
1.694000
1.694000
1.694000
1.738000
1.738000
1.738000
1.738000
1.738000
1.738000
1.738000
1.738000
1.783000
1.783000
1.783000
1.783000
1.783000
1.783000
1.783000
1.783000
1.783000
1.783000
1.783000
1.783000
1.827000
1.827000
1.827000
1.827000
1.827000
1.827000
1.827000
1.871000
1.871000
1.871000
1.871000
1.871000
1.915000
1.915000
1.915000
1.915000
1.915000
1.915000
1.915000
1.915000
1.915000
1.915000
1.915000
1.915000
1.960000
1.960000
1.960000
1.960000
1.960000
1.960000
1.960000
1.960000
1.960000
1.960000
1.960000
1.960000
2.004000
2.004000
2.004000
2.004000
2.004000
2.004000
2.004000
2.004000
2.004000
2.048000
2.048000
2.048000
2.048000
2.048000
2.048000
2.048000
2.048000
2.048000
2.048000
2.048000
2.048000
2.048000
2.048000
2.048000
2.092000
2.092000
2.092000
2.092000
2.092000
2.092000
2.092000
2.092000
2.092000
2.092000
2.092000
2.092000
2.092000
2.092000
2.092000
2.092000
2.092000
2.092000
2.092000
2.137000
2.137000
2.137000
2.137000
2.137000
2.137000
2.137000
2.137000
2.137000
2.181000
2.181000
2.181000
2.181000
2.181000
2.181000
2.181000
2.181000
2.181000
2.225000
2.225000
2.225000
2.225000
2.225000
2.225000
2.225000
2.225000
2.225000
2.225000
2.225000
2.225000
2.269000
2.269000
2.269000
2.269000
2.269000
2.269000
2.314000
2.314000
2.314000
2.314000
2.314000
2.314000
2.314000
2.358000
2.358000
2.358000
2.358000
2.358000
2.358000
2.358000
2.402000
2.402000
2.402000
2.402000
2.402000
2.402000
2.402000
2.402000
2.446000
2.446000
2.446000
2.446000
2.446000
2.446000
2.446000
2.446000
2.491000
2.491000
2.491000
2.491000
2.491000
2.491000
2.491000
2.491000
2.491000
2.534000
2.534000
2.534000
2.534000
2.534000
2.578000
2.578000
2.578000
2.578000
2.578000
2.578000
2.578000
2.578000
2.578000
2.578000
2.578000
2.578000
2.578000
2.578000
2.622000
2.622000
2.622000
2.622000
2.622000
2.622000
2.622000
2.622000
2.622000
2.666000
2.666000
2.666000
2.666000
2.666000
2.666000
2.666000
2.666000
2.709000
2.709000
2.709000
2.709000
2.709000
2.709000
2.709000
2.709000
2.709000
2.709000
2.709000
2.709000
2.709000
2.709000
2.709000
2.709000
2.709000
2.753000
2.753000
2.753000
2.753000
2.753000
2.753000
2.753000
2.753000
2.753000
2.753000
2.753000
2.753000
2.753000
2.753000
2.753000
2.753000
2.753000
2.753000
2.753000
2.753000
2.753000
2.797000
2.797000
2.797000
2.797000
2.797000
2.797000
2.797000
2.797000
2.797000
2.797000
2.797000
2.797000
2.797000
2.797000
2.797000
2.797000
2.797000
2.841000
2.841000
2.841000
2.841000
2.841000
2.841000
2.841000
2.884000
2.884000
2.884000
2.884000
2.884000
2.884000
2.884000
2.884000
2.884000
2.884000
2.884000
2.928000
2.928000
2.928000
2.928000
2.928000
2.928000
2.928000
2.928000
2.928000
2.928000
2.972000
2.972000
2.972000
2.972000
2.972000
2.972000
2.972000
2.972000
2.972000
2.972000
2.972000
2.972000
3.016000
3.016000
3.016000
3.016000
3.016000
3.016000
3.016000
3.016000
3.016000
3.016000
3.016000
3.016000
3.059000
3.059000
3.059000
3.059000
3.059000
3.059000
3.103000
3.103000
3.103000
3.103000
3.103000
3.103000
3.103000
3.103000
3.147000
3.147000
3.147000
3.147000
3.147000
3.147000
3.147000
3.191000
3.191000
3.191000
3.191000
3.191000
3.191000
3.191000
3.191000
3.191000
3.234000
3.234000
3.234000
3.234000
3.234000
3.278000
3.278000
3.278000
3.278000
3.278000
3.278000
3.322000
3.322000
3.322000
3.322000
3.322000
3.366000
3.366000
3.366000
3.366000
3.366000
3.366000
3.366000
3.409000
3.409000
3.409000
3.409000
3.409000
3.409000
3.409000
3.409000
3.409000
3.409000
3.453000
3.453000
3.453000
3.453000
3.453000
3.453000
3.453000
3.453000
3.453000
3.497000
3.497000
3.497000
3.497000
3.497000
3.497000
3.497000
3.497000
3.497000
3.497000
3.497000
3.497000
3.541000
3.541000
3.541000
3.541000
3.541000
3.541000
3.541000
3.541000
3.541000
3.541000
3.541000
3.541000
3.584000
3.584000
3.584000
3.584000
3.584000
3.584000
3.584000
3.584000
3.584000
3.584000
3.628000
3.628000
3.628000
3.628000
3.628000
3.628000
3.628000
3.628000
3.628000
3.628000
3.628000
3.628000
3.628000
3.672000
3.672000
3.672000
3.672000
3.672000
3.672000
3.672000
3.672000
3.672000
3.672000
3.716000
3.716000
3.716000
3.716000
3.760000
3.760000
3.760000
3.760000
3.760000
3.760000
3.760000
3.760000
3.760000
3.760000
3.760000
3.760000
3.760000
3.760000
3.760000
3.760000
3.803000
3.803000
3.803000
3.803000
3.803000
3.803000
3.803000
3.803000
3.803000
3.803000
3.847000
3.847000
3.847000
3.847000
3.847000
3.847000
3.847000
3.847000
3.891000
3.891000
3.891000
3.891000
3.891000
3.891000
3.891000
3.891000
3.891000
3.891000
3.891000
3.935000
3.935000
3.935000
3.935000
3.935000
3.935000
3.935000
3.935000
3.935000
3.978000
3.978000
3.978000
3.978000
3.978000
3.978000
3.978000
3.978000
4.022000
4.022000
4.022000
4.022000
4.022000
4.022000
4.066000
4.066000
4.066000
4.066000
4.066000
4.066000
4.066000
4.066000
4.066000
4.066000
4.066000
4.066000
4.110000
4.110000
4.110000
4.110000
4.110000
4.110000
4.110000
4.110000
4.110000
4.153000
4.153000
4.153000
4.153000
4.153000
4.153000
4.153000
4.153000
4.153000
4.153000
4.153000
4.153000
4.153000
4.153000
4.153000
4.153000
4.153000
4.197000
4.197000
4.197000
4.197000
4.197000
4.197000
4.197000
4.197000
4.197000
4.197000
4.197000
4.197000
4.241000
4.241000
4.241000
4.241000
4.241000
4.241000
4.285000
4.285000
4.285000
4.285000
4.285000
4.285000
4.285000
4.285000
4.285000
4.328000
4.328000
4.328000
4.328000
4.328000
4.328000
4.328000
4.328000
4.372000
4.372000
4.372000
4.372000
4.372000
4.372000
4.372000
4.372000
4.372000
4.416000
4.416000
4.416000
4.416000
4.416000
4.416000
4.416000
4.460000
4.460000
4.460000
4.460000
4.460000
4.460000
4.460000
4.765000
4.765000
4.765000
4.765000
4.765000
4.765000
4.765000
4.765000
4.765000
4.765000
4.765000
4.765000
4.765000
4.765000
4.765000
4.765000
5.071000
5.071000
5.071000
5.071000
5.071000
5.071000
5.071000
5.071000
5.071000
5.377000
5.377000
5.377000
5.377000
5.377000
5.377000
5.377000
5.377000
5.377000
5.377000
5.377000
5.377000
5.377000
5.682000
5.682000
5.682000
5.682000
5.682000
5.682000
5.682000
5.682000
5.682000
5.682000
5.682000
5.682000
5.911000
5.911000
5.911000
5.911000
5.911000
5.911000
5.911000
