21.930000
21.930000
21.930000
21.930000
21.930000
23.200001
23.200001
23.200001
23.200001
23.200001
23.200001
23.200001
24.900000
24.900000
24.900000
24.900000
24.900000
24.900000
26.600000
26.600000
26.600000
26.600000
26.600000
26.600000
26.600000
26.600000
26.600000
26.600000
26.600000
26.600000
26.600000
26.600000
26.600000
28.299999
28.299999
28.299999
28.299999
28.299999
28.299999
28.299999
28.299999
28.299999
28.299999
28.299999
28.299999
28.299999
29.990000
29.990000
29.990000
29.990000
29.990000
29.990000
29.990000
29.990000
29.990000
30.200001
30.200001
30.200001
30.200001
30.200001
30.200001
30.200001
30.200001
30.200001
30.200001
30.200001
30.410000
30.410000
30.410000
30.410000
30.410000
30.410000
30.620001
30.620001
30.620001
30.620001
30.620001
30.620001
30.620001
30.620001
30.620001
30.620001
30.620001
30.620001
30.620001
30.830000
30.830000
30.830000
30.830000
30.830000
30.830000
30.830000
30.830000
30.830000
31.040001
31.040001
31.040001
31.040001
31.040001
31.040001
31.040001
31.040001
31.040001
31.040001
31.040001
31.040001
31.040001
31.250000
31.250000
31.250000
31.250000
31.250000
31.250000
31.250000
31.250000
31.250000
31.459999
31.459999
31.459999
31.459999
31.459999
31.459999
31.459999
31.459999
31.459999
31.459999
31.459999
31.670000
31.670000
31.670000
31.670000
31.670000
31.670000
31.879999
31.879999
31.879999
31.879999
31.879999
31.879999
31.879999
31.879999
32.080002
32.080002
32.080002
32.080002
32.080002
32.080002
32.080002
32.080002
32.080002
32.080002
32.080002
32.080002
32.080002
32.080002
32.290001
32.290001
32.290001
32.290001
32.290001
32.290001
32.290001
32.290001
32.290001
32.290001
32.290001
32.290001
32.290001
32.500000
32.500000
32.500000
32.500000
32.500000
32.500000
32.500000
32.500000
32.500000
32.500000
32.500000
32.500000
32.709999
32.709999
32.709999
32.709999
32.709999
32.709999
32.709999
32.709999
32.709999
32.709999
32.709999
32.709999
32.709999
32.919998
32.919998
32.919998
32.919998
32.919998
32.919998
32.919998
32.919998
32.919998
32.919998
32.919998
33.130001
33.130001
33.130001
33.130001
33.130001
33.130001
33.130001
33.130001
33.130001
33.340000
33.340000
33.340000
33.340000
33.340000
33.340000
33.340000
33.340000
33.340000
33.340000
33.340000
33.340000
33.549999
33.549999
33.759998
33.759998
33.759998
33.759998
33.759998
33.759998
33.970001
33.970001
33.970001
33.970001
33.970001
33.970001
33.970001
33.970001
33.970001
34.180000
34.180000
34.180000
34.180000
34.180000
34.180000
34.180000
34.180000
34.180000
34.180000
34.180000
34.389999
34.389999
34.389999
34.389999
34.389999
34.389999
34.389999
34.389999
34.389999
34.590000
34.590000
34.590000
34.590000
34.590000
34.590000
34.590000
34.590000
34.799999
34.799999
34.799999
34.799999
34.799999
35.009998
35.009998
35.009998
35.009998
35.009998
35.009998
35.009998
35.009998
35.009998
35.220001
35.220001
35.220001
35.220001
35.220001
35.220001
35.220001
35.220001
35.220001
35.220001
35.430000
35.430000
35.430000
35.430000
35.430000
35.430000
35.430000
35.430000
35.430000
35.430000
35.639999
35.639999
35.639999
35.639999
35.639999
35.639999
35.639999
35.639999
35.639999
35.639999
35.639999
35.639999
35.849998
35.849998
35.849998
35.849998
35.849998
35.849998
35.849998
35.849998
35.849998
35.849998
35.849998
36.060001
36.060001
36.270000
36.270000
36.270000
36.270000
36.270000
36.270000
36.270000
36.270000
36.480000
36.480000
36.480000
36.480000
36.480000
36.480000
36.480000
36.480000
36.480000
36.480000
36.689999
36.689999
36.689999
36.689999
36.689999
36.689999
36.689999
36.689999
36.689999
36.889999
36.889999
36.889999
36.889999
36.889999
36.889999
36.889999
36.889999
36.889999
36.889999
36.889999
36.889999
36.889999
36.889999
36.889999
37.099998
37.099998
37.099998
37.099998
37.099998
37.099998
37.099998
37.099998
37.099998
37.099998
37.099998
37.099998
37.310001
37.310001
37.310001
37.310001
37.310001
37.310001
37.310001
37.310001
37.310001
37.520000
37.520000
37.520000
37.520000
37.520000
37.520000
37.520000
37.520000
37.520000
37.520000
37.520000
37.520000
37.730000
37.730000
37.730000
37.730000
37.730000
37.730000
37.730000
37.730000
37.730000
37.730000
37.730000
37.730000
37.939999
37.939999
37.939999
37.939999
37.939999
37.939999
37.939999
37.939999
37.939999
37.939999
37.939999
37.939999
37.939999
37.939999
38.150002
38.150002
38.150002
38.150002
38.150002
38.150002
38.150002
38.150002
38.150002
38.360001
38.360001
38.360001
38.360001
38.360001
38.360001
38.570000
38.570000
38.570000
38.570000
38.570000
38.570000
38.779999
38.779999
38.779999
38.779999
38.779999
38.779999
38.779999
38.779999
38.779999
38.779999
38.779999
38.990002
38.990002
38.990002
38.990002
38.990002
38.990002
38.990002
38.990002
38.990002
38.990002
39.200001
39.200001
39.200001
39.200001
39.200001
39.200001
39.200001
39.400002
39.400002
39.400002
39.400002
39.400002
39.400002
39.400002
39.400002
39.400002
39.650002
39.650002
39.650002
39.650002
39.650002
39.650002
39.650002
39.650002
39.650002
39.889999
39.889999
39.889999
39.889999
39.889999
39.889999
39.889999
39.889999
39.889999
39.889999
39.889999
40.130001
40.130001
40.130001
40.130001
40.130001
40.130001
40.130001
40.369999
40.369999
40.369999
40.369999
40.369999
40.369999
40.369999
40.369999
40.369999
40.369999
40.369999
40.369999
40.369999
40.369999
40.369999
40.619999
40.619999
40.619999
40.619999
40.619999
40.619999
40.619999
40.619999
40.619999
40.619999
40.619999
40.619999
40.860001
40.860001
40.860001
40.860001
40.860001
40.860001
40.860001
40.860001
40.860001
40.860001
40.860001
40.860001
40.860001
40.860001
40.860001
41.099998
41.099998
41.099998
41.099998
41.099998
41.099998
41.099998
41.099998
41.099998
41.340000
41.340000
41.340000
41.340000
41.340000
41.340000
41.340000
41.340000
41.340000
41.340000
41.340000
41.590000
41.590000
41.590000
41.590000
41.590000
41.590000
41.590000
41.590000
41.590000
41.590000
41.590000
41.830002
41.830002
41.830002
41.830002
41.830002
41.830002
41.830002
41.830002
41.830002
41.830002
41.830002
41.830002
42.070000
42.070000
42.070000
42.070000
42.070000
42.070000
42.070000
42.070000
42.070000
42.310001
42.310001
42.310001
42.310001
42.310001
42.310001
42.310001
42.310001
42.310001
42.310001
42.310001
42.560001
42.560001
42.560001
42.560001
42.560001
42.560001
42.560001
42.799999
42.799999
42.799999
42.799999
42.799999
42.799999
42.799999
42.799999
42.799999
42.799999
42.799999
42.799999
42.799999
43.040001
43.040001
43.040001
43.040001
43.040001
43.040001
43.040001
43.279999
43.279999
43.279999
43.279999
43.279999
43.279999
43.279999
43.279999
43.279999
43.279999
43.529999
43.529999
43.529999
43.529999
43.529999
43.529999
43.529999
43.529999
43.529999
43.529999
43.529999
43.770000
43.770000
43.770000
43.770000
43.770000
43.770000
43.770000
43.770000
43.770000
43.770000
43.770000
43.770000
44.009998
44.009998
44.009998
44.009998
44.009998
44.009998
44.009998
44.009998
44.009998
44.009998
44.009998
44.009998
44.009998
44.250000
44.250000
44.250000
44.250000
44.250000
44.250000
44.250000
44.250000
44.250000
44.250000
44.250000
44.500000
44.500000
44.500000
44.500000
44.500000
44.500000
44.500000
44.500000
44.500000
44.500000
44.500000
44.740002
44.740002
44.740002
44.740002
44.740002
44.740002
44.740002
44.740002
44.740002
44.980000
44.980000
44.980000
44.980000
44.980000
44.980000
45.220001
45.220001
45.220001
45.220001
45.220001
45.220001
45.220001
45.220001
45.220001
45.220001
45.220001
45.470001
45.470001
45.470001
45.470001
45.470001
45.470001
45.470001
45.470001
45.470001
45.470001
45.470001
45.470001
45.470001
45.470001
45.470001
45.470001
45.470001
45.709999
45.709999
45.709999
45.709999
45.709999
45.709999
45.709999
45.709999
45.709999
45.709999
45.709999
45.709999
45.709999
45.950001
45.950001
45.950001
45.950001
45.950001
45.950001
45.950001
45.950001
45.950001
45.950001
45.950001
46.189999
46.189999
46.189999
46.189999
46.189999
46.189999
46.189999
46.189999
46.189999
46.189999
46.189999
46.189999
46.189999
46.439999
46.439999
46.439999
46.439999
46.439999
46.439999
46.439999
46.439999
46.439999
46.680000
46.680000
46.680000
46.680000
46.680000
46.680000
46.680000
46.919998
46.919998
46.919998
46.919998
46.919998
46.919998
46.919998
46.919998
47.160000
47.160000
47.160000
47.160000
47.160000
47.160000
47.160000
47.160000
47.160000
47.160000
47.160000
47.160000
47.160000
47.160000
47.160000
47.410000
47.410000
47.410000
47.410000
47.410000
47.410000
47.650002
47.650002
47.650002
47.650002
47.650002
47.650002
47.650002
47.650002
47.650002
47.889999
47.889999
47.889999
47.889999
47.889999
47.889999
47.889999
47.889999
48.130001
48.130001
48.130001
48.130001
48.130001
48.130001
48.130001
48.130001
48.130001
48.130001
48.130001
48.130001
48.130001
48.130001
48.130001
48.130001
48.130001
48.130001
48.130001
48.380001
48.380001
48.380001
48.380001
48.380001
48.380001
48.380001
48.380001
48.380001
48.619999
48.619999
48.619999
48.619999
48.619999
48.619999
48.619999
48.619999
48.619999
48.860001
48.860001
48.860001
48.860001
48.860001
48.860001
48.860001
48.860001
48.860001
48.860001
49.099998
49.099998
49.099998
49.099998
49.099998
49.099998
49.099998
49.099998
49.099998
49.099998
49.099998
49.099998
49.349998
49.349998
49.349998
49.349998
49.349998
49.349998
49.349998
49.349998
49.590000
49.590000
49.590000
49.590000
49.590000
49.590000
49.590000
49.590000
49.830002
49.830002
49.830002
49.830002
49.830002
49.830002
49.830002
49.830002
50.070000
50.070000
50.070000
50.070000
50.070000
50.070000
50.070000
50.070000
50.320000
50.320000
50.320000
50.320000
50.320000
50.320000
50.320000
50.320000
50.320000
50.320000
52.099998
52.099998
52.099998
52.099998
52.099998
52.099998
52.099998
52.099998
52.099998
53.880001
53.880001
53.880001
53.880001
53.880001
53.880001
53.880001
55.669998
55.669998
55.669998
55.669998
55.669998
55.669998
55.669998
55.669998
55.669998
55.669998
57.450001
57.450001
57.450001
57.450001
57.450001
57.450001
57.450001
58.790001
58.790001
58.790001
58.790001
58.790001
58.790001
58.790001
58.790001
58.790001
