0.000000
0.000000
0.000000
0.000000
0.000000
0.000000
0.000000
0.000000
0.000000
0.000000
0.000000
0.000000
0.000000
0.000000
0.000000
0.000000
0.000000
0.000000
0.000000
0.000000
0.000000
0.000000
0.000000
0.000000
0.000000
0.000000
0.000000
0.000000
0.000000
0.000000
0.000000
0.000000
0.000000
0.000000
0.000000
0.000000
0.000000
0.000000
0.000000
0.000000
0.000000
0.000000
0.000000
0.000000
0.000000
0.000000
0.000000
0.000000
0.000000
0.000000
0.000000
0.000000
0.442600
0.442600
0.442600
0.442600
0.442600
0.693600
0.693600
0.693600
0.693600
0.693600
0.693600
0.693600
0.693600
0.693600
0.693600
0.693600
0.693600
0.693600
0.693600
0.944500
0.944500
0.944500
0.944500
0.944500
0.944500
0.944500
0.944500
0.944500
0.944500
0.944500
0.944500
0.944500
0.944500
0.944500
1.196000
1.196000
1.196000
1.196000
1.196000
1.196000
1.196000
1.196000
1.196000
1.196000
1.196000
1.196000
1.196000
1.196000
1.447000
1.447000
1.447000
1.447000
1.447000
1.447000
1.447000
1.447000
1.447000
1.447000
1.697000
1.697000
1.697000
1.697000
1.697000
1.697000
1.697000
1.697000
1.948000
1.948000
1.948000
1.948000
2.199000
2.199000
2.199000
2.199000
2.199000
2.199000
2.199000
2.199000
2.199000
2.199000
2.199000
2.450000
2.450000
2.450000
2.450000
2.450000
2.450000
2.450000
2.450000
2.450000
2.450000
2.701000
2.701000
2.701000
2.701000
2.701000
2.701000
2.701000
2.701000
2.701000
2.701000
2.952000
2.952000
2.952000
2.952000
2.952000
2.952000
2.952000
2.952000
2.952000
3.203000
3.203000
3.203000
3.203000
3.203000
3.203000
3.203000
3.203000
3.203000
3.203000
3.454000
3.454000
3.454000
3.454000
3.454000
3.454000
3.454000
3.454000
3.454000
3.454000
3.454000
3.454000
3.705000
3.705000
3.705000
3.705000
3.705000
3.705000
3.705000
3.705000
3.705000
3.956000
3.956000
3.956000
3.956000
3.956000
3.956000
3.956000
3.956000
3.956000
3.956000
3.956000
3.956000
3.956000
3.956000
3.956000
3.956000
3.956000
4.207000
4.207000
4.207000
4.207000
4.207000
4.207000
4.207000
4.207000
4.458000
4.458000
4.458000
4.458000
4.458000
4.458000
4.458000
4.458000
4.458000
4.709000
4.709000
4.709000
4.709000
4.709000
4.960000
4.960000
4.960000
4.960000
4.960000
4.960000
4.960000
4.960000
5.211000
5.211000
5.211000
5.211000
5.211000
5.211000
5.211000
5.211000
5.211000
5.211000
5.211000
5.462000
5.462000
5.462000
5.462000
5.462000
5.462000
5.462000
5.713000
5.713000
5.713000
5.713000
5.713000
5.713000
5.713000
5.713000
5.713000
5.713000
5.964000
5.964000
5.964000
5.964000
5.964000
5.964000
5.964000
6.215000
6.215000
6.215000
6.215000
6.215000
6.215000
6.215000
6.215000
6.215000
6.215000
6.215000
6.466000
6.466000
6.466000
6.466000
6.466000
6.466000
6.466000
6.466000
6.466000
6.466000
6.466000
6.466000
6.466000
6.466000
6.717000
6.717000
6.717000
6.717000
6.717000
6.968000
6.968000
6.968000
6.968000
6.968000
6.968000
6.968000
6.968000
6.968000
6.968000
7.219000
7.219000
7.219000
7.219000
7.219000
7.219000
7.219000
7.219000
7.219000
7.219000
7.219000
7.219000
7.219000
7.470000
7.470000
7.470000
7.470000
7.470000
7.470000
7.470000
7.470000
7.470000
7.470000
7.470000
7.470000
7.721000
7.721000
7.721000
7.721000
7.721000
7.721000
7.721000
7.721000
7.721000
7.721000
7.972000
7.972000
7.972000
7.972000
7.972000
7.972000
8.223000
8.223000
8.223000
8.223000
8.223000
8.223000
8.223000
8.223000
8.223000
8.223000
8.223000
8.223000
8.223000
8.223000
8.223000
8.223000
8.474000
8.474000
8.474000
8.474000
8.474000
8.474000
8.474000
8.474000
8.474000
8.725000
8.725000
8.725000
8.725000
8.725000
8.725000
8.725000
8.725000
8.725000
8.976000
8.976000
8.976000
8.976000
8.976000
8.976000
8.976000
9.227000
9.227000
9.227000
9.227000
9.227000
9.227000
9.227000
9.227000
9.478000
9.478000
9.478000
9.478000
9.478000
9.478000
9.478000
9.478000
9.478000
9.478000
9.478000
9.729000
9.729000
9.729000
9.729000
9.729000
9.729000
9.729000
9.729000
9.729000
9.729000
9.729000
9.980000
9.980000
9.980000
9.980000
9.980000
9.980000
9.980000
10.230000
10.230000
10.230000
10.230000
10.230000
10.230000
10.480000
10.480000
10.480000
10.480000
10.480000
10.480000
10.730000
10.730000
10.730000
10.730000
10.730000
10.730000
10.730000
10.730000
10.730000
10.730000
10.980000
10.980000
10.980000
10.980000
10.980000
10.980000
10.980000
10.980000
10.980000
11.230000
11.230000
11.230000
11.230000
11.230000
11.230000
11.230000
11.490000
11.490000
11.490000
11.490000
11.490000
11.490000
11.490000
11.490000
11.490000
11.490000
11.490000
11.740000
11.740000
11.740000
11.740000
11.740000
11.740000
11.740000
11.740000
11.740000
11.740000
12.220000
12.220000
12.220000
12.220000
12.220000
12.220000
12.220000
12.220000
12.710000
12.710000
12.710000
12.710000
12.710000
12.710000
12.710000
12.710000
12.710000
12.710000
12.710000
12.710000
12.710000
12.710000
13.200000
13.200000
13.200000
13.200000
13.200000
13.200000
13.200000
13.200000
13.200000
13.200000
13.680000
13.680000
13.680000
13.680000
13.680000
13.680000
13.680000
14.170000
14.170000
14.170000
14.170000
14.170000
14.170000
14.170000
14.170000
14.170000
14.170000
14.170000
14.650000
14.650000
14.650000
14.650000
15.140000
15.140000
15.140000
15.140000
15.140000
15.140000
15.140000
15.140000
15.140000
15.140000
15.630000
15.630000
15.630000
15.630000
15.630000
15.630000
15.630000
15.630000
15.630000
15.630000
15.630000
15.630000
15.630000
15.630000
15.630000
15.630000
15.630000
15.630000
16.110001
16.110001
16.110001
16.110001
16.110001
16.110001
16.110001
16.110001
16.110001
16.110001
16.600000
16.600000
16.600000
16.600000
16.600000
16.600000
16.600000
16.600000
17.090000
17.090000
17.090000
17.090000
17.090000
17.090000
17.090000
17.090000
17.090000
17.570000
17.570000
17.570000
17.570000
17.570000
17.570000
17.570000
17.570000
17.570000
17.570000
18.059999
18.059999
18.059999
18.059999
18.059999
18.059999
18.059999
18.059999
18.059999
18.059999
18.059999
18.059999
18.540001
18.540001
18.540001
18.540001
18.540001
18.540001
18.540001
18.540001
18.540001
18.540001
19.030001
19.030001
19.030001
19.030001
19.030001
19.030001
19.030001
19.030001
19.030001
19.520000
19.520000
19.520000
19.520000
19.520000
19.520000
19.520000
19.520000
19.520000
19.520000
20.000000
20.000000
20.000000
20.000000
20.000000
20.000000
20.000000
20.000000
20.000000
20.000000
20.000000
20.000000
20.000000
20.000000
20.000000
20.000000
20.000000
20.000000
20.490000
20.490000
20.490000
20.490000
20.490000
20.490000
20.490000
20.490000
20.980000
20.980000
20.980000
20.980000
20.980000
20.980000
20.980000
20.980000
20.980000
20.980000
20.980000
20.980000
20.980000
20.980000
20.980000
21.459999
21.459999
21.459999
21.459999
21.459999
21.459999
21.459999
21.459999
21.459999
21.950001
21.950001
21.950001
21.950001
21.950001
21.950001
21.950001
22.430000
22.430000
22.430000
22.430000
22.430000
22.430000
22.430000
22.430000
22.430000
22.430000
22.920000
22.920000
22.920000
22.920000
22.920000
22.920000
22.920000
22.920000
22.920000
22.920000
22.920000
22.920000
22.920000
22.920000
23.410000
23.410000
23.410000
23.410000
23.410000
23.410000
23.889999
23.889999
23.889999
23.889999
23.889999
23.889999
23.889999
24.379999
24.379999
24.379999
24.379999
24.379999
24.379999
24.379999
24.379999
24.379999
24.379999
24.379999
24.379999
24.379999
24.870001
24.870001
24.870001
24.870001
24.870001
24.870001
24.870001
24.870001
24.870001
24.870001
24.870001
25.350000
25.350000
25.350000
25.350000
25.350000
25.350000
25.350000
25.350000
25.350000
25.350000
25.350000
25.350000
25.840000
25.840000
25.840000
25.840000
25.840000
26.320000
26.320000
26.320000
26.320000
26.320000
26.320000
26.809999
26.809999
26.809999
26.809999
26.809999
26.809999
26.809999
26.809999
26.809999
26.809999
26.809999
26.809999
26.809999
27.299999
27.299999
27.299999
27.299999
27.299999
27.299999
27.299999
27.299999
27.780001
27.780001
27.780001
27.780001
27.780001
27.780001
27.780001
27.780001
27.780001
27.780001
27.780001
27.780001
27.780001
27.780001
27.780001
28.270000
28.270000
28.270000
28.270000
28.270000
28.270000
28.270000
28.270000
28.270000
28.270000
28.760000
28.760000
28.760000
28.760000
28.760000
28.760000
28.760000
28.760000
28.760000
28.760000
28.760000
28.760000
28.760000
28.760000
28.760000
29.240000
29.240000
29.240000
29.240000
29.240000
29.240000
29.240000
29.240000
29.240000
29.240000
29.240000
29.730000
29.730000
29.730000
29.730000
29.730000
29.730000
29.730000
29.730000
29.730000
29.730000
29.730000
29.730000
29.730000
29.730000
29.730000
30.209999
30.209999
30.209999
30.209999
30.209999
30.209999
30.209999
30.209999
30.209999
30.700001
30.700001
30.700001
30.700001
30.700001
30.700001
30.700001
30.700001
31.190001
31.190001
31.190001
31.190001
31.190001
31.190001
31.190001
31.190001
31.190001
31.190001
31.190001
31.190001
31.670000
31.670000
31.670000
31.670000
31.670000
31.670000
31.670000
31.670000
31.670000
31.670000
31.670000
31.670000
31.670000
32.160000
32.160000
32.160000
32.160000
32.160000
32.160000
32.160000
32.160000
32.160000
32.160000
32.160000
32.639999
32.639999
32.639999
32.639999
32.639999
32.639999
32.639999
33.130001
33.130001
33.130001
33.130001
33.130001
33.130001
33.130001
33.130001
33.130001
33.130001
33.619999
33.619999
33.619999
33.619999
33.619999
33.619999
33.619999
40.430000
40.430000
40.430000
40.430000
40.430000
40.430000
40.430000
40.430000
40.430000
47.250000
47.250000
47.250000
47.250000
47.250000
47.250000
47.250000
54.070000
54.070000
54.070000
54.070000
54.070000
54.070000
54.070000
54.070000
54.070000
60.889999
60.889999
60.889999
60.889999
60.889999
60.889999
60.889999
60.889999
60.889999
60.889999
66.000000
66.000000
66.000000
66.000000
66.000000
66.000000
66.000000
