0.000000
0.000000
0.000000
0.000000
0.000000
0.000000
0.000000
0.000000
0.000000
0.000000
0.000000
0.000000
0.000000
0.000000
0.000000
0.000000
0.000000
0.000000
0.000000
0.000000
0.000000
0.000000
0.000000
0.000000
0.000000
0.000000
0.000000
0.000000
0.000000
0.000000
0.000000
0.000000
0.000000
0.000000
0.000000
0.000000
0.000000
0.000000
0.000000
0.000000
1.189000
1.189000
1.189000
1.189000
1.189000
1.189000
1.189000
4.020000
4.020000
4.020000
4.020000
4.020000
4.020000
4.020000
4.020000
4.020000
4.020000
4.628000
4.628000
4.628000
4.628000
4.628000
4.628000
4.628000
4.628000
4.628000
4.628000
4.628000
4.628000
5.236000
5.236000
5.236000
5.236000
5.236000
5.236000
5.844000
5.844000
5.844000
5.844000
5.844000
5.844000
5.844000
5.844000
6.452000
6.452000
6.452000
6.452000
6.452000
6.452000
6.452000
6.452000
6.452000
7.059000
7.059000
7.059000
7.059000
7.059000
7.059000
7.059000
7.059000
7.059000
7.059000
7.059000
7.059000
7.059000
7.059000
7.059000
7.059000
7.059000
7.667000
7.667000
7.667000
7.667000
7.667000
7.667000
8.275000
8.275000
8.275000
8.275000
8.275000
8.275000
8.275000
8.275000
8.275000
8.275000
8.275000
8.883000
8.883000
8.883000
8.883000
8.883000
8.883000
8.883000
8.883000
9.491000
9.491000
9.491000
9.491000
9.491000
9.491000
9.491000
9.491000
9.491000
9.491000
10.100000
10.100000
10.100000
10.100000
10.100000
10.100000
10.100000
10.100000
10.100000
10.710000
10.710000
10.710000
10.710000
10.710000
10.710000
10.710000
10.710000
11.310000
11.310000
11.310000
11.310000
11.310000
11.310000
11.310000
11.310000
11.310000
11.310000
11.310000
11.310000
11.310000
11.310000
11.920000
11.920000
11.920000
11.920000
11.920000
12.530000
12.530000
12.530000
12.530000
12.530000
12.530000
13.140000
13.140000
13.140000
13.140000
13.140000
13.140000
13.140000
13.140000
13.140000
13.140000
13.140000
13.140000
13.140000
13.140000
13.750000
13.750000
13.750000
13.750000
13.750000
14.350000
14.350000
14.350000
14.350000
14.350000
14.350000
14.350000
14.350000
14.350000
14.350000
14.960000
14.960000
14.960000
14.960000
14.960000
14.960000
14.960000
14.960000
14.960000
14.960000
14.960000
15.570000
15.570000
15.570000
15.570000
15.570000
15.570000
15.570000
15.570000
16.180000
16.180000
16.180000
16.180000
16.180000
16.180000
16.780001
16.780001
16.780001
16.780001
16.780001
16.780001
16.780001
16.780001
16.780001
16.780001
16.780001
16.780001
16.780001
17.389999
17.389999
17.389999
17.389999
17.389999
17.389999
17.389999
17.389999
18.000000
18.000000
18.000000
18.000000
18.000000
18.000000
18.000000
18.000000
18.000000
18.000000
18.000000
18.000000
18.000000
18.610001
18.610001
18.610001
18.610001
18.610001
18.610001
18.610001
18.610001
18.610001
18.610001
18.610001
18.610001
19.219999
19.219999
19.219999
19.219999
19.219999
19.219999
19.219999
19.219999
19.820000
19.820000
19.820000
19.820000
19.820000
19.820000
19.820000
19.820000
19.820000
19.820000
19.820000
19.820000
19.820000
20.430000
20.430000
20.430000
20.430000
20.430000
20.430000
20.430000
20.430000
20.430000
20.430000
20.430000
20.430000
20.430000
21.040001
21.040001
21.040001
21.040001
21.650000
21.650000
21.650000
21.650000
21.650000
21.650000
21.650000
21.650000
21.650000
21.650000
21.650000
21.650000
21.650000
21.650000
21.650000
21.650000
22.250000
22.250000
22.250000
22.250000
22.250000
22.250000
22.250000
22.250000
22.860001
22.860001
22.860001
22.860001
22.860001
22.860001
22.860001
22.860001
23.469999
23.469999
23.469999
23.469999
23.469999
23.469999
23.469999
23.469999
24.080000
24.080000
24.080000
24.080000
24.690001
24.690001
24.690001
24.690001
24.690001
24.690001
24.690001
25.290001
25.290001
25.290001
25.290001
25.290001
25.290001
25.290001
25.290001
25.290001
25.290001
25.900000
25.900000
25.900000
25.900000
25.900000
25.900000
25.900000
25.900000
25.900000
25.900000
25.900000
25.900000
25.900000
26.510000
26.510000
26.510000
26.510000
26.510000
26.510000
26.510000
26.510000
26.510000
26.510000
26.510000
26.510000
26.510000
26.510000
26.510000
26.510000
27.120001
27.120001
27.120001
27.120001
27.730000
27.730000
27.730000
27.730000
27.730000
27.730000
27.730000
27.730000
27.730000
27.730000
28.330000
28.330000
28.330000
28.330000
28.330000
28.330000
28.330000
28.330000
28.330000
28.330000
28.330000
28.330000
28.330000
28.330000
28.330000
28.330000
28.330000
28.330000
28.940001
28.940001
28.940001
28.940001
28.940001
28.940001
28.940001
28.940001
29.549999
29.549999
29.549999
29.549999
29.549999
29.549999
29.549999
30.160000
30.160000
30.160000
30.160000
30.160000
30.160000
30.160000
30.160000
30.160000
30.160000
30.160000
30.160000
30.760000
30.760000
30.760000
30.760000
30.760000
30.760000
30.760000
30.760000
30.760000
30.760000
30.760000
30.760000
31.370001
31.370001
31.370001
31.370001
31.370001
31.370001
31.370001
31.370001
31.370001
31.370001
32.410000
32.410000
32.410000
32.410000
32.410000
32.410000
32.410000
32.410000
32.410000
33.450001
33.450001
33.450001
33.450001
33.450001
33.450001
34.490002
34.490002
34.490002
34.490002
34.490002
34.490002
34.490002
35.540001
35.540001
35.540001
35.540001
35.540001
35.540001
35.540001
35.540001
35.540001
35.540001
35.540001
35.540001
36.580002
36.580002
36.580002
36.580002
36.580002
36.580002
36.580002
36.580002
36.580002
36.580002
36.580002
37.619999
37.619999
37.619999
37.619999
37.619999
37.619999
37.619999
37.619999
37.619999
37.619999
37.619999
38.660000
38.660000
38.660000
38.660000
38.660000
38.660000
38.660000
38.660000
38.660000
38.660000
39.700001
39.700001
39.700001
39.700001
39.700001
39.700001
39.700001
40.740002
40.740002
40.740002
40.740002
40.740002
40.740002
40.740002
40.740002
41.779999
41.779999
41.779999
41.779999
41.779999
41.779999
41.779999
42.820000
42.820000
42.820000
42.820000
42.820000
42.820000
43.860001
43.860001
43.860001
43.860001
43.860001
43.860001
43.860001
43.860001
43.860001
43.860001
43.860001
44.900002
44.900002
44.900002
44.900002
44.900002
44.900002
44.900002
44.900002
44.900002
44.900002
44.900002
44.900002
44.900002
45.939999
45.939999
45.939999
45.939999
45.939999
45.939999
45.939999
45.939999
45.939999
45.939999
46.980000
46.980000
46.980000
46.980000
46.980000
46.980000
46.980000
46.980000
46.980000
46.980000
46.980000
46.980000
48.020000
48.020000
48.020000
48.020000
48.020000
48.020000
48.020000
48.020000
49.070000
49.070000
49.070000
49.070000
49.070000
49.070000
49.070000
49.070000
49.070000
49.070000
49.070000
50.110001
50.110001
50.110001
50.110001
50.110001
50.110001
50.110001
50.110001
50.110001
50.110001
50.110001
50.110001
50.110001
51.150002
51.150002
51.150002
51.150002
51.150002
51.150002
51.150002
51.150002
51.150002
51.150002
51.150002
51.150002
51.150002
51.150002
51.150002
52.189999
52.189999
52.189999
52.189999
52.189999
52.189999
52.189999
52.189999
52.189999
52.189999
53.230000
53.230000
53.230000
53.230000
53.230000
53.230000
53.230000
53.230000
53.230000
53.230000
54.270000
54.270000
54.270000
54.270000
54.270000
54.270000
55.310001
55.310001
55.310001
55.310001
55.310001
55.310001
55.310001
55.310001
55.310001
55.310001
55.310001
56.349998
56.349998
56.349998
56.349998
56.349998
56.349998
56.349998
56.349998
56.349998
56.349998
56.349998
56.349998
57.389999
57.389999
57.389999
57.389999
57.389999
57.389999
57.389999
57.389999
58.430000
58.430000
58.430000
58.430000
58.430000
58.430000
58.430000
58.430000
59.470001
59.470001
59.470001
59.470001
59.470001
59.470001
60.509998
60.509998
60.509998
60.509998
60.509998
60.509998
60.509998
60.509998
60.509998
60.509998
60.509998
60.509998
60.509998
60.509998
61.560001
61.560001
61.560001
61.560001
61.560001
61.560001
61.560001
61.560001
61.560001
61.560001
62.599998
62.599998
62.599998
62.599998
62.599998
62.599998
62.599998
62.599998
62.599998
62.599998
62.599998
62.599998
62.599998
62.599998
62.599998
63.639999
63.639999
63.639999
63.639999
63.639999
63.639999
63.639999
63.639999
64.680000
64.680000
64.680000
64.680000
64.680000
64.680000
64.680000
64.680000
64.680000
64.680000
65.720001
65.720001
65.720001
65.720001
65.720001
65.720001
65.720001
65.720001
65.720001
65.720001
65.720001
65.720001
66.760002
66.760002
66.760002
66.760002
66.760002
66.760002
66.760002
66.760002
66.760002
66.760002
67.800003
67.800003
67.800003
67.800003
67.800003
67.800003
67.800003
67.800003
67.800003
67.800003
67.800003
67.800003
68.839996
68.839996
68.839996
68.839996
68.839996
68.839996
68.839996
68.839996
68.839996
69.879997
69.879997
69.879997
69.879997
69.879997
69.879997
69.879997
69.879997
69.879997
69.879997
69.879997
69.879997
70.919998
70.919998
70.919998
70.919998
70.919998
70.919998
70.919998
70.919998
70.919998
70.919998
70.919998
70.919998
71.959999
71.959999
71.959999
71.959999
71.959999
71.959999
71.959999
71.959999
71.959999
71.959999
71.959999
71.959999
73.000000
73.000000
73.000000
73.000000
73.000000
73.000000
73.000000
73.000000
73.000000
73.000000
73.000000
73.000000
73.000000
74.050003
74.050003
74.050003
74.050003
74.050003
74.050003
74.050003
75.089996
75.089996
75.089996
75.089996
75.089996
75.089996
75.089996
75.089996
75.089996
75.089996
75.089996
75.089996
75.089996
75.089996
76.129997
76.129997
76.129997
76.129997
76.129997
76.129997
76.129997
77.169998
77.169998
77.169998
77.169998
77.169998
77.169998
77.169998
77.169998
77.169998
77.169998
77.169998
78.209999
78.209999
78.209999
78.209999
78.209999
78.209999
78.209999
83.580002
83.580002
83.580002
83.580002
83.580002
83.580002
83.580002
83.580002
83.580002
83.580002
83.580002
88.949997
88.949997
88.949997
88.949997
88.949997
88.949997
88.949997
88.949997
88.949997
88.949997
88.949997
94.320000
94.320000
94.320000
94.320000
94.320000
94.320000
94.320000
94.320000
94.320000
94.320000
94.320000
94.320000
99.690002
99.690002
99.690002
99.690002
99.690002
99.690002
103.699997
103.699997
103.699997
103.699997
103.699997
103.699997
103.699997
103.699997
103.699997
103.699997
103.699997
103.699997
