0.000000
0.000000
0.000000
0.000000
0.000000
0.000000
0.000000
0.000000
0.000000
0.000000
0.000000
0.000000
0.000000
0.000000
0.000000
0.000000
0.000000
0.000000
0.000000
0.000000
0.000000
0.000000
0.000000
0.000000
0.000000
0.000000
0.000000
0.000000
0.000000
0.000000
0.000000
0.000000
0.000000
0.000000
0.000000
0.000000
0.000000
0.000000
0.000000
0.000000
0.000000
0.000000
0.000000
0.000000
0.000000
0.000000
0.000000
0.000000
0.000000
0.000000
0.000000
0.000000
0.592900
0.592900
0.592900
0.592900
0.592900
0.592900
1.035000
1.035000
1.035000
1.035000
1.035000
1.035000
1.035000
1.035000
1.035000
1.035000
1.035000
1.035000
1.476000
1.476000
1.476000
1.476000
1.476000
1.476000
1.476000
1.476000
1.476000
1.476000
1.476000
1.918000
1.918000
1.918000
1.918000
1.918000
1.918000
1.918000
1.918000
1.918000
1.918000
1.918000
2.360000
2.360000
2.360000
2.360000
2.360000
2.360000
2.360000
2.360000
2.360000
2.360000
2.801000
2.801000
2.801000
2.801000
2.801000
2.801000
2.801000
2.801000
2.801000
2.801000
2.801000
3.243000
3.243000
3.243000
3.243000
3.243000
3.243000
3.243000
3.243000
3.243000
3.685000
3.685000
3.685000
3.685000
3.685000
3.685000
3.685000
3.685000
3.685000
3.685000
4.127000
4.127000
4.127000
4.127000
4.127000
4.127000
4.127000
4.127000
4.127000
4.568000
4.568000
4.568000
4.568000
4.568000
4.568000
4.568000
5.010000
5.010000
5.010000
5.010000
5.010000
5.010000
5.010000
5.452000
5.452000
5.452000
5.452000
5.452000
5.452000
5.452000
5.452000
5.452000
5.452000
5.452000
5.893000
5.893000
5.893000
5.893000
5.893000
5.893000
5.893000
5.893000
5.893000
5.893000
5.893000
5.893000
5.893000
6.335000
6.335000
6.335000
6.335000
6.335000
6.335000
6.335000
6.777000
6.777000
6.777000
6.777000
6.777000
6.777000
7.219000
7.219000
7.219000
7.219000
7.219000
7.219000
7.219000
7.219000
7.219000
7.219000
7.660000
7.660000
7.660000
7.660000
7.660000
8.102000
8.102000
8.102000
8.102000
8.102000
8.102000
8.102000
8.102000
8.102000
8.102000
8.544000
8.544000
8.544000
8.544000
8.544000
8.544000
8.544000
8.544000
8.985000
8.985000
8.985000
8.985000
8.985000
8.985000
8.985000
8.985000
8.985000
8.985000
8.985000
8.985000
8.985000
8.985000
8.985000
8.985000
8.985000
9.427000
9.427000
9.427000
9.427000
9.427000
9.427000
9.427000
9.427000
9.427000
9.427000
9.427000
9.427000
9.427000
9.869000
9.869000
9.869000
9.869000
9.869000
9.869000
9.869000
9.869000
9.869000
9.869000
10.310000
10.310000
10.310000
10.310000
10.310000
10.310000
10.310000
10.750000
10.750000
10.750000
10.750000
10.750000
10.750000
10.750000
10.750000
10.750000
11.190000
11.190000
11.190000
11.190000
11.190000
11.190000
11.190000
11.190000
11.190000
11.640000
11.640000
11.640000
11.640000
11.640000
11.640000
11.640000
11.640000
11.640000
11.640000
11.640000
12.080000
12.080000
12.080000
12.080000
12.080000
12.080000
12.520000
12.520000
12.520000
12.520000
12.520000
12.520000
12.520000
12.520000
12.520000
12.520000
12.960000
12.960000
12.960000
12.960000
12.960000
12.960000
12.960000
12.960000
12.960000
12.960000
12.960000
12.960000
13.400000
13.400000
13.400000
13.400000
13.400000
13.400000
13.400000
13.400000
13.840000
13.840000
13.840000
13.840000
13.840000
13.840000
13.840000
14.290000
14.290000
14.290000
14.290000
14.290000
14.290000
14.290000
14.290000
14.290000
14.290000
14.290000
14.290000
14.290000
14.290000
14.730000
14.730000
14.730000
14.730000
14.730000
14.730000
14.730000
14.730000
14.730000
14.730000
15.170000
15.170000
15.170000
15.170000
15.170000
15.170000
15.170000
15.170000
15.170000
15.170000
15.170000
15.170000
15.170000
15.610000
15.610000
15.610000
15.610000
15.610000
15.610000
15.610000
15.610000
15.610000
15.610000
16.049999
16.049999
16.049999
16.049999
16.049999
16.049999
16.049999
16.049999
16.049999
16.049999
16.049999
16.049999
16.049999
16.490000
16.490000
16.490000
16.490000
16.490000
16.490000
16.490000
16.490000
16.490000
16.490000
16.490000
16.940001
16.940001
16.940001
16.940001
16.940001
16.940001
16.940001
16.940001
16.940001
16.940001
16.940001
17.379999
17.379999
17.379999
17.379999
17.379999
17.379999
17.379999
17.379999
17.379999
17.379999
17.379999
17.379999
17.379999
17.820000
17.820000
17.820000
18.260000
18.260000
18.260000
18.260000
18.260000
18.260000
18.260000
18.260000
18.260000
18.260000
18.700001
18.700001
18.700001
18.700001
18.700001
18.700001
18.700001
18.700001
18.700001
18.700001
18.700001
19.139999
19.139999
19.139999
19.139999
19.139999
19.139999
19.139999
19.139999
19.139999
19.139999
19.139999
19.590000
19.590000
19.590000
19.590000
19.590000
20.030001
20.030001
20.030001
20.469999
20.469999
20.469999
20.469999
20.469999
20.469999
20.469999
20.469999
20.469999
20.469999
20.469999
21.520000
21.520000
21.520000
21.520000
21.520000
21.520000
21.520000
21.520000
21.520000
21.520000
21.520000
22.559999
22.559999
22.559999
22.559999
22.559999
22.559999
22.559999
22.559999
22.559999
22.559999
22.559999
23.610001
23.610001
23.610001
23.610001
23.610001
24.660000
24.660000
24.660000
24.660000
24.660000
24.660000
24.660000
24.660000
24.660000
24.660000
24.660000
24.660000
24.660000
24.660000
24.660000
24.660000
24.660000
25.709999
25.709999
25.709999
25.709999
25.709999
26.750000
26.750000
26.750000
26.750000
26.750000
26.750000
26.750000
26.750000
26.750000
27.799999
27.799999
27.799999
27.799999
27.799999
27.799999
27.799999
27.799999
27.799999
27.799999
27.799999
27.799999
27.799999
28.850000
28.850000
28.850000
28.850000
28.850000
28.850000
28.850000
28.850000
29.900000
29.900000
29.900000
29.900000
29.900000
29.900000
29.900000
29.900000
29.900000
29.900000
29.900000
29.900000
29.900000
29.900000
30.940001
30.940001
30.940001
30.940001
30.940001
30.940001
30.940001
30.940001
31.990000
31.990000
31.990000
31.990000
31.990000
31.990000
31.990000
31.990000
31.990000
31.990000
31.990000
33.040001
33.040001
33.040001
33.040001
33.040001
33.040001
33.040001
34.090000
34.090000
34.090000
34.090000
34.090000
34.090000
34.090000
34.090000
35.130001
35.130001
35.130001
35.130001
35.130001
35.130001
35.130001
35.130001
35.130001
35.130001
35.130001
35.130001
35.130001
35.130001
35.130001
35.130001
36.180000
36.180000
36.180000
36.180000
36.180000
36.180000
36.180000
36.180000
36.180000
36.180000
36.180000
36.180000
36.180000
36.180000
37.230000
37.230000
37.230000
37.230000
37.230000
37.230000
38.279999
38.279999
38.279999
38.279999
38.279999
38.279999
38.279999
39.320000
39.320000
39.320000
39.320000
39.320000
39.320000
39.320000
39.320000
39.320000
39.320000
40.369999
40.369999
40.369999
41.419998
41.419998
41.419998
41.419998
41.419998
41.419998
41.419998
41.419998
41.419998
41.419998
41.419998
41.419998
41.419998
42.470001
42.470001
42.470001
42.470001
42.470001
42.470001
42.470001
42.470001
42.470001
43.509998
43.509998
43.509998
43.509998
43.509998
43.509998
43.509998
43.509998
43.509998
44.560001
44.560001
44.560001
44.560001
44.560001
44.560001
44.560001
44.560001
44.560001
45.610001
45.610001
45.610001
45.610001
45.610001
45.610001
46.660000
46.660000
46.660000
46.660000
46.660000
46.660000
46.660000
46.660000
47.700001
47.700001
47.700001
47.700001
47.700001
47.700001
47.700001
47.700001
47.700001
47.700001
47.700001
47.700001
48.750000
48.750000
48.750000
48.750000
48.750000
49.799999
49.799999
49.799999
49.799999
49.799999
49.799999
49.799999
49.799999
49.799999
50.849998
50.849998
50.849998
50.849998
50.849998
50.849998
50.849998
50.849998
50.849998
50.849998
50.849998
50.849998
51.889999
51.889999
51.889999
51.889999
51.889999
51.889999
51.889999
51.889999
51.889999
51.889999
51.889999
51.889999
51.889999
51.889999
52.939999
52.939999
52.939999
52.939999
52.939999
52.939999
52.939999
52.939999
52.939999
53.990002
53.990002
53.990002
53.990002
53.990002
53.990002
55.040001
55.040001
55.040001
55.040001
55.040001
55.040001
55.040001
55.040001
55.040001
55.040001
55.040001
55.040001
55.040001
56.080002
56.080002
56.080002
56.080002
56.080002
56.080002
56.080002
56.080002
56.080002
57.130001
57.130001
57.130001
57.130001
57.130001
57.130001
57.130001
57.130001
57.130001
57.130001
57.130001
57.130001
57.130001
57.130001
58.180000
58.180000
58.180000
58.180000
58.180000
58.180000
59.230000
59.230000
59.230000
59.230000
59.230000
59.230000
59.230000
59.230000
59.230000
60.270000
60.270000
60.270000
60.270000
60.270000
60.270000
60.270000
60.270000
60.270000
60.270000
60.270000
60.270000
61.320000
61.320000
61.320000
61.320000
61.320000
61.320000
61.320000
61.320000
61.320000
61.320000
61.320000
61.320000
61.320000
61.320000
61.320000
61.320000
61.320000
62.369999
62.369999
62.369999
62.369999
62.369999
62.369999
62.369999
63.419998
63.419998
63.419998
63.419998
63.419998
63.419998
63.419998
63.419998
63.419998
63.419998
63.419998
64.459999
64.459999
64.459999
64.459999
64.459999
64.459999
64.459999
64.459999
64.459999
65.510002
65.510002
65.510002
65.510002
65.510002
65.510002
65.510002
65.510002
65.510002
65.510002
65.510002
65.510002
65.510002
65.510002
66.559998
66.559998
66.559998
66.559998
66.559998
66.559998
66.559998
66.559998
66.559998
66.559998
66.559998
66.559998
66.559998
66.559998
67.610001
67.610001
67.610001
67.610001
67.610001
67.610001
67.610001
67.610001
67.610001
67.610001
67.610001
75.209999
75.209999
75.209999
75.209999
75.209999
75.209999
75.209999
82.809998
82.809998
82.809998
82.809998
82.809998
82.809998
82.809998
82.809998
82.809998
82.809998
82.809998
82.809998
82.809998
82.809998
82.809998
82.809998
82.809998
82.809998
90.410004
90.410004
90.410004
90.410004
90.410004
90.410004
90.410004
90.410004
90.410004
90.410004
98.010002
98.010002
98.010002
98.010002
98.010002
98.010002
98.010002
98.010002
98.010002
98.010002
98.010002
103.699997
103.699997
103.699997
103.699997
103.699997
103.699997
103.699997
103.699997
103.699997
103.699997
103.699997
