0.637500
0.637500
0.637500
0.637500
0.637500
0.637500
0.637500
2.089000
2.089000
2.089000
2.089000
2.089000
2.089000
2.089000
2.089000
2.089000
2.089000
4.025000
4.025000
4.025000
4.025000
4.025000
4.025000
4.025000
4.025000
4.025000
4.025000
4.025000
5.960000
5.960000
5.960000
5.960000
5.960000
5.960000
5.960000
5.960000
5.960000
5.960000
5.960000
5.960000
5.960000
5.960000
5.960000
7.896000
7.896000
7.896000
7.896000
7.896000
7.896000
7.896000
7.896000
7.896000
9.832000
9.832000
9.832000
9.832000
9.832000
10.080000
10.080000
10.080000
10.080000
10.080000
10.080000
10.080000
10.080000
10.080000
10.080000
10.080000
10.080000
10.080000
10.340000
10.340000
10.340000
10.340000
10.340000
10.340000
10.340000
10.590000
10.590000
10.590000
10.590000
10.590000
10.590000
10.590000
10.840000
10.840000
10.840000
10.840000
10.840000
10.840000
10.840000
10.840000
10.840000
10.840000
10.840000
10.840000
10.840000
11.090000
11.090000
11.090000
11.090000
11.090000
11.090000
11.090000
11.090000
11.090000
11.090000
11.090000
11.090000
11.090000
11.090000
11.340000
11.340000
11.340000
11.340000
11.340000
11.340000
11.340000
11.340000
11.340000
11.340000
11.340000
11.340000
11.340000
11.340000
11.340000
11.600000
11.600000
11.600000
11.600000
11.600000
11.600000
11.600000
11.600000
11.600000
11.600000
11.600000
11.850000
11.850000
11.850000
11.850000
11.850000
11.850000
11.850000
12.100000
12.100000
12.100000
12.100000
12.100000
12.100000
12.100000
12.100000
12.100000
12.100000
12.100000
12.100000
12.350000
12.350000
12.350000
12.350000
12.350000
12.350000
12.350000
12.600000
12.600000
12.600000
12.600000
12.600000
12.600000
12.600000
12.600000
12.600000
12.600000
12.600000
12.860000
12.860000
12.860000
12.860000
12.860000
12.860000
12.860000
12.860000
12.860000
12.860000
12.860000
12.860000
13.110000
13.110000
13.110000
13.110000
13.110000
13.110000
13.110000
13.110000
13.110000
13.110000
13.110000
13.360000
13.360000
13.360000
13.360000
13.360000
13.610000
13.610000
13.610000
13.610000
13.610000
13.610000
13.610000
13.610000
13.610000
13.610000
13.610000
13.610000
13.860000
13.860000
13.860000
13.860000
13.860000
13.860000
13.860000
13.860000
13.860000
13.860000
14.120000
14.120000
14.120000
14.120000
14.120000
14.120000
14.120000
14.370000
14.370000
14.370000
14.370000
14.370000
14.370000
14.370000
14.620000
14.620000
14.620000
14.620000
14.620000
14.620000
14.620000
14.620000
14.620000
14.620000
14.870000
14.870000
14.870000
14.870000
14.870000
14.870000
14.870000
14.870000
14.870000
14.870000
14.870000
15.130000
15.130000
15.130000
15.130000
15.130000
15.130000
15.130000
15.130000
15.130000
15.130000
15.130000
15.130000
15.130000
15.130000
15.130000
15.130000
15.380000
15.380000
15.380000
15.380000
15.380000
15.380000
15.380000
15.380000
15.380000
15.380000
15.630000
15.630000
15.630000
15.630000
15.630000
15.630000
15.630000
15.630000
15.630000
15.630000
15.630000
15.630000
15.630000
15.630000
15.630000
15.630000
15.630000
15.630000
15.630000
15.630000
15.880000
15.880000
15.880000
15.880000
15.880000
15.880000
15.880000
15.880000
15.880000
15.880000
15.880000
15.880000
15.880000
15.880000
15.880000
16.129999
16.129999
16.129999
16.129999
16.129999
16.129999
16.129999
16.129999
16.129999
16.129999
16.129999
16.389999
16.389999
16.639999
16.639999
16.639999
16.639999
16.639999
16.639999
16.639999
16.639999
16.889999
16.889999
16.889999
16.889999
17.139999
17.139999
17.139999
17.139999
17.139999
17.139999
17.139999
17.139999
17.139999
17.139999
17.139999
17.139999
17.139999
17.389999
17.389999
17.389999
17.389999
17.389999
17.389999
17.389999
17.389999
17.389999
17.389999
17.650000
17.650000
17.650000
17.650000
17.650000
17.650000
17.650000
17.650000
17.650000
17.650000
17.650000
17.650000
17.650000
17.650000
17.650000
17.650000
17.900000
17.900000
17.900000
17.900000
17.900000
17.900000
17.900000
17.900000
18.150000
18.150000
18.150000
18.150000
18.150000
18.150000
18.150000
18.400000
18.400000
18.400000
18.400000
18.400000
18.400000
18.400000
18.400000
18.400000
18.650000
18.650000
18.650000
18.650000
18.650000
18.650000
18.650000
18.650000
18.650000
18.910000
18.910000
18.910000
18.910000
18.910000
18.910000
18.910000
18.910000
19.160000
19.160000
19.160000
19.160000
19.160000
19.160000
19.160000
19.160000
19.160000
19.160000
19.160000
19.160000
19.160000
19.410000
19.410000
19.410000
19.410000
19.410000
19.410000
19.410000
19.410000
19.410000
19.410000
19.660000
19.660000
19.660000
19.660000
19.660000
19.660000
19.660000
19.660000
19.660000
19.660000
19.660000
19.660000
19.920000
19.920000
19.920000
19.920000
19.920000
19.920000
19.920000
19.920000
19.920000
20.170000
20.170000
20.170000
20.170000
20.170000
20.170000
20.170000
20.170000
20.170000
20.170000
20.170000
20.170000
20.420000
20.420000
20.420000
20.420000
20.420000
20.420000
20.420000
20.420000
20.420000
20.420000
20.420000
20.670000
20.670000
20.670000
20.670000
20.670000
20.670000
20.920000
20.920000
20.920000
20.920000
20.920000
20.920000
20.920000
20.920000
20.920000
20.920000
20.920000
20.920000
20.920000
21.180000
21.180000
21.180000
21.180000
21.180000
21.180000
21.360001
21.360001
21.360001
21.360001
21.360001
21.360001
21.360001
21.360001
21.360001
21.360001
21.540001
21.540001
21.540001
21.540001
21.540001
21.540001
21.540001
21.540001
21.719999
21.719999
21.719999
21.719999
21.719999
21.719999
21.719999
21.719999
21.719999
21.719999
21.900000
21.900000
21.900000
21.900000
21.900000
21.900000
21.900000
21.900000
22.080000
22.080000
22.080000
22.080000
22.080000
22.080000
22.080000
22.080000
22.080000
22.260000
22.260000
22.260000
22.260000
22.260000
22.260000
22.260000
22.260000
22.450001
22.450001
22.450001
22.450001
22.450001
22.450001
22.450001
22.450001
22.450001
22.450001
22.629999
22.629999
22.629999
22.629999
22.629999
22.629999
22.629999
22.629999
22.809999
22.809999
22.809999
22.809999
22.809999
22.809999
22.809999
22.809999
22.809999
22.809999
22.809999
22.809999
22.809999
22.809999
22.990000
22.990000
22.990000
22.990000
22.990000
22.990000
23.170000
23.170000
23.170000
23.170000
23.170000
23.350000
23.350000
23.350000
23.350000
23.350000
23.350000
23.350000
23.350000
23.350000
23.350000
23.350000
23.350000
23.350000
23.350000
23.350000
23.350000
23.350000
23.540001
23.540001
23.540001
23.540001
23.540001
23.540001
23.540001
23.540001
23.540001
23.540001
23.540001
23.540001
23.540001
23.719999
23.719999
23.719999
23.719999
23.719999
23.719999
23.719999
23.719999
23.719999
23.719999
23.900000
23.900000
23.900000
23.900000
23.900000
23.900000
23.900000
24.080000
24.080000
24.080000
24.080000
24.080000
24.080000
24.080000
24.080000
24.080000
24.080000
24.080000
24.080000
24.080000
24.260000
24.260000
24.260000
24.260000
24.260000
24.260000
24.260000
24.260000
24.440001
24.440001
24.440001
24.440001
24.440001
24.440001
24.440001
24.440001
24.440001
24.620001
24.620001
24.620001
24.620001
24.620001
24.620001
24.620001
24.620001
24.620001
24.620001
24.620001
24.620001
24.620001
24.620001
24.809999
24.809999
24.809999
24.809999
24.809999
24.809999
24.809999
24.809999
24.809999
24.809999
24.809999
24.809999
24.990000
24.990000
24.990000
24.990000
24.990000
24.990000
24.990000
24.990000
24.990000
24.990000
24.990000
24.990000
24.990000
25.170000
25.170000
25.170000
25.170000
25.170000
25.170000
25.170000
25.170000
25.170000
25.170000
25.170000
25.170000
25.350000
25.350000
25.350000
25.350000
25.350000
25.350000
25.350000
25.350000
25.350000
25.350000
25.350000
25.350000
25.350000
25.350000
25.530001
25.530001
25.530001
25.530001
25.530001
25.530001
25.530001
25.530001
25.530001
25.530001
25.530001
25.709999
25.709999
25.709999
25.709999
25.709999
25.709999
25.709999
25.709999
25.900000
25.900000
25.900000
25.900000
25.900000
25.900000
26.080000
26.080000
26.080000
26.080000
26.080000
26.080000
26.080000
26.080000
26.080000
26.080000
26.080000
26.080000
26.080000
26.080000
26.080000
26.080000
26.260000
26.260000
26.260000
26.260000
26.260000
26.260000
26.260000
26.260000
26.260000
26.260000
26.260000
26.440001
26.440001
26.440001
26.440001
26.440001
26.620001
26.620001
26.620001
26.620001
26.620001
26.620001
26.620001
26.620001
26.620001
26.620001
26.620001
26.620001
26.620001
26.799999
26.799999
26.799999
26.799999
26.799999
26.799999
26.799999
26.799999
26.980000
26.980000
26.980000
26.980000
26.980000
26.980000
26.980000
26.980000
26.980000
26.980000
26.980000
27.170000
27.170000
27.170000
27.170000
27.170000
27.170000
27.170000
27.170000
27.170000
27.170000
27.170000
27.170000
27.350000
27.350000
27.350000
27.350000
27.350000
27.350000
27.350000
27.350000
27.530001
27.530001
27.530001
27.530001
27.530001
27.530001
27.530001
27.530001
27.530001
27.709999
27.709999
27.709999
27.709999
27.709999
27.709999
27.709999
27.709999
27.709999
27.889999
27.889999
27.889999
27.889999
27.889999
27.889999
27.889999
27.889999
27.889999
28.070000
28.070000
28.070000
28.070000
28.070000
28.070000
28.070000
28.070000
28.070000
28.070000
28.070000
28.070000
28.260000
28.260000
28.260000
28.260000
28.260000
28.260000
28.260000
28.260000
28.260000
28.260000
28.440001
28.440001
28.440001
28.440001
28.440001
28.440001
28.440001
28.440001
28.620001
28.620001
28.620001
28.620001
28.620001
28.620001
28.620001
28.620001
28.620001
28.620001
28.799999
28.799999
28.799999
28.799999
28.799999
28.799999
28.799999
28.799999
28.799999
28.980000
28.980000
28.980000
28.980000
28.980000
28.980000
28.980000
28.980000
29.160000
29.160000
29.160000
29.160000
29.340000
30.219999
30.219999
30.219999
30.219999
30.219999
30.219999
30.219999
31.090000
31.090000
31.090000
31.090000
31.090000
31.090000
31.090000
31.090000
31.090000
31.090000
31.959999
31.959999
31.959999
31.959999
31.959999
31.959999
31.959999
31.959999
31.959999
31.959999
31.959999
32.830002
32.830002
32.830002
32.830002
32.830002
32.830002
32.830002
32.830002
32.830002
33.490002
33.490002
33.490002
33.490002
33.490002
33.490002
33.490002
33.490002
33.490002
33.490002
