0.000000
0.000000
0.000000
0.000000
0.000000
0.000000
0.000000
0.000000
0.000000
0.000000
0.000000
0.000000
0.000000
0.000000
0.000000
0.000000
0.000000
0.000000
0.000000
0.000000
0.000000
0.000000
0.000000
0.000000
0.000000
0.000000
0.000000
0.000000
0.000000
0.000000
0.000000
0.000000
0.000000
0.000000
0.000000
0.000000
0.000000
0.000000
0.000000
0.000000
0.000000
0.000000
0.000000
0.169500
0.169500
0.169500
0.169500
0.169500
0.169500
0.169500
0.299800
0.299800
0.299800
0.299800
0.299800
0.299800
0.299800
0.299800
0.299800
0.299800
0.299800
0.299800
0.299800
0.299800
0.299800
0.299800
0.299800
0.299800
0.299800
0.299800
0.430100
0.430100
0.430100
0.430100
0.430100
0.430100
0.430100
0.430100
0.430100
0.560400
0.560400
0.560400
0.560400
0.560400
0.560400
0.560400
0.560400
0.560400
0.560400
0.560400
0.560400
0.690700
0.690700
0.690700
0.690700
0.690700
0.690700
0.690700
0.690700
0.690700
0.690700
0.690700
0.690700
0.690700
0.690700
0.690700
0.821000
0.821000
0.821000
0.821000
0.821000
0.821000
0.821000
0.821000
0.821000
0.821000
0.821000
0.951200
0.951200
0.951200
0.951200
0.951200
0.951200
0.951200
0.951200
1.082000
1.082000
1.082000
1.082000
1.082000
1.082000
1.082000
1.082000
1.082000
1.212000
1.212000
1.212000
1.212000
1.212000
1.212000
1.212000
1.212000
1.212000
1.212000
1.342000
1.342000
1.342000
1.342000
1.342000
1.472000
1.472000
1.472000
1.472000
1.472000
1.472000
1.603000
1.603000
1.603000
1.603000
1.603000
1.603000
1.603000
1.603000
1.603000
1.603000
1.603000
1.603000
1.603000
1.603000
1.603000
1.733000
1.733000
1.733000
1.733000
1.733000
1.733000
1.733000
1.733000
1.733000
1.863000
1.863000
1.863000
1.863000
1.863000
1.863000
1.863000
1.863000
1.863000
1.863000
1.994000
1.994000
1.994000
1.994000
1.994000
1.994000
1.994000
1.994000
1.994000
1.994000
1.994000
1.994000
1.994000
2.124000
2.124000
2.124000
2.124000
2.124000
2.124000
2.124000
2.124000
2.124000
2.124000
2.124000
2.124000
2.124000
2.254000
2.254000
2.254000
2.254000
2.254000
2.254000
2.254000
2.254000
2.384000
2.384000
2.384000
2.384000
2.384000
2.384000
2.384000
2.384000
2.384000
2.384000
2.384000
2.384000
2.515000
2.515000
2.515000
2.515000
2.515000
2.515000
2.515000
2.515000
2.515000
2.645000
2.645000
2.645000
2.645000
2.645000
2.645000
2.775000
2.775000
2.775000
2.775000
2.775000
2.775000
2.775000
2.775000
2.775000
2.775000
2.775000
2.775000
2.906000
2.906000
2.906000
2.906000
2.906000
2.906000
2.906000
2.906000
3.036000
3.036000
3.036000
3.036000
3.036000
3.036000
3.036000
3.036000
3.036000
3.036000
3.036000
3.036000
3.036000
3.036000
3.036000
3.166000
3.166000
3.166000
3.166000
3.166000
3.166000
3.166000
3.296000
3.296000
3.296000
3.296000
3.296000
3.296000
3.427000
3.427000
3.427000
3.427000
3.427000
3.427000
3.427000
3.427000
3.427000
3.557000
3.557000
3.557000
3.557000
3.557000
3.557000
3.687000
3.687000
3.687000
3.687000
3.687000
3.687000
3.687000
3.687000
3.687000
3.687000
3.687000
3.818000
3.818000
3.818000
3.818000
3.818000
3.818000
3.818000
3.818000
3.948000
3.948000
3.948000
3.948000
3.948000
3.948000
3.948000
3.948000
4.078000
4.078000
4.078000
4.078000
4.078000
4.078000
4.078000
4.078000
4.078000
4.078000
4.078000
4.078000
4.078000
4.078000
4.078000
4.078000
4.078000
4.078000
4.078000
4.208000
4.208000
4.208000
4.208000
4.208000
4.208000
4.208000
4.339000
4.339000
4.339000
4.339000
4.339000
4.339000
4.339000
4.339000
4.339000
4.339000
4.339000
4.339000
4.469000
4.469000
4.469000
4.469000
4.469000
4.599000
4.599000
4.599000
4.599000
4.599000
4.599000
4.599000
4.730000
4.730000
4.730000
4.730000
4.730000
4.730000
4.730000
4.730000
4.730000
4.730000
4.730000
4.730000
4.730000
4.860000
4.860000
4.860000
4.860000
4.860000
4.860000
4.860000
4.860000
4.860000
4.860000
4.860000
4.990000
4.990000
4.990000
4.990000
4.990000
4.990000
4.990000
4.990000
4.990000
5.121000
5.121000
5.121000
5.121000
5.121000
5.251000
5.251000
5.251000
5.251000
5.251000
5.251000
5.251000
5.381000
5.381000
5.381000
5.381000
5.381000
5.381000
5.511000
5.511000
5.511000
5.511000
5.511000
5.511000
5.511000
5.642000
5.642000
5.642000
5.642000
5.642000
5.642000
5.642000
5.642000
5.642000
5.642000
5.642000
5.642000
5.642000
5.642000
5.642000
5.642000
5.642000
5.642000
5.642000
5.772000
5.772000
5.772000
5.772000
5.772000
5.772000
5.772000
5.772000
5.772000
5.772000
5.772000
5.772000
5.902000
5.902000
5.902000
5.902000
5.902000
5.902000
5.902000
5.902000
5.902000
6.033000
6.033000
6.033000
6.033000
6.033000
6.033000
6.033000
6.033000
6.033000
6.033000
6.033000
6.033000
6.662000
6.662000
6.662000
6.662000
6.662000
6.662000
6.662000
6.662000
6.662000
6.662000
6.662000
6.662000
6.662000
7.291000
7.291000
7.291000
7.291000
7.291000
7.291000
7.291000
7.920000
7.920000
7.920000
7.920000
7.920000
7.920000
7.920000
7.920000
7.920000
7.920000
7.920000
7.920000
7.920000
7.920000
8.549000
8.549000
8.549000
8.549000
8.549000
8.549000
8.549000
9.178000
9.178000
9.178000
9.178000
9.178000
9.178000
9.178000
9.178000
9.178000
9.807000
9.807000
9.807000
9.807000
9.807000
9.807000
9.807000
9.807000
9.807000
9.807000
9.807000
9.807000
9.807000
9.807000
10.440000
10.440000
10.440000
10.440000
10.440000
10.440000
10.440000
10.440000
10.440000
10.440000
10.440000
10.440000
10.440000
10.440000
10.440000
11.070000
11.070000
11.070000
11.070000
11.070000
11.070000
11.070000
11.070000
11.070000
11.070000
11.690000
11.690000
11.690000
11.690000
11.690000
11.690000
11.690000
11.690000
11.690000
11.690000
11.690000
11.690000
12.320000
12.320000
12.320000
12.320000
12.320000
12.320000
12.320000
12.320000
12.320000
12.320000
12.320000
12.320000
12.320000
12.950000
12.950000
12.950000
12.950000
12.950000
12.950000
12.950000
12.950000
12.950000
12.950000
12.950000
12.950000
13.580000
13.580000
13.580000
13.580000
13.580000
14.210000
14.210000
14.210000
14.210000
14.210000
14.210000
14.210000
14.210000
14.210000
14.210000
14.210000
14.210000
14.210000
14.840000
14.840000
14.840000
14.840000
14.840000
14.840000
14.840000
15.470000
15.470000
15.470000
15.470000
15.470000
15.470000
15.470000
15.470000
15.470000
15.470000
15.470000
16.100000
16.100000
16.100000
16.100000
16.100000
16.100000
16.100000
16.100000
16.100000
16.100000
16.100000
16.730000
16.730000
16.730000
16.730000
16.730000
16.730000
16.730000
16.730000
16.730000
16.730000
17.360001
17.360001
17.360001
17.360001
17.360001
17.360001
17.360001
17.360001
17.360001
17.360001
17.360001
17.360001
17.990000
17.990000
17.990000
17.990000
17.990000
17.990000
17.990000
18.620001
18.620001
18.620001
18.620001
18.620001
18.620001
18.620001
18.620001
18.620001
18.620001
18.620001
19.240000
19.240000
19.240000
19.240000
19.240000
19.240000
19.240000
19.240000
19.240000
19.240000
19.240000
19.240000
19.240000
19.870001
19.870001
19.870001
19.870001
19.870001
19.870001
19.870001
19.870001
20.500000
20.500000
20.500000
20.500000
20.500000
20.500000
20.500000
20.500000
20.500000
20.500000
20.500000
20.500000
20.500000
20.500000
21.129999
21.129999
21.129999
21.129999
21.129999
21.129999
21.760000
21.760000
21.760000
21.760000
21.760000
21.760000
21.760000
21.760000
21.760000
21.760000
21.760000
21.760000
21.760000
22.389999
22.389999
22.389999
22.389999
22.389999
22.389999
22.389999
22.389999
22.389999
22.389999
22.389999
23.020000
23.020000
23.020000
23.020000
23.020000
23.020000
23.020000
23.020000
23.020000
23.650000
23.650000
23.650000
23.650000
23.650000
24.280001
24.280001
24.280001
24.280001
24.280001
24.280001
24.280001
24.280001
24.280001
24.280001
24.280001
24.280001
24.280001
24.910000
24.910000
24.910000
24.910000
24.910000
24.910000
24.910000
24.910000
24.910000
25.540001
25.540001
25.540001
25.540001
25.540001
25.540001
25.540001
25.540001
25.540001
25.540001
26.160000
26.160000
26.160000
26.160000
26.160000
26.160000
26.160000
26.790001
26.790001
26.790001
26.790001
26.790001
26.790001
26.790001
26.790001
26.790001
26.790001
26.790001
27.420000
27.420000
27.420000
27.420000
27.420000
27.420000
27.420000
27.420000
27.420000
28.049999
28.049999
28.049999
28.049999
28.049999
28.049999
28.049999
28.049999
28.049999
28.049999
28.049999
28.049999
28.049999
28.680000
28.680000
28.680000
28.680000
28.680000
28.680000
28.680000
28.680000
29.309999
29.309999
29.309999
29.309999
29.940001
29.940001
29.940001
29.940001
29.940001
29.940001
29.940001
29.940001
29.940001
30.570000
30.570000
30.570000
30.570000
30.570000
30.570000
30.570000
31.200001
31.200001
31.200001
31.200001
31.200001
31.200001
31.200001
31.200001
31.200001
31.200001
31.830000
31.830000
31.830000
31.830000
31.830000
31.830000
31.830000
31.830000
31.830000
31.830000
31.830000
31.830000
32.459999
32.459999
32.459999
32.459999
32.459999
32.459999
32.459999
32.459999
32.459999
32.459999
32.459999
32.459999
33.090000
33.090000
33.090000
33.090000
33.090000
33.090000
33.090000
33.090000
33.090000
33.709999
33.709999
33.709999
33.709999
33.709999
33.709999
33.709999
33.709999
33.709999
34.340000
34.340000
34.340000
34.340000
34.340000
34.340000
34.340000
34.340000
34.340000
40.080002
40.080002
40.080002
40.080002
40.080002
40.080002
40.080002
40.080002
40.080002
40.080002
40.080002
45.820000
45.820000
45.820000
45.820000
45.820000
45.820000
45.820000
45.820000
45.820000
45.820000
45.820000
51.560001
51.560001
51.560001
51.560001
51.560001
51.560001
51.560001
51.560001
51.560001
51.560001
57.299999
57.299999
57.299999
57.299999
61.599998
61.599998
61.599998
61.599998
61.599998
61.599998
61.599998
61.599998
61.599998
61.599998
61.599998
