0.000000
0.000000
0.000000
0.000000
0.000000
0.000000
0.000000
0.000000
0.000000
0.000000
0.000000
0.000000
0.000000
0.000000
0.000000
0.000000
0.000000
0.000000
0.000000
0.000000
0.000000
0.000000
0.000000
0.000000
0.000000
0.000000
0.000000
0.000000
0.000000
0.000000
0.000000
0.000000
0.000000
0.000000
0.000000
0.000000
0.000000
0.000000
0.000000
0.000000
0.000000
0.108200
0.108200
0.108200
0.108200
0.108200
0.108200
0.173100
0.173100
0.173100
0.173100
0.173100
0.173100
0.173100
0.173100
0.173100
0.173100
0.173100
0.173100
0.173100
0.173100
0.173100
0.173100
0.173100
0.173100
0.238000
0.238000
0.238000
0.238000
0.238000
0.238000
0.238000
0.238000
0.302900
0.302900
0.302900
0.302900
0.302900
0.302900
0.302900
0.302900
0.302900
0.302900
0.302900
0.367800
0.367800
0.367800
0.367800
0.367800
0.367800
0.367800
0.432700
0.432700
0.432700
0.432700
0.432700
0.432700
0.432700
0.432700
0.432700
0.432700
0.432700
0.497600
0.497600
0.497600
0.497600
0.497600
0.497600
0.497600
0.497600
0.497600
0.497600
0.497600
0.497600
0.562500
0.562500
0.562500
0.562500
0.562500
0.562500
0.562500
0.627400
0.627400
0.627400
0.627400
0.627400
0.627400
0.627400
0.627400
0.692300
0.692300
0.692300
0.692300
0.692300
0.692300
0.692300
0.692300
0.692300
0.692300
0.692300
0.692300
0.757200
0.757200
0.757200
0.757200
0.757200
0.757200
0.757200
0.757200
0.822100
0.822100
0.822100
0.822100
0.822100
0.822100
0.822100
0.822100
0.822100
0.822100
0.822100
0.822100
0.822100
0.822100
0.822100
0.886900
0.886900
0.886900
0.886900
0.886900
0.886900
0.951800
0.951800
0.951800
0.951800
0.951800
0.951800
0.951800
0.951800
0.951800
0.951800
1.017000
1.017000
1.017000
1.017000
1.017000
1.017000
1.017000
1.017000
1.017000
1.017000
1.017000
1.017000
1.017000
1.082000
1.082000
1.082000
1.082000
1.082000
1.082000
1.082000
1.082000
1.082000
1.082000
1.082000
1.147000
1.147000
1.147000
1.147000
1.147000
1.147000
1.147000
1.147000
1.211000
1.211000
1.211000
1.276000
1.276000
1.276000
1.276000
1.276000
1.276000
1.276000
1.276000
1.276000
1.276000
1.276000
1.276000
1.276000
1.276000
1.276000
1.276000
1.276000
1.276000
1.341000
1.341000
1.341000
1.341000
1.341000
1.341000
1.341000
1.341000
1.406000
1.406000
1.406000
1.406000
1.406000
1.406000
1.406000
1.406000
1.406000
1.406000
1.471000
1.471000
1.471000
1.471000
1.471000
1.471000
1.471000
1.471000
1.536000
1.536000
1.536000
1.536000
1.536000
1.536000
1.536000
1.536000
1.536000
1.536000
1.536000
1.536000
1.601000
1.601000
1.601000
1.601000
1.601000
1.601000
1.601000
1.601000
1.666000
1.666000
1.666000
1.666000
1.666000
1.666000
1.666000
1.666000
1.731000
1.731000
1.731000
1.731000
1.731000
1.731000
1.731000
1.795000
1.795000
1.795000
1.795000
1.795000
1.795000
1.795000
1.795000
1.795000
1.795000
1.795000
1.860000
1.860000
1.860000
1.860000
1.860000
1.860000
1.860000
1.860000
1.860000
1.860000
1.860000
1.925000
1.925000
1.925000
1.925000
1.925000
1.925000
1.925000
1.925000
1.990000
1.990000
1.990000
1.990000
1.990000
1.990000
2.055000
2.055000
2.055000
2.055000
2.055000
2.055000
2.055000
2.055000
2.120000
2.120000
2.120000
2.120000
2.120000
2.120000
2.185000
2.185000
2.185000
2.185000
2.185000
2.185000
2.185000
2.185000
2.185000
2.185000
2.250000
2.250000
2.250000
2.250000
2.250000
2.250000
2.250000
2.315000
2.315000
2.315000
2.315000
2.315000
2.315000
2.315000
2.315000
2.315000
2.380000
2.380000
2.380000
2.380000
2.380000
2.380000
2.380000
2.380000
2.380000
2.380000
2.380000
2.380000
2.444000
2.444000
2.444000
2.444000
2.444000
2.444000
2.444000
2.444000
2.444000
2.444000
2.444000
2.509000
2.509000
2.509000
2.509000
2.509000
2.509000
2.509000
2.509000
2.509000
2.509000
2.509000
2.509000
2.509000
2.509000
2.574000
2.574000
2.574000
2.574000
2.574000
2.574000
2.574000
2.574000
2.574000
2.574000
2.574000
2.574000
2.574000
2.639000
2.639000
2.639000
2.639000
2.639000
2.639000
2.639000
2.639000
2.639000
2.639000
2.639000
2.639000
2.704000
2.704000
2.704000
2.704000
2.704000
2.704000
2.704000
2.704000
2.704000
2.704000
2.704000
2.704000
2.769000
2.769000
2.769000
2.769000
2.769000
2.769000
2.769000
2.769000
2.769000
2.769000
2.769000
2.834000
2.834000
2.834000
2.834000
2.834000
2.834000
2.834000
2.899000
2.899000
2.899000
2.899000
2.899000
2.899000
2.899000
2.899000
2.899000
2.899000
2.964000
2.964000
2.964000
2.964000
2.964000
2.964000
2.964000
2.964000
3.028000
3.028000
3.028000
3.028000
3.028000
3.028000
3.028000
3.028000
3.028000
3.028000
3.028000
3.028000
3.028000
3.028000
3.028000
3.984000
3.984000
3.984000
3.984000
3.984000
3.984000
3.984000
3.984000
3.984000
4.939000
4.939000
4.939000
4.939000
4.939000
4.939000
4.939000
4.939000
4.939000
4.939000
4.939000
4.939000
5.895000
5.895000
5.895000
5.895000
5.895000
5.895000
5.895000
5.895000
5.895000
5.895000
5.895000
5.895000
5.895000
5.895000
6.850000
6.850000
6.850000
6.850000
6.850000
6.850000
6.850000
6.850000
6.850000
6.850000
7.805000
7.805000
7.805000
7.805000
7.805000
7.805000
7.805000
7.805000
7.805000
7.805000
7.805000
7.805000
7.805000
7.805000
7.805000
7.805000
8.761000
8.761000
8.761000
8.761000
8.761000
8.761000
8.761000
9.716000
9.716000
9.716000
9.716000
9.716000
9.716000
9.716000
9.716000
9.716000
9.716000
9.716000
10.670000
10.670000
10.670000
10.670000
10.670000
10.670000
10.670000
10.670000
10.670000
10.670000
11.630000
11.630000
11.630000
11.630000
11.630000
11.630000
11.630000
11.630000
11.630000
11.630000
11.630000
11.630000
11.630000
12.580000
12.580000
12.580000
12.580000
12.580000
12.580000
12.580000
12.580000
12.580000
13.540000
13.540000
13.540000
13.540000
13.540000
13.540000
13.540000
13.540000
14.490000
14.490000
14.490000
14.490000
14.490000
14.490000
14.490000
14.490000
14.490000
14.490000
14.490000
14.490000
14.490000
14.490000
15.450000
15.450000
15.450000
15.450000
15.450000
15.450000
15.450000
15.450000
15.450000
15.450000
15.450000
15.450000
15.450000
15.450000
15.450000
15.450000
16.400000
16.400000
16.400000
16.400000
16.400000
16.400000
16.400000
16.400000
16.400000
16.400000
16.400000
16.400000
16.400000
16.400000
16.400000
16.400000
17.360001
17.360001
17.360001
17.360001
17.360001
17.360001
17.360001
17.360001
17.360001
18.309999
18.309999
18.309999
18.309999
18.309999
18.309999
19.270000
19.270000
19.270000
19.270000
19.270000
19.270000
19.270000
19.270000
19.270000
19.270000
19.270000
19.270000
20.230000
20.230000
20.230000
20.230000
20.230000
20.230000
20.230000
20.230000
21.180000
21.180000
21.180000
21.180000
21.180000
21.180000
22.139999
22.139999
22.139999
22.139999
22.139999
22.139999
22.139999
22.139999
22.139999
23.090000
23.090000
23.090000
23.090000
23.090000
23.090000
23.090000
23.090000
23.090000
23.090000
23.090000
23.090000
24.049999
24.049999
24.049999
24.049999
24.049999
24.049999
24.049999
24.049999
24.049999
25.000000
25.000000
25.000000
25.000000
25.000000
25.000000
25.000000
25.000000
25.000000
25.959999
25.959999
25.959999
25.959999
25.959999
25.959999
25.959999
25.959999
25.959999
25.959999
25.959999
26.910000
26.910000
26.910000
26.910000
26.910000
26.910000
26.910000
26.910000
26.910000
27.870001
27.870001
27.870001
27.870001
27.870001
27.870001
27.870001
27.870001
27.870001
27.870001
28.820000
28.820000
28.820000
28.820000
28.820000
28.820000
28.820000
28.820000
28.820000
28.820000
28.820000
29.780001
29.780001
29.780001
29.780001
29.780001
29.780001
29.780001
29.780001
29.780001
29.780001
29.780001
29.780001
29.780001
29.780001
29.780001
29.780001
30.730000
30.730000
30.730000
30.730000
30.730000
30.730000
30.730000
30.730000
30.730000
30.730000
30.730000
30.730000
30.730000
30.730000
30.730000
30.730000
31.690001
31.690001
31.690001
31.690001
31.690001
31.690001
32.650002
32.650002
32.650002
32.650002
32.650002
32.650002
32.650002
33.599998
33.599998
33.599998
33.599998
33.599998
33.599998
33.599998
33.599998
34.560001
34.560001
34.560001
34.560001
34.560001
34.560001
34.560001
34.560001
34.560001
34.560001
35.509998
35.509998
35.509998
35.509998
35.509998
35.509998
35.509998
35.509998
36.470001
36.470001
36.470001
36.470001
36.470001
36.470001
36.470001
36.470001
36.470001
36.470001
36.470001
36.470001
36.470001
37.419998
37.419998
37.419998
37.419998
37.419998
37.419998
37.419998
37.419998
37.419998
37.419998
38.380001
38.380001
38.380001
38.380001
38.380001
38.380001
39.330002
39.330002
39.330002
39.330002
39.330002
40.290001
40.290001
40.290001
40.290001
40.290001
40.290001
41.240002
41.240002
41.240002
41.240002
41.240002
41.240002
41.240002
41.240002
42.200001
42.200001
42.200001
42.200001
42.200001
42.200001
42.200001
42.200001
43.160000
43.160000
43.160000
43.160000
43.160000
43.160000
43.160000
43.160000
43.160000
43.160000
43.160000
43.160000
43.160000
43.160000
43.160000
44.110001
44.110001
44.110001
44.110001
44.110001
44.110001
44.110001
44.110001
44.110001
44.110001
44.110001
45.070000
45.070000
45.070000
45.070000
45.070000
45.070000
45.070000
46.020000
46.020000
46.020000
46.020000
46.020000
46.020000
46.020000
46.020000
46.020000
46.020000
54.860001
54.860001
54.860001
54.860001
54.860001
54.860001
63.700001
63.700001
63.700001
63.700001
63.700001
63.700001
63.700001
63.700001
63.700001
63.700001
63.700001
63.700001
72.529999
72.529999
72.529999
72.529999
72.529999
72.529999
72.529999
72.529999
72.529999
72.529999
72.529999
72.529999
72.529999
72.529999
72.529999
81.370003
81.370003
81.370003
81.370003
81.370003
88.000000
88.000000
88.000000
88.000000
88.000000
88.000000
88.000000
88.000000
88.000000
88.000000
88.000000
