0.000000
0.000000
0.000000
0.000000
0.000000
0.000000
0.000000
0.000000
0.000000
0.000000
0.000000
0.000000
0.000000
0.000000
0.000000
0.000000
0.000000
0.000000
0.000000
0.000000
0.000000
0.000000
0.000000
0.000000
0.000000
0.000000
0.000000
0.000000
0.000000
0.000000
0.000000
0.000000
0.000000
0.000000
0.000000
0.000000
0.000000
0.000000
0.000000
0.000000
0.000000
0.000000
0.000000
0.000000
0.000000
0.000000
0.000000
0.000000
0.000000
0.000000
0.000000
0.000000
0.000000
0.000000
0.262000
0.262000
0.262000
0.262000
0.262000
0.262000
0.262000
0.262000
0.262000
0.262000
0.262000
0.262000
0.764100
0.764100
0.764100
0.764100
0.764100
0.764100
0.764100
0.764100
0.764100
0.764100
0.764100
1.266000
1.266000
1.266000
1.266000
1.266000
1.266000
1.266000
1.266000
1.266000
1.266000
1.266000
1.768000
1.768000
1.768000
1.768000
1.768000
1.768000
2.270000
2.270000
2.270000
2.270000
2.270000
2.270000
2.270000
2.270000
2.270000
2.270000
2.270000
2.270000
2.270000
2.773000
2.773000
2.773000
2.773000
2.773000
2.773000
2.773000
2.773000
2.773000
2.773000
2.773000
2.773000
2.773000
3.275000
3.275000
3.275000
3.275000
3.275000
3.275000
3.275000
3.275000
3.275000
3.275000
3.275000
3.275000
3.777000
3.777000
3.777000
3.777000
3.777000
3.777000
3.777000
3.777000
3.777000
3.777000
3.777000
3.777000
3.777000
4.279000
4.279000
4.279000
4.279000
4.279000
4.279000
4.279000
4.279000
4.279000
4.279000
4.781000
4.781000
4.781000
4.781000
4.781000
4.781000
4.781000
5.283000
5.283000
5.283000
5.283000
5.283000
5.283000
5.283000
5.283000
5.283000
5.785000
5.785000
5.785000
5.785000
5.785000
5.785000
5.785000
5.785000
5.785000
5.785000
5.785000
6.287000
6.287000
6.287000
6.287000
6.287000
6.287000
6.287000
6.287000
6.287000
6.287000
6.287000
6.287000
6.287000
6.287000
6.790000
6.790000
6.790000
6.790000
6.790000
6.790000
6.790000
6.790000
7.292000
7.292000
7.292000
7.292000
7.292000
7.292000
7.794000
7.794000
7.794000
7.794000
7.794000
7.794000
7.794000
7.794000
8.296000
8.296000
8.296000
8.296000
8.296000
8.296000
8.296000
8.296000
8.296000
8.296000
8.296000
8.296000
8.296000
8.296000
8.296000
8.798000
8.798000
8.798000
8.798000
8.798000
9.300000
9.300000
9.300000
9.300000
9.300000
9.300000
9.300000
9.802000
9.802000
9.802000
9.802000
9.802000
9.802000
9.802000
9.802000
9.802000
9.802000
9.802000
9.802000
10.300000
10.300000
10.300000
10.300000
10.300000
10.300000
10.300000
10.810000
10.810000
10.810000
10.810000
10.810000
10.810000
11.310000
11.310000
11.310000
11.310000
11.310000
11.310000
11.310000
11.310000
11.310000
11.810000
11.810000
11.810000
11.810000
11.810000
11.810000
11.810000
11.810000
11.810000
11.810000
11.810000
11.810000
11.810000
11.810000
11.810000
11.810000
12.310000
12.310000
12.310000
12.310000
12.310000
12.310000
12.810000
12.810000
12.810000
12.810000
12.810000
12.810000
12.810000
13.320000
13.320000
13.320000
13.320000
13.320000
13.320000
13.320000
13.320000
13.320000
13.320000
13.820000
13.820000
13.820000
13.820000
13.820000
13.820000
13.820000
13.820000
13.820000
13.820000
14.320000
14.320000
14.320000
14.320000
14.320000
14.320000
14.320000
14.320000
14.320000
14.320000
14.320000
14.820000
14.820000
14.820000
14.820000
14.820000
14.820000
14.820000
14.820000
15.330000
15.330000
15.330000
15.330000
15.330000
15.330000
15.330000
15.330000
15.330000
15.330000
15.330000
15.830000
15.830000
15.830000
15.830000
15.830000
15.830000
15.830000
15.830000
15.830000
15.830000
15.830000
15.830000
16.330000
16.330000
16.330000
16.330000
16.330000
16.330000
16.330000
16.330000
16.330000
16.330000
16.330000
16.830000
16.830000
16.830000
16.830000
16.830000
16.830000
16.830000
16.830000
17.330000
17.330000
17.330000
17.330000
17.330000
17.330000
17.330000
17.330000
17.330000
17.330000
17.330000
17.330000
17.330000
17.330000
17.330000
17.840000
17.840000
17.840000
17.840000
17.840000
17.840000
18.340000
18.340000
18.340000
18.340000
18.340000
18.340000
18.340000
18.340000
18.340000
18.340000
18.340000
18.840000
18.840000
18.840000
18.840000
18.840000
18.840000
18.840000
18.840000
18.840000
18.840000
18.840000
18.840000
19.340000
19.340000
19.340000
19.340000
19.840000
19.840000
19.840000
19.840000
19.840000
19.840000
19.840000
19.840000
19.840000
20.350000
20.350000
20.350000
20.350000
20.350000
20.350000
20.350000
20.350000
20.850000
20.850000
20.850000
20.850000
20.850000
20.850000
20.850000
20.850000
20.850000
21.350000
21.350000
21.350000
21.350000
21.350000
21.350000
21.350000
21.350000
21.850000
21.850000
21.850000
21.850000
21.850000
21.850000
21.850000
21.850000
22.360001
22.360001
22.360001
22.360001
22.360001
22.360001
22.360001
22.360001
22.360001
22.360001
22.360001
22.360001
22.360001
22.360001
22.360001
22.360001
22.860001
22.860001
22.860001
22.860001
22.860001
22.860001
22.860001
22.860001
22.860001
22.860001
22.860001
22.860001
22.860001
22.860001
22.860001
22.860001
24.139999
24.139999
24.139999
24.139999
24.139999
24.139999
24.139999
24.139999
24.139999
24.139999
24.139999
24.139999
24.139999
25.430000
25.430000
25.430000
25.430000
25.430000
25.430000
26.709999
26.709999
26.709999
26.709999
26.709999
26.709999
26.709999
26.709999
26.709999
26.709999
28.000000
28.000000
28.000000
28.000000
28.000000
28.000000
28.000000
28.000000
28.000000
28.000000
28.000000
29.290001
29.290001
29.290001
29.290001
29.290001
29.290001
29.290001
29.290001
29.290001
29.290001
29.290001
29.290001
29.290001
29.290001
29.290001
30.570000
30.570000
30.570000
30.570000
30.570000
30.570000
30.570000
30.570000
30.570000
31.860001
31.860001
31.860001
31.860001
31.860001
31.860001
31.860001
31.860001
31.860001
31.860001
31.860001
31.860001
31.860001
31.860001
33.139999
33.139999
33.139999
33.139999
33.139999
33.139999
33.139999
33.139999
34.430000
34.430000
34.430000
34.430000
34.430000
34.430000
34.430000
34.430000
34.430000
34.430000
34.430000
34.430000
35.709999
35.709999
35.709999
35.709999
35.709999
35.709999
35.709999
35.709999
37.000000
37.000000
37.000000
37.000000
37.000000
37.000000
37.000000
37.000000
37.000000
37.000000
37.000000
38.279999
38.279999
38.279999
38.279999
38.279999
38.279999
38.279999
38.279999
38.279999
38.279999
39.570000
39.570000
39.570000
39.570000
39.570000
39.570000
39.570000
39.570000
39.570000
39.570000
39.570000
39.570000
39.570000
39.570000
40.860001
40.860001
40.860001
40.860001
40.860001
40.860001
40.860001
40.860001
40.860001
40.860001
40.860001
42.139999
42.139999
42.139999
42.139999
42.139999
42.139999
42.139999
42.139999
43.430000
43.430000
43.430000
43.430000
43.430000
43.430000
43.430000
43.430000
43.430000
43.430000
43.430000
43.430000
43.430000
44.709999
44.709999
44.709999
44.709999
46.000000
46.000000
46.000000
46.000000
46.000000
46.000000
46.000000
46.000000
46.000000
46.000000
46.000000
47.279999
47.279999
47.279999
47.279999
47.279999
47.279999
47.279999
47.279999
47.279999
47.279999
47.279999
47.279999
47.279999
47.279999
47.279999
47.279999
47.279999
47.279999
48.570000
48.570000
48.570000
48.570000
48.570000
48.570000
48.570000
49.849998
49.849998
49.849998
49.849998
49.849998
49.849998
49.849998
49.849998
49.849998
51.139999
51.139999
51.139999
51.139999
51.139999
51.139999
51.139999
51.139999
51.139999
51.139999
52.430000
52.430000
52.430000
52.430000
52.430000
52.430000
52.430000
52.430000
52.430000
52.430000
53.709999
53.709999
53.709999
53.709999
53.709999
53.709999
55.000000
55.000000
55.000000
55.000000
55.000000
55.000000
55.000000
55.000000
55.000000
55.000000
55.000000
55.000000
56.279999
56.279999
56.279999
56.279999
56.279999
56.279999
56.279999
56.279999
57.570000
57.570000
57.570000
57.570000
57.570000
57.570000
57.570000
57.570000
57.570000
58.849998
58.849998
58.849998
58.849998
58.849998
58.849998
58.849998
58.849998
58.849998
58.849998
60.139999
60.139999
60.139999
60.139999
60.139999
60.139999
60.139999
60.139999
60.139999
60.139999
60.139999
60.139999
60.139999
60.139999
60.139999
61.419998
61.419998
61.419998
61.419998
61.419998
61.419998
61.419998
61.419998
61.419998
61.419998
62.709999
62.709999
62.709999
62.709999
62.709999
62.709999
62.709999
62.709999
62.709999
62.709999
62.709999
64.000000
64.000000
64.000000
64.000000
64.000000
64.000000
64.000000
64.000000
65.279999
65.279999
65.279999
65.279999
65.279999
65.279999
65.279999
65.279999
65.279999
65.279999
65.279999
65.279999
66.570000
66.570000
66.570000
66.570000
66.570000
66.570000
66.570000
66.570000
66.570000
66.570000
66.570000
66.570000
67.849998
67.849998
69.139999
69.139999
69.139999
69.139999
69.139999
69.139999
69.139999
69.139999
69.139999
70.419998
70.419998
70.419998
70.419998
70.419998
70.419998
70.419998
71.709999
71.709999
71.709999
71.709999
71.709999
71.709999
71.709999
71.709999
73.000000
73.000000
73.000000
74.279999
74.279999
74.279999
74.279999
74.279999
74.279999
74.279999
75.570000
75.570000
75.570000
75.570000
75.570000
75.570000
75.570000
75.570000
75.570000
75.570000
76.849998
76.849998
76.849998
76.849998
76.849998
76.849998
76.849998
76.849998
78.139999
78.139999
78.139999
78.139999
78.139999
79.419998
79.419998
79.419998
79.419998
79.419998
79.419998
79.419998
79.419998
80.709999
80.709999
80.709999
80.709999
80.709999
80.709999
80.709999
80.709999
80.709999
80.709999
80.709999
80.709999
80.709999
86.879997
86.879997
86.879997
86.879997
86.879997
86.879997
86.879997
86.879997
93.040001
93.040001
93.040001
93.040001
93.040001
93.040001
93.040001
93.040001
93.040001
93.040001
93.040001
93.040001
93.040001
93.040001
99.209999
99.209999
99.209999
99.209999
99.209999
99.209999
99.209999
99.209999
99.209999
99.209999
99.209999
99.209999
99.209999
99.209999
105.400002
105.400002
105.400002
105.400002
105.400002
105.400002
105.400002
105.400002
105.400002
110.000000
110.000000
110.000000
110.000000
110.000000
110.000000
110.000000
110.000000
110.000000
