0.000000
0.000000
0.000000
0.000000
0.000000
0.000000
0.000000
0.000000
0.000000
0.000000
0.000000
0.000000
0.000000
0.000000
0.000000
0.000000
0.000000
0.000000
0.000000
0.000000
0.000000
0.000000
0.000000
0.000000
0.000000
0.000000
0.000000
0.000000
0.000000
0.000000
0.000000
0.000000
0.000000
0.000000
0.000000
0.000000
0.000000
0.000000
0.000000
0.000000
0.000000
0.000000
0.000000
0.000000
0.000000
0.000000
0.000000
0.000000
0.000000
0.000000
0.000000
0.000000
0.160100
0.160100
0.160100
0.160100
0.160100
0.160100
0.160100
0.160100
0.160100
0.160100
0.160100
0.160100
0.160100
0.160100
0.160100
0.160100
0.160100
0.160100
0.318100
0.318100
0.318100
0.318100
0.318100
0.318100
0.318100
0.318100
0.318100
0.318100
0.318100
0.318100
0.476100
0.476100
0.476100
0.476100
0.476100
0.476100
0.476100
0.476100
0.476100
0.476100
0.476100
0.476100
0.476100
0.634000
0.634000
0.634000
0.634000
0.634000
0.634000
0.634000
0.792000
0.792000
0.792000
0.792000
0.792000
0.792000
0.792000
0.792000
0.792000
0.792000
0.792000
0.792000
0.950000
0.950000
0.950000
0.950000
0.950000
0.950000
1.108000
1.108000
1.108000
1.108000
1.108000
1.108000
1.108000
1.108000
1.108000
1.108000
1.108000
1.108000
1.108000
1.108000
1.108000
1.266000
1.266000
1.266000
1.266000
1.266000
1.424000
1.424000
1.424000
1.424000
1.424000
1.424000
1.424000
1.424000
1.424000
1.424000
1.424000
1.424000
1.582000
1.582000
1.582000
1.582000
1.582000
1.582000
1.582000
1.582000
1.582000
1.582000
1.582000
1.740000
1.740000
1.740000
1.740000
1.740000
1.740000
1.740000
1.740000
1.740000
1.740000
1.740000
1.740000
1.898000
1.898000
1.898000
1.898000
1.898000
1.898000
1.898000
1.898000
1.898000
2.056000
2.056000
2.056000
2.056000
2.056000
2.056000
2.056000
2.056000
2.056000
2.056000
2.056000
2.214000
2.214000
2.214000
2.214000
2.214000
2.214000
2.214000
2.214000
2.214000
2.214000
2.372000
2.372000
2.372000
2.372000
2.372000
2.372000
2.372000
2.372000
2.372000
2.372000
2.372000
2.372000
2.372000
2.530000
2.530000
2.530000
2.530000
2.530000
2.530000
2.530000
2.530000
2.530000
2.688000
2.688000
2.688000
2.688000
2.688000
2.688000
2.846000
2.846000
2.846000
2.846000
2.846000
2.846000
2.846000
2.846000
3.004000
3.004000
3.004000
3.004000
3.004000
3.004000
3.004000
3.004000
3.004000
3.004000
3.162000
3.162000
3.162000
3.162000
3.162000
3.162000
3.162000
3.162000
3.162000
3.162000
3.162000
3.162000
3.320000
3.320000
3.320000
3.320000
3.320000
3.320000
3.320000
3.320000
3.320000
3.320000
3.320000
3.320000
3.478000
3.478000
3.478000
3.478000
3.478000
3.478000
3.478000
3.478000
3.478000
3.478000
3.478000
3.478000
3.478000
3.478000
3.636000
3.636000
3.636000
3.636000
3.636000
3.636000
3.794000
3.794000
3.794000
3.794000
3.794000
3.794000
3.794000
3.794000
3.794000
3.794000
3.794000
3.952000
3.952000
3.952000
3.952000
3.952000
3.952000
3.952000
3.952000
3.952000
4.110000
4.110000
4.110000
4.110000
4.110000
4.110000
4.110000
4.110000
4.110000
4.110000
4.110000
4.110000
4.110000
4.268000
4.268000
4.268000
4.268000
4.268000
4.268000
4.268000
4.268000
4.268000
4.268000
4.426000
4.426000
4.426000
4.426000
4.426000
4.426000
4.426000
4.426000
4.426000
4.584000
4.584000
4.584000
4.584000
4.584000
4.584000
4.584000
4.584000
4.584000
4.584000
4.584000
4.742000
4.742000
4.742000
4.742000
4.742000
4.742000
4.742000
4.742000
4.742000
4.742000
4.742000
4.900000
4.900000
4.900000
4.900000
4.900000
4.900000
4.900000
4.900000
4.900000
4.900000
4.900000
5.058000
5.058000
5.058000
5.058000
5.058000
5.058000
5.058000
5.058000
5.058000
5.216000
5.216000
5.216000
5.216000
5.216000
5.216000
5.216000
5.216000
5.216000
5.216000
5.216000
5.216000
5.216000
5.374000
5.374000
5.374000
5.374000
5.374000
5.374000
5.374000
5.374000
5.374000
5.374000
5.374000
5.374000
5.532000
5.532000
5.532000
5.532000
5.532000
5.532000
5.532000
5.690000
5.690000
5.690000
5.690000
5.690000
5.690000
5.690000
5.690000
5.690000
5.690000
5.690000
5.848000
5.848000
5.848000
5.848000
5.848000
5.848000
5.848000
5.848000
6.006000
6.006000
6.006000
6.006000
6.006000
6.006000
6.006000
6.006000
6.006000
6.006000
6.006000
6.006000
6.006000
6.006000
6.164000
6.164000
6.164000
6.164000
6.164000
6.164000
6.164000
6.164000
6.164000
6.164000
6.164000
6.164000
6.164000
6.164000
6.164000
6.322000
6.322000
6.322000
6.322000
6.322000
6.322000
6.322000
6.322000
6.322000
6.322000
6.480000
6.480000
6.480000
6.480000
6.480000
6.480000
6.480000
6.480000
6.480000
6.638000
6.638000
6.638000
6.638000
6.638000
6.638000
6.638000
6.638000
6.638000
6.638000
6.796000
6.796000
6.796000
6.796000
6.796000
6.796000
6.796000
6.796000
6.796000
6.796000
6.796000
6.954000
6.954000
6.954000
6.954000
6.954000
6.954000
6.954000
6.954000
6.954000
6.954000
6.954000
6.954000
7.112000
7.112000
7.112000
7.112000
7.112000
7.112000
7.112000
7.112000
7.112000
7.112000
7.112000
7.112000
7.112000
7.112000
7.112000
7.112000
7.112000
7.112000
7.270000
7.270000
7.270000
7.270000
7.270000
7.270000
7.270000
8.016000
8.016000
8.016000
8.016000
8.016000
8.016000
8.016000
8.016000
8.016000
8.016000
8.762000
8.762000
8.762000
8.762000
8.762000
8.762000
8.762000
8.762000
8.762000
8.762000
9.508000
9.508000
9.508000
10.250000
10.250000
10.250000
10.250000
10.250000
10.250000
10.250000
10.250000
10.250000
10.250000
10.250000
10.250000
10.250000
10.250000
11.000000
11.000000
11.000000
11.000000
11.000000
11.000000
11.000000
11.000000
11.000000
11.000000
11.000000
11.000000
11.750000
11.750000
11.750000
12.490000
12.490000
12.490000
12.490000
12.490000
12.490000
12.490000
12.490000
12.490000
12.490000
12.490000
12.490000
13.240000
13.240000
13.240000
13.240000
13.240000
13.240000
13.240000
13.240000
13.990000
13.990000
13.990000
13.990000
13.990000
13.990000
13.990000
13.990000
13.990000
13.990000
14.730000
14.730000
14.730000
14.730000
14.730000
14.730000
14.730000
14.730000
14.730000
14.730000
14.730000
14.730000
14.730000
14.730000
15.480000
15.480000
15.480000
15.480000
15.480000
15.480000
15.480000
15.480000
15.480000
15.480000
16.219999
16.219999
16.219999
16.219999
16.219999
16.219999
16.219999
16.219999
16.219999
16.219999
16.219999
16.219999
16.219999
16.219999
16.219999
16.969999
16.969999
16.969999
16.969999
16.969999
16.969999
16.969999
16.969999
16.969999
16.969999
16.969999
17.719999
17.719999
17.719999
17.719999
18.459999
18.459999
18.459999
18.459999
18.459999
19.209999
19.209999
19.209999
19.209999
19.209999
19.209999
19.209999
19.209999
19.209999
19.209999
19.209999
19.209999
19.209999
19.209999
19.209999
19.209999
19.950001
19.950001
19.950001
19.950001
19.950001
20.700001
20.700001
20.700001
20.700001
20.700001
20.700001
20.700001
20.700001
21.450001
21.450001
21.450001
21.450001
21.450001
21.450001
21.450001
22.190001
22.190001
22.190001
22.190001
22.190001
22.190001
22.190001
22.190001
22.940001
22.940001
22.940001
22.940001
22.940001
22.940001
22.940001
22.940001
22.940001
22.940001
23.690001
23.690001
23.690001
23.690001
23.690001
23.690001
23.690001
23.690001
23.690001
23.690001
23.690001
23.690001
23.690001
23.690001
24.430000
24.430000
24.430000
24.430000
24.430000
24.430000
24.430000
24.430000
24.430000
25.180000
25.180000
25.180000
25.180000
25.180000
25.180000
25.180000
25.180000
25.180000
25.180000
25.180000
25.180000
25.180000
25.920000
25.920000
25.920000
25.920000
25.920000
25.920000
26.670000
26.670000
26.670000
26.670000
26.670000
26.670000
26.670000
26.670000
26.670000
26.670000
27.420000
27.420000
27.420000
27.420000
27.420000
27.420000
27.420000
28.160000
28.160000
28.160000
28.160000
28.160000
28.160000
28.160000
28.160000
28.160000
28.160000
28.910000
28.910000
28.910000
28.910000
28.910000
28.910000
28.910000
28.910000
28.910000
29.650000
29.650000
29.650000
29.650000
29.650000
29.650000
29.650000
29.650000
30.400000
30.400000
30.400000
30.400000
30.400000
30.400000
31.150000
31.150000
31.150000
31.150000
31.150000
31.150000
31.150000
31.150000
31.150000
31.889999
31.889999
31.889999
31.889999
31.889999
31.889999
31.889999
31.889999
31.889999
31.889999
31.889999
32.639999
32.639999
32.639999
32.639999
32.639999
32.639999
32.639999
33.389999
33.389999
33.389999
33.389999
33.389999
33.389999
33.389999
33.389999
33.389999
34.130001
34.130001
34.130001
34.130001
34.130001
34.130001
34.130001
34.130001
34.880001
34.880001
34.880001
34.880001
34.880001
34.880001
34.880001
34.880001
34.880001
34.880001
35.619999
35.619999
35.619999
35.619999
36.369999
36.369999
36.369999
36.369999
36.369999
36.369999
36.369999
36.369999
36.369999
36.369999
36.369999
37.119999
37.119999
37.119999
37.119999
37.119999
37.119999
37.119999
37.119999
37.860001
37.860001
37.860001
37.860001
37.860001
37.860001
37.860001
37.860001
37.860001
37.860001
37.860001
37.860001
37.860001
37.860001
38.610001
38.610001
38.610001
38.610001
38.610001
38.610001
39.349998
39.349998
39.349998
39.349998
39.349998
39.349998
39.349998
39.349998
39.349998
40.099998
40.099998
40.099998
40.099998
40.099998
40.099998
40.099998
40.099998
40.099998
40.099998
40.099998
40.099998
40.099998
40.099998
40.099998
40.099998
40.849998
40.849998
40.849998
40.849998
40.849998
40.849998
40.849998
40.849998
40.849998
47.299999
47.299999
47.299999
47.299999
47.299999
47.299999
47.299999
47.299999
53.750000
53.750000
53.750000
53.750000
53.750000
53.750000
53.750000
53.750000
53.750000
53.750000
53.750000
53.750000
60.209999
60.209999
60.209999
66.660004
66.660004
66.660004
66.660004
66.660004
66.660004
66.660004
66.660004
71.500000
71.500000
71.500000
71.500000
71.500000
