0.000000
0.000000
0.000000
0.000000
0.000000
0.000000
0.000000
0.000000
0.000000
0.000000
0.000000
0.000000
0.000000
0.000000
0.000000
0.000000
0.000000
0.000000
0.000000
0.000000
0.000000
0.000000
0.000000
0.000000
0.000000
0.000000
0.000000
0.000000
0.000000
0.000000
0.000000
0.000000
0.000000
0.000000
0.000000
0.000000
0.000000
0.000000
0.000000
0.000000
0.000000
0.000000
0.000000
0.000000
0.000000
0.000000
0.000000
0.000000
0.000000
0.000000
0.000000
0.000000
0.000000
0.000000
0.000000
0.000000
0.000000
0.000000
0.079960
0.079960
0.079960
0.079960
0.079960
0.079960
0.079960
0.079960
0.079960
0.079960
0.079960
0.079960
0.158700
0.158700
0.158700
0.158700
0.158700
0.158700
0.158700
0.158700
0.158700
0.237400
0.237400
0.237400
0.237400
0.237400
0.237400
0.237400
0.237400
0.237400
0.237400
0.237400
0.237400
0.237400
0.237400
0.237400
0.316100
0.316100
0.316100
0.316100
0.316100
0.316100
0.316100
0.316100
0.316100
0.316100
0.394800
0.394800
0.394800
0.394800
0.394800
0.394800
0.394800
0.394800
0.394800
0.394800
0.473500
0.473500
0.473500
0.473500
0.473500
0.473500
0.473500
0.473500
0.473500
0.552200
0.552200
0.552200
0.552200
0.552200
0.552200
0.552200
0.631000
0.631000
0.631000
0.631000
0.631000
0.631000
0.631000
0.631000
0.631000
0.631000
0.631000
0.631000
0.631000
0.631000
0.709700
0.709700
0.709700
0.709700
0.709700
0.709700
0.709700
0.709700
0.709700
0.709700
0.709700
0.709700
0.788400
0.788400
0.788400
0.788400
0.788400
0.788400
0.788400
0.788400
0.788400
0.788400
0.788400
0.788400
0.867100
0.867100
0.867100
0.867100
0.867100
0.867100
0.867100
0.867100
0.867100
0.867100
0.867100
0.867100
0.945800
0.945800
0.945800
0.945800
0.945800
0.945800
0.945800
0.945800
0.945800
0.945800
0.945800
1.025000
1.025000
1.025000
1.025000
1.025000
1.025000
1.103000
1.103000
1.103000
1.103000
1.103000
1.103000
1.103000
1.103000
1.182000
1.182000
1.182000
1.182000
1.182000
1.182000
1.182000
1.182000
1.182000
1.182000
1.182000
1.182000
1.182000
1.182000
1.182000
1.261000
1.261000
1.261000
1.261000
1.261000
1.261000
1.261000
1.261000
1.261000
1.261000
1.339000
1.339000
1.339000
1.339000
1.339000
1.418000
1.418000
1.418000
1.418000
1.418000
1.418000
1.418000
1.418000
1.418000
1.418000
1.497000
1.497000
1.497000
1.497000
1.497000
1.497000
1.497000
1.497000
1.497000
1.576000
1.576000
1.576000
1.576000
1.576000
1.576000
1.654000
1.654000
1.654000
1.654000
1.654000
1.654000
1.654000
1.733000
1.733000
1.733000
1.733000
1.733000
1.733000
1.733000
1.733000
1.733000
1.733000
1.733000
1.733000
1.733000
1.812000
1.812000
1.812000
1.812000
1.812000
1.812000
1.812000
1.812000
1.812000
1.890000
1.890000
1.890000
1.890000
1.890000
1.890000
1.890000
1.890000
1.969000
1.969000
1.969000
1.969000
1.969000
1.969000
1.969000
1.969000
1.969000
1.969000
2.048000
2.048000
2.048000
2.048000
2.048000
2.048000
2.048000
2.048000
2.048000
2.048000
2.048000
2.048000
2.048000
2.127000
2.205000
2.205000
2.205000
2.205000
2.205000
2.205000
2.205000
2.205000
2.205000
2.284000
2.284000
2.284000
2.284000
2.284000
2.284000
2.284000
2.284000
2.284000
2.284000
2.284000
2.284000
2.363000
2.363000
2.363000
2.363000
2.363000
2.363000
2.363000
2.363000
2.363000
2.363000
2.363000
2.363000
2.363000
2.363000
2.363000
2.441000
2.441000
2.441000
2.441000
2.441000
2.441000
2.441000
2.441000
2.441000
2.441000
2.441000
2.441000
2.441000
2.520000
2.520000
2.520000
2.520000
2.520000
2.520000
2.520000
2.520000
2.520000
2.520000
2.599000
2.599000
2.599000
2.599000
2.599000
2.599000
2.599000
2.599000
2.599000
2.599000
2.599000
2.599000
2.677000
2.677000
2.677000
2.677000
2.677000
2.677000
2.677000
2.677000
2.677000
2.677000
2.677000
2.756000
2.756000
2.756000
2.756000
2.756000
2.756000
2.756000
2.756000
2.756000
2.835000
2.835000
2.835000
2.835000
2.835000
2.835000
2.835000
2.835000
2.914000
2.914000
2.914000
2.914000
2.914000
2.914000
2.914000
2.992000
2.992000
2.992000
2.992000
2.992000
2.992000
3.071000
3.071000
3.071000
3.071000
3.071000
3.071000
3.071000
3.071000
3.071000
3.150000
3.150000
3.150000
3.150000
3.150000
3.228000
3.228000
3.228000
3.228000
3.228000
3.228000
3.228000
3.228000
3.307000
3.307000
3.307000
3.307000
3.307000
3.307000
3.307000
3.307000
3.386000
3.386000
3.386000
3.386000
3.386000
3.386000
3.386000
3.386000
3.386000
3.386000
3.386000
3.386000
3.386000
3.465000
3.465000
3.465000
3.465000
3.465000
3.465000
3.465000
3.465000
3.543000
3.543000
3.543000
3.543000
3.543000
3.543000
3.543000
3.543000
3.543000
3.543000
3.543000
3.543000
3.543000
3.543000
3.622000
3.622000
3.622000
3.622000
3.622000
3.622000
3.622000
3.622000
4.185000
4.185000
4.185000
4.185000
4.185000
4.185000
4.185000
4.185000
4.185000
4.185000
4.185000
4.185000
4.185000
4.185000
4.185000
4.748000
4.748000
4.748000
4.748000
4.748000
4.748000
4.748000
4.748000
4.748000
5.311000
5.311000
5.311000
5.311000
5.311000
5.311000
5.311000
5.311000
5.311000
5.311000
5.311000
5.874000
5.874000
5.874000
5.874000
5.874000
5.874000
5.874000
5.874000
5.874000
5.874000
5.874000
6.437000
6.437000
6.437000
6.437000
6.437000
6.437000
6.437000
6.437000
6.437000
6.437000
7.000000
7.000000
7.000000
7.000000
7.000000
7.000000
7.000000
7.000000
7.000000
7.564000
7.564000
7.564000
7.564000
7.564000
7.564000
7.564000
7.564000
7.564000
7.564000
7.564000
7.564000
8.127000
8.127000
8.127000
8.127000
8.690000
8.690000
8.690000
8.690000
8.690000
8.690000
8.690000
8.690000
8.690000
8.690000
8.690000
8.690000
8.690000
8.690000
8.690000
9.253000
9.253000
9.253000
9.253000
9.253000
9.253000
9.253000
9.253000
9.253000
9.816000
9.816000
9.816000
9.816000
9.816000
9.816000
9.816000
9.816000
9.816000
9.816000
10.380000
10.380000
10.380000
10.380000
10.380000
10.380000
10.380000
10.380000
10.380000
10.380000
10.380000
10.380000
10.380000
10.380000
10.940000
10.940000
10.940000
10.940000
10.940000
10.940000
10.940000
10.940000
10.940000
10.940000
10.940000
11.510000
11.510000
11.510000
11.510000
11.510000
11.510000
12.070000
12.070000
12.070000
12.070000
12.070000
12.070000
12.070000
12.070000
12.070000
12.070000
12.070000
12.630000
12.630000
12.630000
12.630000
12.630000
12.630000
12.630000
12.630000
12.630000
12.630000
12.630000
12.630000
12.630000
12.630000
12.630000
12.630000
12.630000
12.630000
13.190000
13.190000
13.190000
13.190000
13.190000
13.190000
13.190000
13.190000
13.190000
13.190000
13.190000
13.190000
13.190000
13.760000
13.760000
13.760000
13.760000
13.760000
13.760000
13.760000
14.320000
14.320000
14.320000
14.320000
14.320000
14.320000
14.320000
14.320000
14.320000
14.320000
14.320000
14.320000
14.320000
14.880000
14.880000
14.880000
14.880000
14.880000
14.880000
14.880000
14.880000
14.880000
14.880000
15.450000
15.450000
15.450000
15.450000
15.450000
15.450000
15.450000
15.450000
15.450000
15.450000
15.450000
15.450000
15.450000
15.450000
16.010000
16.010000
16.010000
16.010000
16.010000
16.010000
16.010000
16.010000
16.570000
16.570000
16.570000
16.570000
16.570000
16.570000
17.139999
17.139999
17.139999
17.139999
17.139999
17.139999
17.139999
17.139999
17.700001
17.700001
17.700001
17.700001
17.700001
17.700001
17.700001
18.260000
18.260000
18.260000
18.260000
18.260000
18.260000
18.260000
18.260000
18.260000
18.260000
18.260000
18.260000
18.260000
18.260000
18.260000
18.260000
18.260000
18.260000
18.820000
18.820000
18.820000
18.820000
18.820000
18.820000
19.389999
19.389999
19.950001
19.950001
19.950001
19.950001
19.950001
19.950001
19.950001
19.950001
19.950001
19.950001
19.950001
20.510000
20.510000
20.510000
20.510000
20.510000
20.510000
20.510000
21.080000
21.080000
21.080000
21.080000
21.080000
21.080000
21.080000
21.080000
21.080000
21.080000
21.080000
21.080000
21.080000
21.080000
21.080000
21.080000
21.080000
21.639999
21.639999
21.639999
21.639999
21.639999
21.639999
21.639999
21.639999
22.200001
22.200001
22.200001
22.200001
22.200001
22.200001
22.200001
22.770000
22.770000
22.770000
22.770000
22.770000
22.770000
22.770000
22.770000
22.770000
23.330000
23.330000
23.330000
23.330000
23.330000
23.330000
23.330000
23.330000
23.889999
23.889999
23.889999
23.889999
23.889999
24.459999
24.459999
24.459999
24.459999
24.459999
24.459999
24.459999
24.459999
24.459999
24.459999
24.459999
25.020000
25.020000
25.020000
25.020000
25.020000
25.020000
25.020000
25.580000
25.580000
25.580000
25.580000
25.580000
25.580000
25.580000
25.580000
26.139999
26.139999
26.139999
26.139999
26.139999
26.139999
26.139999
26.139999
26.139999
26.139999
26.139999
26.709999
26.709999
26.709999
26.709999
26.709999
26.709999
26.709999
26.709999
27.270000
27.270000
27.270000
27.270000
27.270000
27.270000
27.270000
27.270000
27.270000
27.830000
27.830000
27.830000
27.830000
27.830000
27.830000
27.830000
27.830000
28.400000
28.400000
28.400000
28.400000
28.400000
28.400000
28.400000
28.400000
28.400000
28.400000
28.400000
28.400000
28.400000
28.400000
28.959999
28.959999
28.959999
28.959999
28.959999
28.959999
28.959999
28.959999
28.959999
28.959999
28.959999
28.959999
28.959999
28.959999
33.779999
33.779999
33.779999
33.779999
33.779999
33.779999
33.779999
33.779999
33.779999
38.599998
38.599998
38.599998
38.599998
38.599998
38.599998
38.599998
38.599998
38.599998
43.419998
43.419998
43.419998
43.419998
43.419998
43.419998
48.240002
48.240002
48.240002
48.240002
48.240002
48.240002
48.240002
48.240002
48.240002
48.240002
51.860001
51.860001
51.860001
51.860001
51.860001
51.860001
51.860001
51.860001
51.860001
51.860001
51.860001
