0.000000
0.000000
0.000000
0.000000
0.000000
0.000000
0.000000
0.000000
0.000000
0.000000
0.000000
0.000000
0.000000
0.000000
0.000000
0.000000
0.000000
0.000000
0.000000
0.000000
0.000000
0.000000
0.000000
0.000000
0.000000
0.000000
0.000000
0.000000
0.000000
0.000000
0.000000
0.000000
0.000000
0.000000
0.000000
0.000000
0.000000
0.000000
0.000000
0.000000
0.000000
0.000000
0.000000
0.000000
0.000000
0.000000
0.000000
0.000000
0.000000
0.000000
0.000000
0.000000
0.152800
0.152800
0.152800
0.152800
0.152800
0.152800
0.152800
0.152800
0.152800
0.152800
0.152800
0.152800
0.247200
0.247200
0.247200
0.247200
0.247200
0.247200
0.341500
0.341500
0.341500
0.341500
0.341500
0.341500
0.341500
0.341500
0.341500
0.341500
0.435900
0.435900
0.435900
0.435900
0.435900
0.435900
0.435900
0.435900
0.435900
0.435900
0.435900
0.530300
0.530300
0.530300
0.530300
0.530300
0.530300
0.530300
0.530300
0.530300
0.530300
0.624600
0.624600
0.624600
0.624600
0.624600
0.624600
0.624600
0.624600
0.624600
0.624600
0.624600
0.624600
0.624600
0.719000
0.719000
0.719000
0.719000
0.719000
0.719000
0.719000
0.719000
0.719000
0.813400
0.813400
0.813400
0.813400
0.813400
0.813400
0.813400
0.813400
0.813400
0.907800
0.907800
0.907800
0.907800
0.907800
0.907800
0.907800
0.907800
0.907800
0.907800
0.907800
0.907800
0.907800
0.907800
1.002000
1.002000
1.002000
1.002000
1.002000
1.002000
1.002000
1.002000
1.002000
1.002000
1.002000
1.002000
1.002000
1.002000
1.002000
1.002000
1.002000
1.096000
1.096000
1.096000
1.096000
1.096000
1.096000
1.096000
1.191000
1.191000
1.191000
1.191000
1.191000
1.191000
1.285000
1.285000
1.285000
1.285000
1.285000
1.285000
1.285000
1.285000
1.285000
1.285000
1.380000
1.380000
1.380000
1.380000
1.380000
1.380000
1.380000
1.380000
1.380000
1.380000
1.474000
1.474000
1.474000
1.474000
1.474000
1.474000
1.474000
1.474000
1.568000
1.568000
1.568000
1.568000
1.568000
1.568000
1.568000
1.568000
1.568000
1.568000
1.568000
1.663000
1.663000
1.663000
1.663000
1.663000
1.757000
1.757000
1.757000
1.757000
1.757000
1.757000
1.757000
1.757000
1.757000
1.757000
1.757000
1.757000
1.757000
1.757000
1.757000
1.851000
1.851000
1.851000
1.851000
1.851000
1.946000
1.946000
1.946000
1.946000
1.946000
1.946000
1.946000
2.040000
2.040000
2.040000
2.040000
2.040000
2.040000
2.040000
2.040000
2.040000
2.040000
2.040000
2.135000
2.135000
2.135000
2.135000
2.135000
2.135000
2.135000
2.135000
2.135000
2.135000
2.229000
2.229000
2.229000
2.229000
2.229000
2.229000
2.229000
2.229000
2.229000
2.229000
2.229000
2.323000
2.323000
2.323000
2.323000
2.323000
2.323000
2.323000
2.418000
2.418000
2.418000
2.418000
2.418000
2.418000
2.418000
2.418000
2.418000
2.418000
2.418000
2.418000
2.418000
2.512000
2.512000
2.512000
2.512000
2.512000
2.512000
2.512000
2.512000
2.512000
2.512000
2.606000
2.606000
2.606000
2.606000
2.606000
2.606000
2.606000
2.606000
2.606000
2.606000
2.606000
2.606000
2.701000
2.701000
2.701000
2.701000
2.701000
2.701000
2.701000
2.795000
2.795000
2.795000
2.795000
2.795000
2.795000
2.795000
2.795000
2.795000
2.795000
2.795000
2.795000
2.890000
2.890000
2.890000
2.890000
2.890000
2.890000
2.890000
2.890000
2.890000
2.890000
2.890000
2.890000
2.984000
2.984000
2.984000
2.984000
2.984000
2.984000
2.984000
2.984000
3.078000
3.078000
3.078000
3.078000
3.078000
3.078000
3.078000
3.078000
3.173000
3.173000
3.173000
3.173000
3.173000
3.173000
3.173000
3.173000
3.173000
3.173000
3.173000
3.173000
3.173000
3.173000
3.173000
3.173000
3.173000
3.267000
3.267000
3.267000
3.267000
3.267000
3.267000
3.267000
3.267000
3.267000
3.267000
3.361000
3.361000
3.361000
3.361000
3.361000
3.361000
3.361000
3.361000
3.361000
3.361000
3.361000
3.361000
3.361000
3.361000
3.456000
3.456000
3.456000
3.456000
3.456000
3.456000
3.456000
3.456000
3.456000
3.456000
3.550000
3.550000
3.550000
3.550000
3.550000
3.550000
3.550000
3.550000
3.550000
3.644000
3.644000
3.644000
3.644000
3.644000
3.644000
3.644000
3.644000
3.644000
3.644000
3.739000
3.739000
3.739000
3.739000
3.739000
3.739000
3.739000
3.739000
3.739000
3.739000
3.739000
3.739000
3.739000
3.739000
3.739000
3.833000
3.833000
3.833000
3.833000
3.833000
3.833000
3.833000
3.833000
3.833000
3.833000
3.833000
3.833000
3.833000
3.833000
3.928000
3.928000
3.928000
3.928000
3.928000
3.928000
3.928000
3.928000
3.928000
3.928000
3.928000
3.928000
3.928000
4.022000
4.022000
4.022000
4.022000
4.022000
4.022000
4.022000
4.022000
4.022000
4.022000
4.116000
4.116000
4.116000
4.116000
4.116000
4.116000
4.211000
4.211000
4.211000
4.211000
4.211000
4.211000
4.211000
4.305000
4.305000
4.305000
4.305000
4.305000
4.305000
4.305000
4.305000
4.399000
4.399000
4.399000
4.399000
4.399000
4.399000
4.399000
4.399000
4.399000
4.399000
4.399000
4.399000
5.071000
5.071000
5.071000
5.071000
5.071000
5.071000
5.071000
5.071000
5.071000
5.071000
5.744000
5.744000
5.744000
5.744000
5.744000
5.744000
5.744000
5.744000
5.744000
5.744000
5.744000
5.744000
5.744000
6.416000
6.416000
6.416000
6.416000
6.416000
6.416000
6.416000
6.416000
6.416000
6.416000
6.416000
6.416000
7.088000
7.088000
7.088000
7.088000
7.088000
7.088000
7.760000
7.760000
7.760000
7.760000
8.432000
8.432000
8.432000
8.432000
8.432000
8.432000
9.104000
9.104000
9.104000
9.104000
9.104000
9.104000
9.776000
9.776000
9.776000
9.776000
9.776000
9.776000
9.776000
9.776000
9.776000
9.776000
10.450000
10.450000
10.450000
10.450000
11.120000
11.120000
11.120000
11.120000
11.120000
11.120000
11.120000
11.120000
11.120000
11.120000
11.120000
11.120000
11.790000
11.790000
11.790000
11.790000
11.790000
11.790000
11.790000
11.790000
11.790000
11.790000
11.790000
12.460000
12.460000
12.460000
12.460000
12.460000
12.460000
12.460000
12.460000
12.460000
12.460000
12.460000
13.140000
13.140000
13.140000
13.140000
13.140000
13.140000
13.140000
13.810000
13.810000
13.810000
13.810000
13.810000
13.810000
13.810000
14.480000
14.480000
14.480000
14.480000
14.480000
14.480000
14.480000
14.480000
14.480000
14.480000
15.150000
15.150000
15.150000
15.150000
15.150000
15.150000
15.150000
15.820000
15.820000
15.820000
15.820000
15.820000
15.820000
15.820000
15.820000
16.500000
16.500000
16.500000
16.500000
16.500000
16.500000
16.500000
16.500000
16.500000
17.170000
17.170000
17.170000
17.170000
17.170000
17.170000
17.170000
17.170000
17.170000
17.170000
17.170000
17.840000
17.840000
17.840000
17.840000
18.510000
18.510000
18.510000
18.510000
18.510000
18.510000
18.510000
18.510000
18.510000
18.510000
18.510000
19.190001
19.190001
19.190001
19.190001
19.190001
19.190001
19.190001
19.190001
19.860001
19.860001
19.860001
19.860001
19.860001
19.860001
20.530001
20.530001
20.530001
20.530001
20.530001
20.530001
20.530001
20.530001
20.530001
21.200001
21.200001
21.200001
21.200001
21.200001
21.200001
21.200001
21.200001
21.200001
21.200001
21.200001
21.200001
21.200001
21.200001
21.200001
21.200001
21.200001
21.870001
21.870001
21.870001
21.870001
21.870001
21.870001
22.549999
22.549999
22.549999
22.549999
22.549999
22.549999
22.549999
22.549999
23.219999
23.219999
23.219999
23.219999
23.219999
23.219999
23.219999
23.219999
23.219999
23.219999
23.219999
23.889999
23.889999
23.889999
23.889999
23.889999
23.889999
23.889999
23.889999
24.559999
24.559999
24.559999
24.559999
24.559999
24.559999
24.559999
24.559999
24.559999
24.559999
25.230000
25.230000
25.230000
25.230000
25.230000
25.230000
25.230000
25.230000
25.230000
25.230000
25.230000
25.230000
25.230000
25.230000
25.230000
25.230000
25.230000
25.910000
25.910000
25.910000
25.910000
25.910000
25.910000
25.910000
25.910000
25.910000
25.910000
25.910000
25.910000
25.910000
26.580000
26.580000
26.580000
26.580000
26.580000
26.580000
26.580000
26.580000
26.580000
26.580000
26.580000
26.580000
27.250000
27.250000
27.250000
27.250000
27.250000
27.250000
27.250000
27.250000
27.250000
27.920000
27.920000
27.920000
27.920000
27.920000
27.920000
27.920000
27.920000
27.920000
28.590000
28.590000
28.590000
28.590000
28.590000
28.590000
28.590000
28.590000
28.590000
28.590000
29.270000
29.270000
29.270000
29.270000
29.270000
29.270000
29.270000
29.270000
29.270000
29.270000
29.270000
29.270000
29.270000
29.940001
29.940001
29.940001
29.940001
29.940001
29.940001
29.940001
30.610001
30.610001
30.610001
30.610001
30.610001
30.610001
30.610001
30.610001
30.610001
30.610001
30.610001
30.610001
30.610001
30.610001
30.610001
30.610001
30.610001
30.610001
31.280001
31.280001
31.280001
31.280001
31.280001
31.280001
31.280001
31.280001
31.280001
31.280001
31.280001
31.280001
31.950001
31.950001
31.950001
31.950001
31.950001
31.950001
31.950001
31.950001
31.950001
31.950001
31.950001
32.630001
32.630001
32.630001
32.630001
32.630001
33.299999
33.299999
33.299999
33.299999
33.299999
33.299999
33.299999
33.970001
33.970001
33.970001
33.970001
33.970001
33.970001
33.970001
33.970001
33.970001
33.970001
33.970001
33.970001
33.970001
33.970001
34.639999
34.639999
34.639999
34.639999
34.639999
34.639999
34.639999
42.470001
42.470001
42.470001
42.470001
42.470001
42.470001
42.470001
42.470001
42.470001
50.299999
50.299999
50.299999
50.299999
50.299999
50.299999
50.299999
50.299999
50.299999
50.299999
50.299999
58.130001
58.130001
58.130001
58.130001
58.130001
58.130001
58.130001
58.130001
58.130001
65.949997
65.949997
65.949997
65.949997
65.949997
65.949997
65.949997
65.949997
65.949997
65.949997
65.949997
65.949997
71.820000
71.820000
71.820000
71.820000
71.820000
71.820000
71.820000
71.820000
71.820000
71.820000
