0.000000
0.000000
0.000000
0.000000
0.000000
0.000000
0.000000
0.000000
0.000000
0.000000
0.000000
0.000000
0.000000
0.000000
0.000000
0.000000
0.000000
0.000000
0.000000
0.000000
0.000000
0.000000
0.000000
0.000000
0.000000
0.000000
0.000000
0.000000
0.000000
0.000000
0.000000
0.000000
0.000000
0.000000
0.000000
0.000000
0.000000
0.000000
0.000000
0.000000
0.000000
0.000000
0.000000
0.000000
0.000000
0.000000
0.000000
0.000000
0.000000
0.000000
0.000000
0.000000
0.000000
0.000000
0.000000
0.000000
0.000000
0.000000
0.000000
0.335000
0.335000
0.335000
0.335000
0.335000
0.335000
0.608800
0.608800
0.608800
0.608800
0.608800
0.608800
0.608800
0.608800
0.608800
0.608800
0.608800
0.608800
0.608800
0.608800
0.882600
0.882600
0.882600
0.882600
0.882600
0.882600
0.882600
0.882600
0.882600
0.882600
0.882600
0.882600
0.882600
0.882600
1.156000
1.156000
1.156000
1.156000
1.156000
1.156000
1.156000
1.156000
1.430000
1.430000
1.430000
1.430000
1.430000
1.430000
1.430000
1.430000
1.704000
1.704000
1.704000
1.704000
1.704000
1.704000
1.704000
1.978000
1.978000
1.978000
1.978000
1.978000
1.978000
1.978000
1.978000
1.978000
2.252000
2.252000
2.252000
2.252000
2.252000
2.252000
2.252000
2.252000
2.252000
2.252000
2.252000
2.252000
2.252000
2.252000
2.252000
2.252000
2.252000
2.526000
2.526000
2.526000
2.526000
2.799000
2.799000
2.799000
2.799000
2.799000
2.799000
2.799000
2.799000
2.799000
2.799000
2.799000
2.799000
2.799000
2.799000
3.073000
3.073000
3.073000
3.073000
3.073000
3.073000
3.073000
3.073000
3.073000
3.073000
3.073000
3.347000
3.347000
3.347000
3.347000
3.347000
3.347000
3.347000
3.347000
3.347000
3.347000
3.347000
3.347000
3.621000
3.621000
3.621000
3.621000
3.621000
3.621000
3.621000
3.621000
3.895000
3.895000
3.895000
3.895000
3.895000
3.895000
3.895000
3.895000
3.895000
4.168000
4.168000
4.168000
4.168000
4.168000
4.442000
4.442000
4.442000
4.442000
4.442000
4.442000
4.442000
4.442000
4.442000
4.442000
4.442000
4.442000
4.442000
4.442000
4.716000
4.716000
4.716000
4.716000
4.716000
4.716000
4.990000
4.990000
4.990000
4.990000
4.990000
4.990000
4.990000
4.990000
4.990000
4.990000
4.990000
5.264000
5.264000
5.264000
5.264000
5.264000
5.264000
5.264000
5.264000
5.264000
5.538000
5.538000
5.538000
5.538000
5.538000
5.538000
5.538000
5.538000
5.538000
5.538000
5.538000
5.538000
5.538000
5.538000
5.811000
5.811000
5.811000
5.811000
5.811000
6.085000
6.085000
6.085000
6.085000
6.085000
6.085000
6.085000
6.085000
6.085000
6.359000
6.359000
6.359000
6.359000
6.359000
6.359000
6.359000
6.359000
6.359000
6.633000
6.633000
6.633000
6.633000
6.633000
6.633000
6.633000
6.633000
6.633000
6.633000
6.633000
6.907000
6.907000
6.907000
6.907000
6.907000
6.907000
6.907000
6.907000
6.907000
6.907000
6.907000
6.907000
6.907000
7.180000
7.180000
7.180000
7.180000
7.180000
7.180000
7.180000
7.180000
7.180000
7.454000
7.454000
7.454000
7.454000
7.454000
7.454000
7.454000
7.454000
7.728000
7.728000
7.728000
7.728000
7.728000
7.728000
7.728000
7.728000
7.728000
7.728000
7.728000
8.002000
8.002000
8.002000
8.002000
8.002000
8.002000
8.002000
8.002000
8.002000
8.276000
8.276000
8.276000
8.276000
8.276000
8.276000
8.276000
8.276000
8.276000
8.550000
8.550000
8.550000
8.550000
8.550000
8.550000
8.550000
8.550000
8.550000
8.550000
8.550000
8.550000
8.823000
8.823000
8.823000
8.823000
8.823000
8.823000
8.823000
8.823000
8.823000
8.823000
8.823000
8.823000
9.097000
9.097000
9.097000
9.097000
9.097000
9.097000
9.097000
9.097000
9.097000
9.371000
9.371000
9.371000
9.371000
9.371000
9.371000
9.371000
9.371000
9.645000
9.645000
9.645000
9.645000
9.645000
9.645000
9.645000
9.645000
9.645000
9.919000
9.919000
9.919000
9.919000
9.919000
9.919000
9.919000
9.919000
9.919000
9.919000
9.919000
9.919000
10.190000
10.190000
10.190000
10.190000
10.470000
10.470000
10.470000
10.470000
10.470000
10.470000
10.470000
10.470000
10.470000
10.470000
10.470000
10.740000
10.740000
10.740000
10.740000
10.740000
10.740000
10.740000
10.740000
11.010000
11.010000
11.010000
11.010000
11.010000
11.010000
11.010000
11.010000
11.010000
11.010000
11.010000
11.010000
11.010000
11.010000
11.010000
11.290000
11.290000
11.290000
11.290000
11.290000
11.290000
11.560000
11.560000
11.560000
11.560000
11.560000
11.560000
11.560000
11.560000
11.560000
11.560000
11.840000
11.840000
11.840000
11.840000
11.840000
11.840000
11.840000
12.110000
12.110000
12.110000
12.110000
12.110000
12.380000
12.380000
12.380000
12.380000
12.380000
12.380000
12.380000
12.380000
12.380000
12.660000
12.660000
12.660000
12.660000
12.660000
12.660000
12.660000
12.660000
12.660000
12.660000
12.660000
12.660000
12.660000
13.830000
13.830000
13.830000
13.830000
13.830000
13.830000
13.830000
13.830000
14.990000
14.990000
14.990000
14.990000
14.990000
14.990000
16.160000
16.160000
16.160000
16.160000
16.160000
16.160000
16.160000
16.160000
16.160000
17.330000
17.330000
17.330000
17.330000
17.330000
17.330000
17.330000
17.330000
17.330000
17.330000
17.330000
17.330000
18.500000
18.500000
18.500000
18.500000
18.500000
18.500000
18.500000
18.500000
18.500000
18.500000
18.500000
18.500000
19.670000
19.670000
19.670000
19.670000
19.670000
19.670000
19.670000
19.670000
20.840000
20.840000
20.840000
20.840000
20.840000
22.010000
22.010000
22.010000
22.010000
22.010000
22.010000
23.170000
23.170000
23.170000
23.170000
23.170000
23.170000
23.170000
23.170000
24.340000
24.340000
24.340000
24.340000
24.340000
24.340000
24.340000
24.340000
24.340000
24.340000
24.340000
24.340000
25.510000
25.510000
25.510000
25.510000
25.510000
25.510000
25.510000
25.510000
25.510000
25.510000
25.510000
25.510000
25.510000
25.510000
26.680000
26.680000
26.680000
26.680000
26.680000
26.680000
26.680000
26.680000
26.680000
26.680000
26.680000
26.680000
26.680000
26.680000
26.680000
27.850000
27.850000
27.850000
27.850000
27.850000
27.850000
27.850000
27.850000
27.850000
27.850000
27.850000
27.850000
27.850000
27.850000
29.020000
29.020000
29.020000
29.020000
29.020000
29.020000
29.020000
29.020000
29.020000
30.190001
30.190001
30.190001
30.190001
30.190001
30.190001
30.190001
30.190001
30.190001
30.190001
31.350000
31.350000
31.350000
31.350000
31.350000
31.350000
31.350000
31.350000
31.350000
31.350000
31.350000
31.350000
31.350000
31.350000
32.520000
32.520000
32.520000
32.520000
32.520000
32.520000
32.520000
32.520000
32.520000
32.520000
32.520000
32.520000
32.520000
32.520000
32.520000
32.520000
32.520000
33.689999
33.689999
33.689999
33.689999
33.689999
33.689999
33.689999
33.689999
34.860001
34.860001
34.860001
34.860001
34.860001
34.860001
34.860001
34.860001
34.860001
34.860001
34.860001
36.029999
36.029999
36.029999
36.029999
36.029999
36.029999
36.029999
36.029999
36.029999
36.029999
36.029999
36.029999
37.200001
37.200001
37.200001
37.200001
37.200001
37.200001
37.200001
37.200001
37.200001
37.200001
37.200001
38.369999
38.369999
38.369999
38.369999
38.369999
38.369999
38.369999
38.369999
39.540001
39.540001
39.540001
39.540001
39.540001
39.540001
39.540001
39.540001
39.540001
39.540001
39.540001
40.700001
40.700001
40.700001
40.700001
40.700001
40.700001
41.869999
41.869999
41.869999
41.869999
41.869999
41.869999
41.869999
41.869999
41.869999
41.869999
41.869999
41.869999
41.869999
41.869999
43.040001
43.040001
43.040001
43.040001
43.040001
43.040001
43.040001
44.209999
44.209999
44.209999
44.209999
44.209999
44.209999
44.209999
45.380001
45.380001
45.380001
45.380001
45.380001
45.380001
45.380001
45.380001
45.380001
45.380001
45.380001
45.380001
45.380001
45.380001
46.549999
46.549999
46.549999
46.549999
46.549999
46.549999
47.720001
47.720001
47.720001
47.720001
47.720001
47.720001
47.720001
47.720001
48.880001
48.880001
48.880001
48.880001
48.880001
48.880001
48.880001
50.049999
50.049999
50.049999
50.049999
50.049999
50.049999
50.049999
50.049999
50.049999
50.049999
51.220001
51.220001
51.220001
51.220001
51.220001
51.220001
51.220001
51.220001
51.220001
51.220001
51.220001
51.220001
52.389999
52.389999
52.389999
52.389999
52.389999
52.389999
52.389999
52.389999
53.560001
53.560001
53.560001
53.560001
53.560001
53.560001
53.560001
54.730000
54.730000
54.730000
54.730000
54.730000
54.730000
54.730000
54.730000
55.900002
55.900002
55.900002
55.900002
55.900002
55.900002
55.900002
57.060001
57.060001
57.060001
57.060001
57.060001
57.060001
57.060001
58.230000
58.230000
58.230000
58.230000
58.230000
58.230000
58.230000
58.230000
58.230000
58.230000
58.230000
58.230000
58.230000
58.230000
58.230000
58.230000
59.400002
59.400002
59.400002
59.400002
59.400002
59.400002
59.400002
59.400002
59.400002
59.400002
59.400002
60.570000
60.570000
60.570000
60.570000
60.570000
60.570000
60.570000
60.570000
60.570000
60.570000
60.570000
61.740002
61.740002
61.740002
61.740002
62.910000
62.910000
62.910000
62.910000
62.910000
62.910000
62.910000
62.910000
62.910000
62.910000
62.910000
62.910000
62.910000
62.910000
62.910000
64.080002
64.080002
64.080002
64.080002
64.080002
64.080002
64.080002
64.080002
64.080002
64.080002
64.080002
64.080002
64.080002
65.239998
65.239998
65.239998
65.239998
65.239998
65.239998
65.239998
65.239998
65.239998
65.239998
70.730003
70.730003
70.730003
70.730003
70.730003
70.730003
70.730003
70.730003
70.730003
76.220001
76.220001
76.220001
76.220001
76.220001
76.220001
76.220001
76.220001
76.220001
76.220001
76.220001
76.220001
81.699997
81.699997
81.699997
81.699997
81.699997
81.699997
81.699997
81.699997
87.190002
87.190002
87.190002
87.190002
87.190002
87.190002
87.190002
87.190002
87.190002
87.190002
87.190002
87.190002
87.190002
87.190002
91.300003
91.300003
91.300003
91.300003
91.300003
91.300003
91.300003
