0.000000
0.000000
0.000000
0.000000
0.000000
0.000000
0.000000
0.000000
0.000000
0.000000
0.000000
0.000000
0.000000
0.000000
0.000000
0.000000
0.000000
0.000000
0.000000
0.000000
0.000000
0.000000
0.000000
0.000000
0.000000
0.000000
0.000000
0.000000
0.000000
0.000000
0.000000
0.000000
0.000000
0.000000
0.000000
0.000000
0.000000
0.000000
0.000000
0.000000
0.000000
0.000000
0.000000
0.000000
0.000000
0.000000
0.000000
0.000000
0.000000
0.000000
0.000000
0.168900
0.168900
0.168900
0.168900
0.168900
0.168900
0.168900
0.168900
0.168900
0.261700
0.261700
0.261700
0.261700
0.261700
0.261700
0.261700
0.261700
0.261700
0.261700
0.261700
0.261700
0.354500
0.354500
0.354500
0.354500
0.354500
0.447300
0.447300
0.447300
0.447300
0.447300
0.447300
0.447300
0.447300
0.447300
0.447300
0.540100
0.540100
0.540100
0.540100
0.540100
0.540100
0.540100
0.540100
0.540100
0.540100
0.540100
0.540100
0.540100
0.540100
0.540100
0.540100
0.632900
0.632900
0.632900
0.632900
0.632900
0.632900
0.632900
0.632900
0.632900
0.632900
0.632900
0.632900
0.632900
0.725700
0.725700
0.725700
0.725700
0.725700
0.725700
0.725700
0.725700
0.725700
0.725700
0.725700
0.725700
0.725700
0.725700
0.725700
0.818600
0.818600
0.818600
0.911400
0.911400
0.911400
0.911400
0.911400
0.911400
0.911400
0.911400
0.911400
1.004000
1.004000
1.004000
1.004000
1.004000
1.004000
1.004000
1.097000
1.097000
1.097000
1.097000
1.097000
1.097000
1.097000
1.097000
1.097000
1.097000
1.097000
1.190000
1.190000
1.190000
1.190000
1.190000
1.190000
1.190000
1.190000
1.190000
1.190000
1.190000
1.190000
1.283000
1.283000
1.283000
1.283000
1.283000
1.283000
1.283000
1.283000
1.375000
1.375000
1.375000
1.375000
1.375000
1.375000
1.375000
1.375000
1.468000
1.468000
1.468000
1.468000
1.468000
1.468000
1.561000
1.561000
1.561000
1.561000
1.561000
1.561000
1.561000
1.561000
1.561000
1.561000
1.561000
1.561000
1.654000
1.654000
1.654000
1.654000
1.654000
1.654000
1.654000
1.654000
1.654000
1.747000
1.747000
1.747000
1.747000
1.747000
1.747000
1.747000
1.747000
1.747000
1.747000
1.747000
1.747000
1.839000
1.839000
1.839000
1.839000
1.839000
1.839000
1.839000
1.839000
1.839000
1.839000
1.932000
1.932000
1.932000
1.932000
1.932000
1.932000
1.932000
2.025000
2.025000
2.025000
2.025000
2.025000
2.025000
2.025000
2.025000
2.025000
2.118000
2.118000
2.118000
2.118000
2.118000
2.118000
2.118000
2.118000
2.118000
2.118000
2.118000
2.118000
2.118000
2.118000
2.118000
2.211000
2.211000
2.211000
2.211000
2.211000
2.211000
2.211000
2.211000
2.211000
2.304000
2.304000
2.304000
2.304000
2.304000
2.304000
2.304000
2.304000
2.396000
2.396000
2.396000
2.396000
2.396000
2.396000
2.396000
2.396000
2.396000
2.489000
2.489000
2.489000
2.489000
2.489000
2.489000
2.489000
2.489000
2.489000
2.489000
2.582000
2.582000
2.582000
2.582000
2.582000
2.582000
2.582000
2.582000
2.582000
2.582000
2.582000
2.582000
2.675000
2.675000
2.675000
2.675000
2.675000
2.675000
2.675000
2.675000
2.675000
2.675000
2.675000
2.675000
2.675000
2.768000
2.768000
2.768000
2.768000
2.768000
2.768000
2.768000
2.768000
2.768000
2.768000
2.768000
2.860000
2.860000
2.860000
2.860000
2.860000
2.860000
2.860000
2.860000
2.953000
2.953000
2.953000
2.953000
2.953000
2.953000
2.953000
2.953000
2.953000
2.953000
2.953000
2.953000
2.953000
2.953000
2.953000
2.953000
3.046000
3.046000
3.046000
3.046000
3.046000
3.046000
3.046000
3.046000
3.046000
3.046000
3.046000
3.046000
3.046000
3.139000
3.139000
3.139000
3.139000
3.139000
3.139000
3.139000
3.139000
3.139000
3.232000
3.232000
3.232000
3.232000
3.232000
3.232000
3.232000
3.232000
3.232000
3.232000
3.232000
3.324000
3.324000
3.324000
3.324000
3.324000
3.417000
3.417000
3.417000
3.417000
3.417000
3.417000
3.417000
3.417000
3.510000
3.510000
3.510000
3.510000
3.510000
3.510000
3.510000
3.510000
3.510000
3.603000
3.603000
3.603000
3.603000
3.603000
3.603000
3.603000
3.603000
3.603000
3.603000
3.696000
3.696000
3.696000
3.696000
3.696000
3.696000
3.696000
3.696000
3.696000
3.696000
3.789000
3.789000
3.789000
3.789000
3.789000
3.789000
3.789000
3.789000
3.881000
3.881000
3.881000
3.881000
3.881000
3.881000
3.881000
3.881000
3.974000
3.974000
3.974000
3.974000
3.974000
3.974000
3.974000
3.974000
3.974000
3.974000
3.974000
3.974000
3.974000
3.974000
4.067000
4.067000
4.067000
4.067000
4.067000
4.067000
4.067000
4.067000
4.067000
4.067000
4.067000
4.067000
4.067000
4.160000
4.160000
4.160000
4.160000
4.160000
4.160000
4.160000
4.160000
4.160000
4.160000
4.160000
4.160000
4.160000
4.160000
4.253000
4.253000
4.253000
4.253000
4.253000
4.253000
4.253000
4.253000
4.253000
4.253000
4.345000
4.345000
4.345000
4.345000
4.345000
4.345000
4.345000
4.345000
4.345000
4.345000
4.345000
4.345000
4.760000
4.760000
4.760000
4.760000
4.760000
4.760000
4.760000
4.760000
4.760000
5.175000
5.175000
5.175000
5.175000
5.175000
5.175000
5.589000
5.589000
5.589000
5.589000
5.589000
5.589000
6.004000
6.004000
6.004000
6.004000
6.004000
6.004000
6.004000
6.004000
6.004000
6.004000
6.004000
6.418000
6.418000
6.418000
6.418000
6.418000
6.418000
6.418000
6.418000
6.418000
6.418000
6.418000
6.418000
6.833000
6.833000
6.833000
6.833000
6.833000
6.833000
6.833000
6.833000
6.833000
6.833000
6.833000
7.248000
7.248000
7.248000
7.662000
7.662000
7.662000
7.662000
7.662000
7.662000
7.662000
7.662000
8.077000
8.077000
8.077000
8.077000
8.077000
8.077000
8.491000
8.491000
8.491000
8.491000
8.491000
8.491000
8.491000
8.491000
8.491000
8.491000
8.491000
8.906000
8.906000
8.906000
9.320000
9.320000
9.320000
9.320000
9.320000
9.320000
9.320000
9.320000
9.320000
9.320000
9.735000
9.735000
9.735000
9.735000
9.735000
9.735000
9.735000
9.735000
9.735000
10.150000
10.150000
10.150000
10.150000
10.150000
10.150000
10.150000
10.150000
10.150000
10.560000
10.560000
10.560000
10.560000
10.560000
10.560000
10.560000
10.560000
10.560000
10.560000
10.560000
10.560000
10.560000
10.980000
10.980000
10.980000
10.980000
10.980000
10.980000
11.390000
11.390000
11.390000
11.390000
11.390000
11.390000
11.390000
11.390000
11.390000
11.390000
11.390000
11.810000
11.810000
11.810000
11.810000
11.810000
11.810000
11.810000
11.810000
11.810000
12.220000
12.220000
12.220000
12.220000
12.220000
12.220000
12.220000
12.220000
12.640000
12.640000
12.640000
12.640000
12.640000
12.640000
12.640000
12.640000
12.640000
12.640000
12.640000
12.640000
13.050000
13.050000
13.050000
13.050000
13.470000
13.470000
13.470000
13.470000
13.470000
13.470000
13.470000
13.470000
13.470000
13.470000
13.880000
13.880000
13.880000
13.880000
13.880000
13.880000
13.880000
13.880000
13.880000
13.880000
13.880000
13.880000
14.300000
14.300000
14.300000
14.300000
14.300000
14.300000
14.300000
14.300000
14.710000
14.710000
14.710000
14.710000
14.710000
14.710000
14.710000
14.710000
15.120000
15.120000
15.120000
15.120000
15.120000
15.120000
15.120000
15.120000
15.120000
15.120000
15.120000
15.120000
15.120000
15.120000
15.120000
15.120000
15.540000
15.540000
15.540000
15.540000
15.540000
15.540000
15.540000
15.540000
15.540000
15.540000
15.950000
15.950000
15.950000
15.950000
15.950000
15.950000
15.950000
16.370001
16.370001
16.370001
16.370001
16.370001
16.370001
16.370001
16.370001
16.370001
16.370001
16.780001
16.780001
16.780001
16.780001
16.780001
16.780001
16.780001
16.780001
16.780001
16.780001
17.200001
17.200001
17.200001
17.200001
17.200001
17.200001
17.200001
17.200001
17.200001
17.200001
17.200001
17.610001
17.610001
17.610001
17.610001
17.610001
17.610001
17.610001
17.610001
17.610001
17.610001
17.610001
17.610001
17.610001
17.610001
17.610001
18.030001
18.030001
18.030001
18.030001
18.030001
18.030001
18.030001
18.030001
18.440001
18.440001
18.440001
18.440001
18.440001
18.440001
18.440001
18.440001
18.440001
18.440001
18.440001
18.860001
18.860001
18.860001
18.860001
18.860001
18.860001
18.860001
18.860001
19.270000
19.270000
19.270000
19.270000
19.270000
19.270000
19.680000
19.680000
19.680000
19.680000
19.680000
19.680000
19.680000
19.680000
19.680000
19.680000
20.100000
20.100000
20.100000
20.100000
20.100000
20.100000
20.100000
20.100000
20.100000
20.510000
20.510000
20.510000
20.510000
20.510000
20.510000
20.510000
20.510000
20.510000
20.510000
20.930000
20.930000
20.930000
20.930000
20.930000
20.930000
20.930000
20.930000
20.930000
20.930000
20.930000
21.340000
21.340000
21.340000
21.340000
21.340000
21.340000
21.340000
21.760000
21.760000
21.760000
21.760000
21.760000
21.760000
21.760000
21.760000
21.760000
21.760000
21.760000
21.760000
21.760000
21.760000
21.760000
22.170000
22.170000
22.170000
22.170000
22.170000
22.170000
22.170000
22.170000
22.170000
22.170000
22.590000
22.590000
22.590000
22.590000
22.590000
22.590000
22.590000
22.590000
22.590000
22.590000
22.590000
22.590000
22.590000
22.590000
22.590000
22.590000
22.590000
22.590000
23.000000
23.000000
23.000000
23.000000
23.000000
23.000000
23.000000
23.000000
23.000000
23.000000
23.000000
23.000000
23.000000
27.420000
27.420000
27.420000
27.420000
27.420000
27.420000
27.420000
27.420000
27.420000
31.840000
31.840000
31.840000
31.840000
31.840000
31.840000
31.840000
31.840000
31.840000
31.840000
36.259998
36.259998
36.259998
36.259998
36.259998
36.259998
36.259998
36.259998
40.680000
40.680000
40.680000
40.680000
40.680000
40.680000
40.680000
40.680000
40.680000
40.680000
40.680000
40.680000
44.000000
44.000000
44.000000
44.000000
44.000000
44.000000
44.000000
44.000000
44.000000
44.000000
44.000000
44.000000
