0.000000
0.000000
0.000000
0.000000
0.000000
0.000000
0.000000
0.000000
0.000000
0.000000
0.000000
0.000000
0.000000
0.000000
0.000000
0.000000
0.000000
0.000000
0.000000
0.000000
0.000000
0.000000
0.000000
0.000000
0.000000
0.000000
0.000000
0.000000
0.000000
0.000000
0.000000
0.000000
0.000000
0.000000
0.000000
0.000000
0.000000
0.000000
0.000000
0.000000
0.000000
0.000000
0.000000
0.000000
0.000000
0.000000
0.000000
0.000000
0.000000
0.000000
0.000000
0.000000
0.000000
0.000000
0.000000
0.000000
0.000000
0.000000
0.378400
0.378400
0.378400
0.378400
0.378400
0.378400
0.378400
0.653200
0.653200
0.653200
0.653200
0.653200
0.653200
0.653200
0.928000
0.928000
0.928000
0.928000
0.928000
0.928000
0.928000
0.928000
0.928000
0.928000
0.928000
0.928000
0.928000
0.928000
0.928000
0.928000
0.928000
0.928000
1.203000
1.203000
1.203000
1.203000
1.203000
1.203000
1.203000
1.203000
1.203000
1.203000
1.203000
1.478000
1.478000
1.478000
1.478000
1.478000
1.478000
1.478000
1.478000
1.478000
1.752000
1.752000
1.752000
1.752000
2.027000
2.027000
2.027000
2.027000
2.027000
2.027000
2.027000
2.027000
2.027000
2.302000
2.302000
2.302000
2.302000
2.302000
2.302000
2.302000
2.302000
2.302000
2.302000
2.302000
2.302000
2.302000
2.577000
2.577000
2.577000
2.577000
2.577000
2.577000
2.577000
2.577000
2.577000
2.852000
2.852000
2.852000
2.852000
2.852000
2.852000
2.852000
2.852000
2.852000
3.127000
3.127000
3.127000
3.127000
3.127000
3.401000
3.401000
3.401000
3.401000
3.401000
3.401000
3.401000
3.401000
3.401000
3.401000
3.401000
3.676000
3.676000
3.676000
3.676000
3.676000
3.676000
3.676000
3.676000
3.676000
3.676000
3.676000
3.676000
3.676000
3.676000
3.676000
3.951000
3.951000
3.951000
3.951000
3.951000
3.951000
3.951000
3.951000
3.951000
4.226000
4.226000
4.226000
4.226000
4.226000
4.226000
4.226000
4.226000
4.226000
4.226000
4.226000
4.226000
4.226000
4.226000
4.226000
4.226000
4.226000
4.501000
4.501000
4.501000
4.501000
4.501000
4.501000
4.501000
4.501000
4.775000
4.775000
4.775000
4.775000
4.775000
4.775000
4.775000
4.775000
4.775000
4.775000
4.775000
4.775000
4.775000
4.775000
4.775000
5.050000
5.050000
5.050000
5.050000
5.050000
5.050000
5.325000
5.325000
5.325000
5.325000
5.325000
5.325000
5.325000
5.325000
5.325000
5.325000
5.325000
5.325000
5.600000
5.600000
5.600000
5.600000
5.600000
5.600000
5.600000
5.600000
5.600000
5.600000
5.600000
5.600000
5.875000
5.875000
5.875000
5.875000
5.875000
5.875000
5.875000
5.875000
5.875000
5.875000
5.875000
5.875000
5.875000
5.875000
5.875000
5.875000
6.150000
6.150000
6.150000
6.150000
6.150000
6.150000
6.150000
6.150000
6.150000
6.150000
6.150000
6.150000
6.424000
6.424000
6.424000
6.424000
6.424000
6.424000
6.699000
6.699000
6.699000
6.699000
6.699000
6.699000
6.699000
6.699000
6.974000
6.974000
6.974000
6.974000
6.974000
6.974000
6.974000
6.974000
6.974000
6.974000
7.249000
7.249000
7.249000
7.249000
7.249000
7.249000
7.249000
7.249000
7.249000
7.249000
7.249000
7.249000
7.524000
7.524000
7.524000
7.524000
7.524000
7.524000
7.524000
7.798000
7.798000
7.798000
7.798000
7.798000
7.798000
7.798000
7.798000
7.798000
7.798000
7.798000
7.798000
7.798000
7.798000
8.073000
8.073000
8.073000
8.073000
8.073000
8.073000
8.073000
8.073000
8.073000
8.348000
8.348000
8.348000
8.348000
8.348000
8.348000
8.348000
8.623000
8.623000
8.623000
8.623000
8.623000
8.623000
8.623000
8.623000
8.623000
8.623000
8.898000
8.898000
8.898000
8.898000
8.898000
8.898000
9.173000
9.173000
9.173000
9.173000
9.173000
9.173000
9.173000
9.173000
9.173000
9.447000
9.447000
9.447000
9.447000
9.447000
9.447000
9.447000
9.447000
9.447000
9.722000
9.722000
9.722000
9.722000
9.722000
9.722000
9.722000
9.722000
9.722000
9.722000
9.722000
9.722000
9.722000
9.997000
9.997000
9.997000
9.997000
9.997000
9.997000
9.997000
9.997000
10.270000
10.270000
10.270000
10.270000
10.270000
10.270000
10.550000
10.550000
10.550000
10.550000
10.550000
10.550000
10.550000
10.820000
10.820000
10.820000
10.820000
10.820000
10.820000
10.820000
11.100000
11.100000
11.100000
11.100000
11.100000
11.100000
11.100000
11.100000
11.100000
11.100000
11.100000
11.100000
11.100000
11.370000
11.370000
11.370000
11.370000
11.370000
11.370000
11.370000
11.370000
11.370000
11.370000
11.650000
11.650000
11.650000
11.650000
11.650000
11.650000
11.650000
11.650000
11.650000
11.650000
11.650000
11.920000
11.920000
11.920000
11.920000
11.920000
11.920000
11.920000
11.920000
11.920000
11.920000
12.200000
12.200000
12.200000
12.200000
12.200000
12.200000
12.200000
12.200000
12.200000
12.200000
12.200000
12.200000
12.470000
12.470000
12.470000
12.470000
12.470000
12.470000
12.470000
12.470000
12.470000
12.470000
12.470000
12.470000
12.470000
12.470000
12.470000
12.750000
12.750000
12.750000
12.750000
12.750000
12.750000
12.750000
12.750000
12.750000
12.750000
12.750000
13.990000
13.990000
13.990000
13.990000
13.990000
13.990000
13.990000
13.990000
13.990000
15.230000
15.230000
15.230000
15.230000
15.230000
15.230000
15.230000
15.230000
15.230000
15.230000
15.230000
16.469999
16.469999
16.469999
16.469999
16.469999
16.469999
16.469999
17.709999
17.709999
17.709999
17.709999
17.709999
17.709999
17.709999
17.709999
18.950001
18.950001
18.950001
18.950001
18.950001
18.950001
18.950001
18.950001
20.190001
20.190001
20.190001
20.190001
20.190001
20.190001
20.190001
20.190001
20.190001
20.190001
20.190001
21.430000
21.430000
21.430000
21.430000
21.430000
21.430000
22.670000
22.670000
22.670000
22.670000
22.670000
22.670000
22.670000
22.670000
22.670000
22.670000
22.670000
22.670000
22.670000
22.670000
22.670000
22.670000
22.670000
22.670000
23.910000
23.910000
23.910000
23.910000
23.910000
23.910000
25.150000
25.150000
25.150000
25.150000
25.150000
25.150000
25.150000
25.150000
25.150000
25.150000
25.150000
26.389999
26.389999
26.389999
26.389999
26.389999
26.389999
26.389999
26.389999
26.389999
26.389999
26.389999
26.389999
27.629999
27.629999
27.629999
27.629999
27.629999
27.629999
28.870001
28.870001
28.870001
28.870001
28.870001
28.870001
30.110001
30.110001
30.110001
30.110001
30.110001
30.110001
30.110001
30.110001
30.110001
30.110001
30.110001
31.350000
31.350000
31.350000
31.350000
31.350000
31.350000
31.350000
32.590000
32.590000
32.590000
32.590000
32.590000
32.590000
32.590000
32.590000
32.590000
32.590000
32.590000
32.590000
33.830002
33.830002
33.830002
33.830002
33.830002
33.830002
33.830002
33.830002
33.830002
35.070000
35.070000
35.070000
35.070000
35.070000
35.070000
36.310001
36.310001
36.310001
36.310001
36.310001
36.310001
36.310001
36.310001
36.310001
36.310001
36.310001
37.549999
37.549999
37.549999
37.549999
37.549999
37.549999
37.549999
37.549999
37.549999
37.549999
38.799999
38.799999
38.799999
38.799999
38.799999
38.799999
38.799999
38.799999
38.799999
38.799999
38.799999
38.799999
38.799999
40.040001
40.040001
40.040001
40.040001
40.040001
40.040001
40.040001
40.040001
40.040001
40.040001
41.279999
41.279999
41.279999
41.279999
41.279999
41.279999
41.279999
41.279999
41.279999
42.520000
42.520000
42.520000
42.520000
42.520000
42.520000
42.520000
42.520000
42.520000
42.520000
42.520000
42.520000
42.520000
43.759998
43.759998
43.759998
43.759998
43.759998
43.759998
43.759998
43.759998
43.759998
43.759998
43.759998
43.759998
43.759998
43.759998
43.759998
43.759998
43.759998
43.759998
45.000000
45.000000
45.000000
45.000000
45.000000
45.000000
45.000000
45.000000
45.000000
45.000000
45.000000
45.000000
46.240002
46.240002
46.240002
46.240002
46.240002
46.240002
46.240002
46.240002
46.240002
46.240002
46.240002
46.240002
47.480000
47.480000
47.480000
47.480000
47.480000
47.480000
47.480000
47.480000
47.480000
48.720001
48.720001
48.720001
48.720001
48.720001
48.720001
48.720001
48.720001
48.720001
48.720001
48.720001
48.720001
48.720001
48.720001
48.720001
49.959999
49.959999
49.959999
49.959999
49.959999
49.959999
49.959999
49.959999
51.200001
51.200001
51.200001
51.200001
51.200001
51.200001
51.200001
51.200001
51.200001
51.200001
51.200001
52.439999
52.439999
52.439999
52.439999
52.439999
52.439999
52.439999
53.680000
53.680000
53.680000
53.680000
53.680000
53.680000
53.680000
53.680000
53.680000
53.680000
53.680000
53.680000
53.680000
54.919998
54.919998
54.919998
54.919998
54.919998
54.919998
56.160000
56.160000
56.160000
56.160000
56.160000
57.400002
57.400002
57.400002
57.400002
57.400002
57.400002
57.400002
57.400002
58.639999
58.639999
58.639999
58.639999
58.639999
58.639999
58.639999
58.639999
58.639999
58.639999
58.639999
58.639999
58.639999
59.880001
59.880001
59.880001
59.880001
59.880001
59.880001
59.880001
61.119999
61.119999
61.119999
61.119999
61.119999
61.119999
61.119999
61.119999
61.119999
62.360001
62.360001
62.360001
62.360001
62.360001
62.360001
62.360001
62.360001
63.599998
63.599998
63.599998
63.599998
63.599998
63.599998
63.599998
63.599998
63.599998
63.599998
63.599998
63.599998
64.849998
64.849998
64.849998
64.849998
64.849998
64.849998
64.849998
64.849998
66.089996
66.089996
66.089996
66.089996
66.089996
66.089996
66.089996
66.089996
66.089996
67.330002
67.330002
67.330002
67.330002
68.570000
68.570000
68.570000
68.570000
68.570000
68.570000
68.570000
68.570000
68.570000
77.290001
77.290001
77.290001
77.290001
77.290001
77.290001
77.290001
77.290001
77.290001
86.010002
86.010002
86.010002
86.010002
86.010002
86.010002
86.010002
86.010002
86.010002
94.730003
94.730003
94.730003
94.730003
94.730003
94.730003
94.730003
94.730003
94.730003
94.730003
94.730003
94.730003
103.500000
103.500000
103.500000
103.500000
103.500000
103.500000
110.000000
110.000000
110.000000
110.000000
110.000000
110.000000
110.000000
110.000000
110.000000
