0.000000
0.000000
0.000000
0.000000
0.000000
0.000000
0.000000
0.000000
0.000000
0.000000
0.000000
0.000000
0.000000
0.000000
0.000000
0.000000
0.000000
0.000000
0.000000
0.000000
0.000000
0.000000
0.000000
0.000000
0.000000
0.000000
0.000000
0.000000
0.000000
0.000000
0.000000
0.000000
0.000000
0.000000
0.000000
0.000000
0.000000
0.000000
0.000000
0.000000
0.000000
0.000000
0.000000
0.154200
0.154200
0.154200
0.154200
0.154200
0.154200
0.154200
0.154200
0.154200
0.154200
0.154200
0.154200
0.285000
0.285000
0.285000
0.285000
0.285000
0.415800
0.415800
0.415800
0.415800
0.415800
0.415800
0.415800
0.415800
0.415800
0.415800
0.415800
0.415800
0.415800
0.546600
0.546600
0.546600
0.546600
0.546600
0.546600
0.546600
0.677400
0.677400
0.677400
0.677400
0.677400
0.677400
0.677400
0.677400
0.677400
0.677400
0.677400
0.808200
0.808200
0.808200
0.808200
0.808200
0.808200
0.808200
0.939000
0.939000
0.939000
0.939000
0.939000
0.939000
0.939000
1.070000
1.070000
1.070000
1.070000
1.070000
1.070000
1.070000
1.201000
1.201000
1.201000
1.201000
1.201000
1.201000
1.201000
1.201000
1.201000
1.201000
1.201000
1.201000
1.331000
1.331000
1.331000
1.331000
1.331000
1.331000
1.331000
1.331000
1.462000
1.462000
1.462000
1.462000
1.462000
1.462000
1.462000
1.462000
1.462000
1.462000
1.462000
1.462000
1.462000
1.462000
1.462000
1.462000
1.462000
1.462000
1.462000
1.593000
1.593000
1.593000
1.593000
1.593000
1.593000
1.724000
1.724000
1.724000
1.724000
1.724000
1.724000
1.724000
1.724000
1.724000
1.724000
1.724000
1.855000
1.855000
1.855000
1.855000
1.855000
1.855000
1.985000
1.985000
1.985000
1.985000
1.985000
1.985000
1.985000
1.985000
2.116000
2.116000
2.116000
2.116000
2.116000
2.116000
2.116000
2.116000
2.116000
2.116000
2.116000
2.247000
2.247000
2.247000
2.247000
2.247000
2.247000
2.247000
2.247000
2.247000
2.247000
2.247000
2.378000
2.378000
2.378000
2.378000
2.378000
2.378000
2.378000
2.378000
2.378000
2.509000
2.509000
2.509000
2.509000
2.509000
2.509000
2.509000
2.509000
2.509000
2.639000
2.639000
2.639000
2.639000
2.639000
2.639000
2.770000
2.770000
2.770000
2.770000
2.770000
2.770000
2.770000
2.770000
2.901000
2.901000
2.901000
2.901000
2.901000
2.901000
2.901000
2.901000
2.901000
2.901000
2.901000
2.901000
2.901000
3.032000
3.032000
3.032000
3.032000
3.032000
3.032000
3.032000
3.163000
3.163000
3.163000
3.163000
3.163000
3.163000
3.163000
3.293000
3.293000
3.293000
3.293000
3.293000
3.293000
3.293000
3.293000
3.424000
3.424000
3.424000
3.424000
3.424000
3.424000
3.424000
3.424000
3.424000
3.555000
3.555000
3.555000
3.555000
3.555000
3.555000
3.555000
3.555000
3.555000
3.686000
3.686000
3.686000
3.686000
3.686000
3.686000
3.686000
3.686000
3.817000
3.817000
3.817000
3.817000
3.817000
3.817000
3.947000
3.947000
3.947000
3.947000
3.947000
3.947000
3.947000
3.947000
3.947000
4.078000
4.078000
4.078000
4.078000
4.078000
4.078000
4.078000
4.078000
4.078000
4.078000
4.078000
4.209000
4.209000
4.209000
4.209000
4.209000
4.209000
4.209000
4.209000
4.209000
4.209000
4.209000
4.209000
4.209000
4.209000
4.209000
4.340000
4.340000
4.340000
4.340000
4.340000
4.340000
4.340000
4.340000
4.340000
4.340000
4.340000
4.340000
4.340000
4.340000
4.340000
4.340000
4.340000
4.471000
4.471000
4.471000
4.471000
4.471000
4.471000
4.471000
4.471000
4.471000
4.471000
4.471000
4.471000
4.601000
4.601000
4.601000
4.601000
4.601000
4.601000
4.601000
4.601000
4.601000
4.601000
4.601000
4.601000
4.601000
4.732000
4.732000
4.732000
4.732000
4.732000
4.732000
4.732000
4.732000
4.732000
4.732000
4.863000
4.863000
4.863000
4.863000
4.863000
4.863000
4.994000
4.994000
4.994000
4.994000
4.994000
4.994000
4.994000
4.994000
4.994000
4.994000
4.994000
4.994000
5.125000
5.125000
5.125000
5.125000
5.125000
5.125000
5.125000
5.125000
5.125000
5.125000
5.125000
5.125000
5.125000
5.125000
5.125000
5.125000
5.125000
5.125000
5.125000
5.125000
5.125000
5.125000
5.125000
5.125000
5.125000
5.125000
5.255000
5.255000
5.255000
5.255000
5.255000
5.255000
5.386000
5.386000
5.386000
5.386000
5.386000
5.386000
5.386000
5.386000
5.386000
5.517000
5.517000
5.517000
5.517000
5.517000
5.517000
5.648000
5.648000
5.648000
5.648000
5.648000
5.648000
5.779000
5.779000
5.779000
5.779000
5.779000
5.779000
5.779000
5.779000
5.909000
5.909000
5.909000
5.909000
5.909000
5.909000
5.909000
5.909000
5.909000
5.909000
6.040000
6.040000
6.040000
6.040000
6.040000
6.040000
6.040000
6.040000
6.040000
6.895000
6.895000
6.895000
6.895000
6.895000
6.895000
6.895000
6.895000
6.895000
6.895000
6.895000
6.895000
7.750000
7.750000
7.750000
7.750000
7.750000
7.750000
7.750000
7.750000
7.750000
8.605000
8.605000
8.605000
8.605000
8.605000
8.605000
8.605000
8.605000
8.605000
9.460000
9.460000
9.460000
9.460000
9.460000
9.460000
9.460000
9.460000
9.460000
10.310000
10.310000
10.310000
10.310000
10.310000
10.310000
10.310000
10.310000
10.310000
10.310000
10.310000
10.310000
10.310000
11.170000
11.170000
11.170000
11.170000
11.170000
11.170000
11.170000
11.170000
11.170000
11.170000
12.020000
12.020000
12.020000
12.020000
12.020000
12.020000
12.020000
12.020000
12.020000
12.020000
12.020000
12.020000
12.020000
12.020000
12.020000
12.020000
12.880000
12.880000
12.880000
12.880000
12.880000
12.880000
12.880000
12.880000
12.880000
12.880000
13.730000
13.730000
13.730000
13.730000
13.730000
13.730000
13.730000
14.590000
14.590000
14.590000
15.440000
15.440000
15.440000
15.440000
15.440000
15.440000
15.440000
15.440000
15.440000
15.440000
15.440000
16.299999
16.299999
16.299999
16.299999
16.299999
16.299999
16.299999
16.299999
16.299999
16.299999
17.150000
17.150000
17.150000
17.150000
17.150000
17.150000
17.150000
17.150000
18.010000
18.010000
18.010000
18.010000
18.010000
18.010000
18.010000
18.010000
18.010000
18.010000
18.010000
18.010000
18.010000
18.860001
18.860001
18.860001
18.860001
18.860001
18.860001
18.860001
18.860001
18.860001
19.719999
19.719999
19.719999
19.719999
19.719999
19.719999
19.719999
19.719999
20.570000
20.570000
20.570000
20.570000
20.570000
20.570000
20.570000
20.570000
21.430000
21.430000
21.430000
21.430000
21.430000
21.430000
21.430000
21.430000
21.430000
21.430000
21.430000
22.280001
22.280001
22.280001
22.280001
22.280001
22.280001
22.280001
22.280001
22.280001
22.280001
22.280001
22.280001
22.280001
22.280001
22.280001
23.139999
23.139999
23.139999
23.139999
23.139999
23.139999
23.139999
23.139999
23.139999
23.990000
23.990000
23.990000
23.990000
23.990000
23.990000
24.850000
24.850000
24.850000
24.850000
24.850000
24.850000
24.850000
24.850000
24.850000
25.700001
25.700001
25.700001
25.700001
25.700001
25.700001
25.700001
25.700001
25.700001
25.700001
25.700001
25.700001
26.559999
26.559999
26.559999
26.559999
26.559999
26.559999
27.410000
27.410000
27.410000
27.410000
27.410000
27.410000
27.410000
27.410000
27.410000
27.410000
27.410000
27.410000
27.410000
27.410000
28.270000
28.270000
28.270000
28.270000
28.270000
28.270000
28.270000
28.270000
28.270000
28.270000
28.270000
28.270000
29.120001
29.120001
29.120001
29.120001
29.120001
29.120001
29.120001
29.120001
29.120001
29.120001
29.120001
29.120001
29.120001
29.120001
29.120001
29.120001
29.120001
29.120001
29.120001
29.980000
29.980000
29.980000
29.980000
29.980000
29.980000
30.830000
30.830000
30.830000
30.830000
30.830000
30.830000
30.830000
30.830000
30.830000
30.830000
31.690001
31.690001
31.690001
31.690001
31.690001
31.690001
31.690001
31.690001
31.690001
31.690001
31.690001
31.690001
32.540001
32.540001
32.540001
32.540001
32.540001
32.540001
32.540001
32.540001
32.540001
32.540001
32.540001
33.389999
33.389999
33.389999
33.389999
33.389999
33.389999
33.389999
33.389999
34.250000
34.250000
34.250000
34.250000
34.250000
34.250000
34.250000
34.250000
34.250000
34.250000
35.099998
35.099998
35.099998
35.099998
35.099998
35.099998
35.099998
35.099998
35.099998
35.099998
35.099998
35.099998
35.959999
35.959999
35.959999
35.959999
35.959999
35.959999
35.959999
35.959999
35.959999
35.959999
35.959999
35.959999
36.810001
36.810001
36.810001
36.810001
36.810001
36.810001
36.810001
36.810001
36.810001
37.669998
37.669998
37.669998
37.669998
37.669998
37.669998
37.669998
37.669998
37.669998
37.669998
37.669998
38.520000
38.520000
38.520000
38.520000
38.520000
38.520000
38.520000
38.520000
38.520000
38.520000
38.520000
38.520000
39.380001
39.380001
39.380001
39.380001
39.380001
39.380001
39.380001
39.380001
39.380001
40.230000
40.230000
40.230000
40.230000
40.230000
40.230000
40.230000
40.230000
40.230000
41.090000
41.090000
41.090000
41.090000
41.090000
41.090000
41.090000
41.090000
41.090000
41.090000
41.090000
41.090000
41.090000
41.090000
41.939999
41.939999
41.939999
41.939999
41.939999
41.939999
41.939999
42.799999
42.799999
42.799999
42.799999
42.799999
42.799999
42.799999
42.799999
42.799999
43.650002
43.650002
43.650002
43.650002
43.650002
43.650002
43.650002
43.650002
43.650002
43.650002
43.650002
43.650002
44.509998
44.509998
44.509998
44.509998
44.509998
44.509998
44.509998
44.509998
44.509998
44.509998
44.509998
50.189999
50.189999
50.189999
50.189999
50.189999
50.189999
55.869999
55.869999
55.869999
55.869999
55.869999
55.869999
55.869999
55.869999
55.869999
55.869999
61.560001
61.560001
61.560001
61.560001
61.560001
61.560001
61.560001
61.560001
67.239998
67.239998
67.239998
67.239998
67.239998
67.239998
67.239998
67.239998
67.239998
67.239998
67.239998
67.239998
67.239998
67.239998
71.500000
71.500000
71.500000
71.500000
71.500000
71.500000
71.500000
71.500000
71.500000
71.500000
71.500000
71.500000
