0.000000
0.000000
0.000000
0.000000
0.000000
0.000000
0.000000
0.000000
0.000000
0.000000
0.000000
0.000000
0.000000
0.000000
0.000000
0.000000
0.000000
0.000000
0.000000
0.000000
0.000000
0.000000
0.000000
0.000000
0.000000
0.000000
0.000000
0.000000
0.000000
0.000000
0.000000
0.000000
0.000000
0.000000
0.000000
0.000000
0.000000
0.000000
0.000000
0.000000
0.000000
0.000000
0.000000
0.000000
0.000000
0.000000
0.000000
0.000000
0.000023
0.000023
0.000023
0.000023
0.000023
0.000023
0.044320
0.044320
0.044320
0.044320
0.044320
0.044320
0.044320
0.044320
0.044320
0.044320
0.044320
0.044320
0.044320
0.088620
0.088620
0.088620
0.088620
0.088620
0.088620
0.088620
0.088620
0.088620
0.132900
0.132900
0.132900
0.132900
0.132900
0.132900
0.132900
0.177200
0.177200
0.177200
0.177200
0.177200
0.177200
0.177200
0.177200
0.177200
0.177200
0.177200
0.221500
0.221500
0.221500
0.221500
0.221500
0.221500
0.221500
0.221500
0.221500
0.221500
0.221500
0.265800
0.265800
0.265800
0.265800
0.265800
0.310100
0.310100
0.310100
0.310100
0.310100
0.310100
0.354400
0.354400
0.354400
0.354400
0.354400
0.354400
0.354400
0.354400
0.398700
0.398700
0.398700
0.398700
0.398700
0.398700
0.398700
0.398700
0.398700
0.398700
0.398700
0.398700
0.398700
0.398700
0.398700
0.443000
0.443000
0.443000
0.443000
0.443000
0.443000
0.443000
0.443000
0.443000
0.443000
0.443000
0.443000
0.443000
0.443000
0.487300
0.487300
0.487300
0.487300
0.487300
0.487300
0.487300
0.487300
0.487300
0.531600
0.531600
0.531600
0.531600
0.531600
0.531600
0.531600
0.531600
0.531600
0.531600
0.575900
0.575900
0.575900
0.575900
0.575900
0.575900
0.575900
0.620200
0.620200
0.620200
0.620200
0.620200
0.620200
0.620200
0.620200
0.620200
0.664500
0.664500
0.664500
0.664500
0.664500
0.664500
0.664500
0.664500
0.708800
0.708800
0.708800
0.708800
0.708800
0.708800
0.708800
0.708800
0.708800
0.708800
0.708800
0.708800
0.708800
0.753100
0.753100
0.753100
0.753100
0.753100
0.753100
0.753100
0.797400
0.797400
0.797400
0.797400
0.797400
0.797400
0.797400
0.797400
0.797400
0.797400
0.797400
0.797400
0.841700
0.841700
0.841700
0.841700
0.841700
0.841700
0.841700
0.841700
0.841700
0.841700
0.841700
0.886000
0.886000
0.886000
0.886000
0.886000
0.886000
0.886000
0.886000
0.886000
0.886000
0.886000
0.886000
0.930300
0.930300
0.930300
0.930300
0.930300
0.930300
0.930300
0.930300
0.930300
0.930300
0.974600
0.974600
0.974600
0.974600
0.974600
0.974600
0.974600
0.974600
0.974600
0.974600
0.974600
0.974600
0.974600
1.019000
1.019000
1.019000
1.019000
1.019000
1.019000
1.019000
1.019000
1.019000
1.019000
1.019000
1.019000
1.019000
1.019000
1.019000
1.063000
1.063000
1.063000
1.063000
1.063000
1.063000
1.063000
1.063000
1.063000
1.063000
1.107000
1.107000
1.107000
1.107000
1.107000
1.107000
1.107000
1.107000
1.107000
1.107000
1.107000
1.152000
1.152000
1.152000
1.152000
1.152000
1.152000
1.152000
1.152000
1.152000
1.152000
1.152000
1.196000
1.196000
1.196000
1.196000
1.196000
1.196000
1.196000
1.196000
1.196000
1.196000
1.240000
1.240000
1.240000
1.240000
1.240000
1.240000
1.240000
1.240000
1.240000
1.285000
1.285000
1.285000
1.285000
1.285000
1.285000
1.285000
1.285000
1.285000
1.285000
1.285000
1.285000
1.329000
1.329000
1.329000
1.329000
1.329000
1.329000
1.329000
1.329000
1.373000
1.373000
1.373000
1.373000
1.373000
1.418000
1.418000
1.418000
1.418000
1.418000
1.418000
1.418000
1.418000
1.462000
1.462000
1.462000
1.462000
1.462000
1.462000
1.462000
1.462000
1.462000
1.462000
1.462000
1.462000
1.462000
1.462000
1.462000
1.462000
1.462000
1.506000
1.506000
1.506000
1.506000
1.506000
1.550000
1.550000
1.550000
1.550000
1.550000
1.550000
1.550000
1.550000
1.550000
1.550000
1.550000
1.550000
1.550000
1.595000
1.595000
1.595000
1.595000
1.595000
1.595000
1.595000
1.595000
1.595000
1.595000
1.639000
1.639000
1.639000
1.639000
1.639000
1.639000
1.639000
1.639000
1.639000
1.639000
1.639000
1.639000
1.639000
1.639000
1.639000
1.639000
1.683000
1.683000
1.683000
1.683000
1.683000
1.683000
1.683000
1.683000
1.683000
1.728000
1.728000
1.728000
1.728000
1.728000
1.728000
1.728000
1.728000
1.728000
1.772000
1.772000
1.772000
1.772000
1.772000
1.772000
1.772000
1.772000
1.772000
1.772000
1.772000
1.772000
1.772000
1.816000
1.816000
1.816000
1.816000
1.816000
1.816000
1.860000
1.860000
1.860000
1.860000
1.860000
1.860000
1.860000
1.860000
1.905000
1.905000
1.905000
1.905000
1.905000
1.905000
1.905000
1.905000
1.905000
1.905000
1.949000
1.949000
1.949000
1.949000
1.949000
1.949000
1.949000
1.949000
1.949000
1.949000
1.949000
1.993000
1.993000
1.993000
1.993000
1.993000
1.993000
1.993000
1.993000
2.850000
2.850000
2.850000
2.850000
2.850000
2.850000
2.850000
3.706000
3.706000
3.706000
3.706000
3.706000
3.706000
3.706000
3.706000
3.706000
3.706000
3.706000
4.562000
4.562000
4.562000
4.562000
4.562000
5.418000
5.418000
5.418000
5.418000
5.418000
5.418000
6.275000
6.275000
6.275000
6.275000
6.275000
6.275000
6.275000
6.275000
6.275000
6.275000
6.275000
6.275000
6.275000
6.275000
7.131000
7.131000
7.131000
7.131000
7.131000
7.131000
7.131000
7.131000
7.987000
7.987000
7.987000
7.987000
7.987000
7.987000
8.843000
8.843000
8.843000
8.843000
8.843000
8.843000
8.843000
8.843000
8.843000
8.843000
8.843000
9.700000
9.700000
9.700000
9.700000
9.700000
9.700000
9.700000
9.700000
9.700000
10.560000
10.560000
10.560000
10.560000
10.560000
11.410000
11.410000
11.410000
11.410000
11.410000
11.410000
11.410000
11.410000
12.270000
12.270000
12.270000
12.270000
12.270000
12.270000
12.270000
13.120000
13.120000
13.120000
13.120000
13.120000
13.120000
13.120000
13.120000
13.980000
13.980000
13.980000
13.980000
13.980000
13.980000
13.980000
13.980000
13.980000
13.980000
13.980000
13.980000
14.840000
14.840000
14.840000
14.840000
14.840000
14.840000
14.840000
14.840000
14.840000
14.840000
14.840000
14.840000
14.840000
14.840000
14.840000
15.690000
15.690000
15.690000
15.690000
15.690000
15.690000
15.690000
16.549999
16.549999
16.549999
16.549999
16.549999
16.549999
16.549999
16.549999
17.410000
17.410000
17.410000
17.410000
17.410000
17.410000
17.410000
17.410000
18.260000
18.260000
18.260000
18.260000
18.260000
18.260000
18.260000
18.260000
18.260000
18.260000
18.260000
18.260000
18.260000
18.260000
18.260000
19.120001
19.120001
19.120001
19.120001
19.120001
19.120001
19.120001
19.120001
19.120001
19.120001
19.969999
19.969999
19.969999
19.969999
19.969999
19.969999
19.969999
19.969999
19.969999
19.969999
19.969999
19.969999
19.969999
19.969999
19.969999
19.969999
19.969999
19.969999
19.969999
19.969999
19.969999
20.830000
20.830000
20.830000
20.830000
20.830000
20.830000
20.830000
20.830000
20.830000
21.690001
21.690001
21.690001
21.690001
21.690001
21.690001
21.690001
21.690001
22.540001
22.540001
22.540001
22.540001
22.540001
22.540001
22.540001
22.540001
22.540001
22.540001
22.540001
22.540001
22.540001
22.540001
22.540001
22.540001
22.540001
23.400000
23.400000
23.400000
23.400000
23.400000
23.400000
23.400000
23.400000
23.400000
23.400000
23.400000
24.260000
24.260000
24.260000
24.260000
25.110001
25.110001
25.110001
25.110001
25.110001
25.110001
25.110001
25.110001
25.110001
25.110001
25.110001
25.969999
25.969999
25.969999
25.969999
25.969999
25.969999
25.969999
25.969999
25.969999
25.969999
26.820000
26.820000
26.820000
26.820000
26.820000
26.820000
26.820000
26.820000
26.820000
26.820000
26.820000
27.680000
27.680000
27.680000
27.680000
27.680000
27.680000
27.680000
27.680000
27.680000
28.540001
28.540001
28.540001
28.540001
28.540001
28.540001
29.389999
29.389999
29.389999
29.389999
29.389999
29.389999
29.389999
29.389999
29.389999
29.389999
29.389999
30.250000
30.250000
30.250000
30.250000
30.250000
30.250000
30.250000
30.250000
30.250000
30.250000
30.250000
30.250000
30.250000
31.110001
31.110001
31.110001
31.110001
31.110001
31.110001
31.110001
31.110001
31.110001
31.959999
31.959999
31.959999
31.959999
31.959999
31.959999
31.959999
31.959999
32.820000
32.820000
32.820000
32.820000
32.820000
32.820000
32.820000
32.820000
32.820000
32.820000
32.820000
32.820000
32.820000
33.669998
33.669998
33.669998
33.669998
33.669998
33.669998
33.669998
33.669998
33.669998
33.669998
33.669998
33.669998
33.669998
34.529999
34.529999
34.529999
34.529999
34.529999
34.529999
34.529999
34.529999
34.529999
34.529999
34.529999
34.529999
35.389999
35.389999
35.389999
35.389999
35.389999
35.389999
35.389999
35.389999
36.240002
36.240002
36.240002
36.240002
36.240002
36.240002
36.240002
37.099998
37.099998
37.099998
37.099998
37.099998
37.099998
37.099998
37.099998
37.959999
37.959999
37.959999
37.959999
37.959999
37.959999
37.959999
37.959999
37.959999
37.959999
37.959999
37.959999
37.959999
38.810001
38.810001
38.810001
38.810001
38.810001
38.810001
38.810001
38.810001
38.810001
38.810001
39.669998
39.669998
39.669998
39.669998
39.669998
39.669998
39.669998
39.669998
39.669998
39.669998
39.669998
39.669998
39.669998
39.669998
40.520000
40.520000
40.520000
40.520000
40.520000
40.520000
40.520000
40.520000
40.520000
40.520000
40.520000
40.520000
40.520000
46.470001
46.470001
46.470001
46.470001
46.470001
46.470001
46.470001
46.470001
46.470001
46.470001
52.410000
52.410000
52.410000
52.410000
52.410000
52.410000
52.410000
58.349998
58.349998
58.349998
58.349998
58.349998
58.349998
58.349998
58.349998
58.349998
58.349998
58.349998
58.349998
64.290001
64.290001
64.290001
64.290001
64.290001
64.290001
68.750000
68.750000
68.750000
68.750000
68.750000
68.750000
68.750000
68.750000
