0.000000
0.000000
0.000000
0.000000
0.000000
0.000000
0.000000
0.000000
0.000000
0.000000
0.000000
0.000000
0.000000
0.000000
0.000000
0.000000
0.000000
0.000000
0.000000
0.000000
0.000000
0.000000
0.000000
0.000000
0.000000
0.000000
0.000000
0.000000
0.000000
0.000000
0.000000
0.000000
0.000000
0.000000
0.000000
0.000000
0.000000
0.000000
0.000000
0.000000
0.000000
0.000000
0.000000
0.000000
0.000000
0.475300
0.475300
0.475300
0.475300
0.475300
0.475300
0.574600
0.574600
0.574600
0.574600
0.574600
0.574600
0.574600
0.574600
0.574600
0.574600
0.574600
0.674000
0.674000
0.674000
0.674000
0.674000
0.674000
0.674000
0.674000
0.674000
0.674000
0.674000
0.674000
0.674000
0.674000
0.773300
0.773300
0.773300
0.773300
0.773300
0.773300
0.773300
0.773300
0.773300
0.773300
0.773300
0.872600
0.872600
0.872600
0.872600
0.872600
0.872600
0.872600
0.872600
0.872600
0.972000
0.972000
0.972000
0.972000
0.972000
0.972000
0.972000
0.972000
1.071000
1.071000
1.071000
1.071000
1.071000
1.071000
1.071000
1.071000
1.071000
1.071000
1.171000
1.171000
1.171000
1.171000
1.171000
1.171000
1.171000
1.171000
1.171000
1.270000
1.270000
1.270000
1.270000
1.270000
1.270000
1.270000
1.270000
1.270000
1.270000
1.369000
1.369000
1.369000
1.369000
1.369000
1.369000
1.369000
1.369000
1.369000
1.369000
1.369000
1.469000
1.469000
1.469000
1.469000
1.469000
1.568000
1.568000
1.568000
1.568000
1.568000
1.568000
1.568000
1.568000
1.568000
1.568000
1.568000
1.568000
1.568000
1.568000
1.667000
1.667000
1.667000
1.667000
1.667000
1.667000
1.667000
1.667000
1.667000
1.667000
1.667000
1.667000
1.767000
1.767000
1.767000
1.767000
1.767000
1.767000
1.767000
1.767000
1.866000
1.866000
1.866000
1.866000
1.866000
1.866000
1.965000
1.965000
1.965000
1.965000
1.965000
1.965000
1.965000
2.065000
2.065000
2.065000
2.065000
2.065000
2.065000
2.065000
2.065000
2.065000
2.065000
2.065000
2.065000
2.065000
2.164000
2.164000
2.164000
2.164000
2.164000
2.164000
2.164000
2.164000
2.263000
2.263000
2.263000
2.263000
2.263000
2.363000
2.363000
2.363000
2.363000
2.363000
2.363000
2.363000
2.363000
2.363000
2.363000
2.363000
2.363000
2.462000
2.462000
2.462000
2.462000
2.462000
2.462000
2.462000
2.462000
2.462000
2.462000
2.462000
2.462000
2.462000
2.462000
2.561000
2.561000
2.561000
2.561000
2.561000
2.561000
2.561000
2.561000
2.561000
2.561000
2.561000
2.661000
2.661000
2.661000
2.661000
2.661000
2.661000
2.661000
2.661000
2.661000
2.661000
2.661000
2.661000
2.661000
2.661000
2.661000
2.760000
2.760000
2.760000
2.760000
2.760000
2.760000
2.760000
2.760000
2.859000
2.859000
2.859000
2.859000
2.859000
2.859000
2.859000
2.859000
2.859000
2.959000
2.959000
2.959000
2.959000
2.959000
2.959000
2.959000
2.959000
2.959000
2.959000
2.959000
2.959000
3.058000
3.058000
3.058000
3.058000
3.058000
3.058000
3.058000
3.058000
3.058000
3.058000
3.058000
3.157000
3.157000
3.157000
3.157000
3.157000
3.157000
3.157000
3.157000
3.157000
3.157000
3.157000
3.257000
3.257000
3.257000
3.257000
3.257000
3.257000
3.257000
3.257000
3.257000
3.257000
3.356000
3.356000
3.356000
3.356000
3.356000
3.356000
3.356000
3.356000
3.356000
3.455000
3.455000
3.455000
3.455000
3.455000
3.455000
3.455000
3.455000
3.455000
3.455000
3.455000
3.455000
3.455000
3.455000
3.555000
3.555000
3.555000
3.555000
3.555000
3.555000
3.555000
3.555000
3.555000
3.654000
3.654000
3.654000
3.654000
3.654000
3.654000
3.654000
3.654000
3.654000
3.654000
3.654000
3.753000
3.753000
3.753000
3.753000
3.753000
3.753000
3.753000
3.753000
3.753000
3.753000
3.753000
3.853000
3.853000
3.853000
3.853000
3.853000
3.853000
3.853000
3.853000
3.853000
3.952000
3.952000
3.952000
3.952000
3.952000
3.952000
3.952000
3.952000
3.952000
3.952000
3.952000
3.952000
3.952000
4.051000
4.051000
4.051000
4.051000
4.051000
4.051000
4.051000
4.051000
4.051000
4.051000
4.051000
4.151000
4.151000
4.151000
4.151000
4.151000
4.151000
4.151000
4.151000
4.151000
4.151000
4.151000
4.250000
4.250000
4.250000
4.250000
4.250000
4.250000
4.250000
4.250000
4.250000
4.250000
4.349000
4.349000
4.349000
4.349000
4.349000
4.349000
4.349000
4.349000
4.349000
4.349000
4.349000
4.449000
4.449000
4.449000
4.449000
4.449000
4.449000
4.449000
4.548000
4.548000
4.548000
4.548000
4.548000
4.548000
4.647000
4.647000
4.647000
4.647000
4.647000
4.647000
4.647000
4.647000
4.647000
4.647000
4.747000
4.747000
4.747000
4.747000
4.747000
4.747000
4.747000
4.747000
4.747000
4.846000
4.846000
4.846000
4.846000
4.846000
4.846000
4.846000
4.846000
4.846000
4.846000
4.846000
4.945000
4.945000
4.945000
4.945000
4.945000
4.945000
4.945000
4.945000
4.945000
4.945000
4.945000
5.848000
5.848000
5.848000
5.848000
5.848000
5.848000
5.848000
5.848000
5.848000
5.848000
5.848000
5.848000
6.750000
6.750000
6.750000
6.750000
7.653000
7.653000
7.653000
7.653000
7.653000
7.653000
7.653000
7.653000
7.653000
7.653000
7.653000
7.653000
8.555000
8.555000
8.555000
8.555000
8.555000
8.555000
8.555000
8.555000
8.555000
8.555000
9.457000
9.457000
9.457000
9.457000
9.457000
9.457000
9.457000
9.457000
9.457000
9.457000
9.457000
10.360000
10.360000
10.360000
10.360000
10.360000
10.360000
10.360000
10.360000
10.360000
10.360000
10.360000
10.360000
11.260000
11.260000
11.260000
11.260000
11.260000
11.260000
11.260000
11.260000
11.260000
11.260000
11.260000
11.260000
11.260000
12.160000
12.160000
12.160000
12.160000
12.160000
12.160000
12.160000
12.160000
12.160000
13.070000
13.070000
13.070000
13.070000
13.070000
13.070000
13.070000
13.070000
13.070000
13.070000
13.070000
13.070000
13.070000
13.970000
13.970000
13.970000
13.970000
13.970000
13.970000
13.970000
13.970000
13.970000
13.970000
13.970000
14.870000
14.870000
14.870000
14.870000
14.870000
14.870000
14.870000
14.870000
15.770000
15.770000
15.770000
15.770000
15.770000
15.770000
16.680000
16.680000
16.680000
16.680000
16.680000
16.680000
16.680000
17.580000
17.580000
17.580000
17.580000
17.580000
17.580000
17.580000
17.580000
17.580000
17.580000
18.480000
18.480000
18.480000
18.480000
18.480000
18.480000
18.480000
18.480000
18.480000
18.480000
18.480000
18.480000
19.379999
19.379999
19.379999
19.379999
20.290001
20.290001
20.290001
20.290001
20.290001
20.290001
20.290001
20.290001
20.290001
21.190001
21.190001
21.190001
21.190001
21.190001
21.190001
21.190001
21.190001
21.190001
22.090000
22.090000
22.090000
22.090000
22.090000
22.090000
22.090000
22.090000
22.990000
22.990000
22.990000
22.990000
22.990000
22.990000
22.990000
22.990000
22.990000
22.990000
23.889999
23.889999
23.889999
23.889999
23.889999
23.889999
23.889999
24.799999
24.799999
24.799999
24.799999
24.799999
24.799999
24.799999
24.799999
24.799999
25.700001
25.700001
25.700001
25.700001
25.700001
25.700001
25.700001
25.700001
25.700001
25.700001
25.700001
25.700001
26.600000
26.600000
26.600000
26.600000
26.600000
26.600000
27.500000
27.500000
27.500000
27.500000
27.500000
27.500000
27.500000
27.500000
27.500000
27.500000
28.410000
28.410000
28.410000
28.410000
28.410000
28.410000
28.410000
29.309999
29.309999
29.309999
29.309999
29.309999
29.309999
29.309999
29.309999
29.309999
30.209999
30.209999
30.209999
30.209999
30.209999
30.209999
30.209999
31.110001
31.110001
31.110001
31.110001
31.110001
31.110001
31.110001
31.110001
31.110001
31.110001
31.110001
32.020000
32.020000
32.020000
32.020000
32.020000
32.020000
32.020000
32.919998
32.919998
32.919998
32.919998
32.919998
32.919998
32.919998
32.919998
32.919998
32.919998
33.820000
33.820000
33.820000
33.820000
33.820000
33.820000
33.820000
33.820000
33.820000
33.820000
33.820000
33.820000
34.720001
34.720001
34.720001
34.720001
34.720001
34.720001
34.720001
34.720001
34.720001
34.720001
34.720001
34.720001
35.630001
35.630001
35.630001
35.630001
35.630001
35.630001
35.630001
35.630001
35.630001
35.630001
35.630001
35.630001
35.630001
35.630001
35.630001
35.630001
36.529999
36.529999
36.529999
36.529999
36.529999
36.529999
36.529999
36.529999
36.529999
36.529999
36.529999
36.529999
36.529999
36.529999
36.529999
36.529999
37.430000
37.430000
37.430000
37.430000
37.430000
37.430000
37.430000
37.430000
37.430000
38.330002
38.330002
38.330002
38.330002
38.330002
38.330002
38.330002
38.330002
38.330002
38.330002
38.330002
39.230000
39.230000
39.230000
39.230000
39.230000
39.230000
39.230000
39.230000
40.139999
40.139999
40.139999
40.139999
40.139999
41.040001
41.040001
41.040001
41.040001
41.040001
41.040001
41.040001
41.939999
41.939999
41.939999
41.939999
41.939999
41.939999
41.939999
41.939999
41.939999
41.939999
41.939999
41.939999
41.939999
41.939999
41.939999
41.939999
41.939999
42.840000
42.840000
42.840000
42.840000
42.840000
42.840000
42.840000
42.840000
42.840000
42.840000
42.840000
42.840000
42.840000
42.840000
42.840000
42.840000
43.750000
43.750000
43.750000
43.750000
43.750000
43.750000
43.750000
43.750000
43.750000
43.750000
44.650002
44.650002
44.650002
44.650002
44.650002
44.650002
44.650002
44.650002
44.650002
44.650002
44.650002
44.650002
44.650002
45.549999
45.549999
45.549999
45.549999
45.549999
45.549999
45.549999
45.549999
45.549999
51.009998
51.009998
51.009998
51.009998
51.009998
51.009998
51.009998
51.009998
51.009998
51.009998
51.009998
51.009998
51.009998
51.009998
51.009998
51.009998
56.480000
56.480000
56.480000
56.480000
56.480000
56.480000
56.480000
56.480000
56.480000
61.939999
61.939999
61.939999
61.939999
61.939999
67.400002
67.400002
67.400002
67.400002
67.400002
67.400002
67.400002
67.400002
67.400002
71.500000
71.500000
71.500000
71.500000
71.500000
71.500000
71.500000
