0.000000
0.000000
0.000000
0.000000
0.000000
0.000000
0.000000
0.000000
0.000000
0.000000
0.000000
0.000000
0.000000
0.000000
0.000000
0.000000
0.000000
0.000000
0.000000
0.000000
0.000000
0.000000
0.000000
0.000000
0.000000
0.000000
0.000000
0.000000
0.000000
0.000000
0.000000
0.000000
0.000000
0.000000
0.000000
0.000000
0.000000
0.000000
0.452500
0.452500
0.452500
0.452500
0.452500
0.452500
0.452500
0.452500
0.452500
0.452500
0.452500
0.452500
0.452500
0.452500
0.452500
2.307000
2.307000
2.307000
2.307000
2.307000
2.307000
2.307000
2.307000
2.564000
2.564000
2.564000
2.564000
2.564000
2.564000
2.564000
2.564000
2.564000
2.821000
2.821000
2.821000
2.821000
2.821000
2.821000
2.821000
2.821000
2.821000
2.821000
2.821000
2.821000
3.078000
3.078000
3.078000
3.078000
3.078000
3.078000
3.078000
3.335000
3.335000
3.335000
3.335000
3.335000
3.335000
3.335000
3.335000
3.592000
3.592000
3.592000
3.592000
3.592000
3.592000
3.592000
3.592000
3.592000
3.592000
3.592000
3.592000
3.849000
3.849000
3.849000
3.849000
3.849000
3.849000
3.849000
3.849000
3.849000
3.849000
3.849000
4.106000
4.106000
4.106000
4.106000
4.106000
4.106000
4.106000
4.106000
4.106000
4.363000
4.363000
4.363000
4.363000
4.363000
4.363000
4.363000
4.363000
4.363000
4.620000
4.620000
4.620000
4.620000
4.620000
4.620000
4.620000
4.620000
4.620000
4.620000
4.620000
4.620000
4.620000
4.877000
4.877000
4.877000
4.877000
4.877000
5.134000
5.134000
5.134000
5.134000
5.134000
5.134000
5.134000
5.391000
5.391000
5.391000
5.391000
5.391000
5.391000
5.391000
5.391000
5.391000
5.391000
5.391000
5.648000
5.648000
5.648000
5.648000
5.648000
5.648000
5.648000
5.648000
5.648000
5.648000
5.648000
5.648000
5.905000
5.905000
5.905000
5.905000
5.905000
6.162000
6.162000
6.162000
6.162000
6.162000
6.162000
6.162000
6.162000
6.162000
6.162000
6.162000
6.162000
6.419000
6.419000
6.419000
6.419000
6.419000
6.419000
6.419000
6.419000
6.676000
6.676000
6.676000
6.676000
6.676000
6.676000
6.933000
6.933000
6.933000
6.933000
6.933000
6.933000
6.933000
6.933000
7.190000
7.190000
7.190000
7.190000
7.190000
7.447000
7.447000
7.447000
7.447000
7.447000
7.447000
7.447000
7.447000
7.447000
7.447000
7.447000
7.447000
7.447000
7.447000
7.704000
7.704000
7.704000
7.704000
7.704000
7.704000
7.704000
7.704000
7.961000
7.961000
7.961000
7.961000
7.961000
7.961000
7.961000
7.961000
7.961000
7.961000
7.961000
7.961000
7.961000
8.218000
8.218000
8.218000
8.218000
8.218000
8.218000
8.218000
8.218000
8.218000
8.218000
8.218000
8.475000
8.475000
8.475000
8.475000
8.475000
8.475000
8.475000
8.732000
8.732000
8.732000
8.732000
8.732000
8.732000
8.732000
8.732000
8.732000
8.732000
8.732000
8.732000
8.989000
8.989000
8.989000
8.989000
8.989000
8.989000
8.989000
9.246000
9.246000
9.246000
9.246000
9.246000
9.246000
9.246000
9.246000
9.246000
9.246000
9.503000
9.503000
9.503000
9.503000
9.503000
9.503000
9.503000
9.503000
9.503000
9.503000
9.760000
9.760000
9.760000
9.760000
9.760000
9.760000
9.760000
9.760000
9.760000
9.760000
9.760000
9.760000
9.760000
9.760000
9.760000
10.020000
10.020000
10.020000
10.020000
10.020000
10.020000
10.020000
10.020000
10.020000
10.270000
10.270000
10.270000
10.270000
10.270000
10.270000
10.270000
10.270000
10.270000
10.270000
10.530000
10.530000
10.530000
10.530000
10.530000
10.530000
10.530000
10.790000
10.790000
10.790000
10.790000
10.790000
10.790000
10.790000
10.790000
10.790000
11.040000
11.040000
11.040000
11.040000
11.040000
11.040000
11.040000
11.040000
11.040000
11.300000
11.300000
11.300000
11.300000
11.300000
11.300000
11.300000
11.300000
11.300000
11.300000
11.300000
11.300000
11.300000
11.300000
11.560000
11.560000
11.560000
11.560000
11.560000
11.560000
11.560000
11.560000
11.560000
11.560000
11.820000
11.820000
11.820000
11.820000
11.820000
11.820000
12.070000
12.070000
12.070000
12.070000
12.070000
12.070000
12.070000
12.070000
12.070000
12.070000
12.070000
12.330000
12.330000
12.330000
12.330000
12.330000
12.330000
12.330000
12.330000
12.330000
12.590000
12.590000
12.590000
12.590000
12.590000
12.590000
12.590000
12.590000
12.590000
12.590000
12.840000
12.840000
12.840000
12.840000
12.840000
12.840000
12.840000
12.840000
12.840000
13.100000
13.100000
13.100000
13.100000
13.100000
13.100000
13.360000
13.360000
13.360000
13.360000
13.360000
13.360000
13.360000
13.360000
13.360000
13.360000
13.360000
13.610000
13.610000
13.610000
13.610000
13.610000
13.610000
13.610000
13.610000
13.610000
13.610000
13.610000
13.610000
13.610000
13.870000
13.870000
13.870000
13.870000
13.870000
13.870000
13.870000
13.870000
13.870000
13.870000
14.730000
14.730000
14.730000
14.730000
14.730000
14.730000
14.730000
14.730000
14.730000
15.580000
15.580000
15.580000
15.580000
15.580000
15.580000
15.580000
15.580000
15.580000
16.430000
16.430000
16.430000
17.290001
17.290001
17.290001
17.290001
17.290001
17.290001
17.290001
17.290001
17.290001
18.139999
18.139999
18.139999
18.139999
18.139999
18.139999
18.139999
18.139999
18.139999
18.139999
18.139999
18.990000
18.990000
18.990000
18.990000
18.990000
18.990000
18.990000
18.990000
19.850000
19.850000
19.850000
19.850000
19.850000
19.850000
19.850000
19.850000
19.850000
19.850000
19.850000
19.850000
20.700001
20.700001
20.700001
20.700001
20.700001
20.700001
20.700001
21.549999
21.549999
21.549999
21.549999
21.549999
21.549999
21.549999
21.549999
22.410000
22.410000
22.410000
22.410000
22.410000
22.410000
22.410000
22.410000
22.410000
22.410000
22.410000
22.410000
23.260000
23.260000
23.260000
23.260000
23.260000
23.260000
23.260000
23.260000
23.260000
23.260000
24.110001
24.110001
24.110001
24.110001
24.110001
24.110001
24.110001
24.110001
24.110001
24.110001
24.110001
24.110001
24.110001
24.110001
24.110001
24.969999
24.969999
24.969999
25.820000
25.820000
25.820000
25.820000
26.670000
26.670000
26.670000
26.670000
26.670000
26.670000
26.670000
26.670000
26.670000
26.670000
26.670000
26.670000
26.670000
27.530001
27.530001
27.530001
27.530001
27.530001
27.530001
27.530001
27.530001
27.530001
27.530001
27.530001
27.530001
27.530001
27.530001
27.530001
27.530001
27.530001
28.379999
28.379999
28.379999
28.379999
28.379999
28.379999
28.379999
28.379999
28.379999
28.379999
28.379999
29.230000
29.230000
29.230000
29.230000
29.230000
29.230000
29.230000
29.230000
29.230000
29.230000
29.230000
29.230000
29.230000
29.230000
29.230000
29.230000
30.090000
30.090000
30.090000
30.090000
30.090000
30.090000
30.090000
30.090000
30.090000
30.090000
30.090000
30.090000
30.940001
30.940001
30.940001
30.940001
30.940001
30.940001
30.940001
30.940001
30.940001
31.790001
31.790001
31.790001
31.790001
31.790001
31.790001
31.790001
31.790001
31.790001
31.790001
31.790001
32.650002
32.650002
32.650002
32.650002
32.650002
32.650002
32.650002
33.500000
33.500000
33.500000
33.500000
33.500000
33.500000
33.500000
33.500000
33.500000
33.500000
33.500000
34.349998
34.349998
34.349998
34.349998
34.349998
34.349998
34.349998
34.349998
35.209999
35.209999
35.209999
35.209999
35.209999
36.060001
36.060001
36.060001
36.060001
36.060001
36.060001
36.060001
36.060001
36.060001
36.910000
36.910000
36.910000
36.910000
36.910000
36.910000
36.910000
36.910000
36.910000
36.910000
37.770000
37.770000
37.770000
37.770000
37.770000
37.770000
37.770000
37.770000
37.770000
37.770000
37.770000
38.619999
38.619999
38.619999
38.619999
38.619999
38.619999
38.619999
38.619999
39.470001
39.470001
39.470001
39.470001
39.470001
39.470001
39.470001
39.470001
40.330002
40.330002
40.330002
40.330002
40.330002
40.330002
40.330002
40.330002
40.330002
40.330002
41.180000
41.180000
41.180000
41.180000
41.180000
41.180000
41.180000
41.180000
41.180000
41.180000
41.180000
41.180000
41.180000
41.180000
41.180000
41.180000
41.180000
42.029999
42.029999
42.029999
42.029999
42.029999
42.029999
42.029999
42.029999
42.029999
42.029999
42.889999
42.889999
42.889999
42.889999
42.889999
42.889999
42.889999
42.889999
42.889999
42.889999
42.889999
42.889999
42.889999
42.889999
42.889999
43.740002
43.740002
43.740002
43.740002
43.740002
43.740002
43.740002
43.740002
43.740002
43.740002
44.590000
44.590000
44.590000
44.590000
44.590000
44.590000
44.590000
44.590000
44.590000
45.450001
45.450001
45.450001
45.450001
46.299999
46.299999
46.299999
46.299999
46.299999
46.299999
47.150002
47.150002
47.150002
47.150002
47.150002
47.150002
47.150002
47.150002
47.150002
47.150002
47.150002
47.150002
48.009998
48.009998
48.009998
48.009998
48.009998
48.009998
48.009998
48.009998
48.009998
48.860001
48.860001
48.860001
48.860001
48.860001
48.860001
48.860001
48.860001
48.860001
48.860001
49.709999
49.709999
49.709999
49.709999
49.709999
49.709999
49.709999
49.709999
49.709999
49.709999
49.709999
50.570000
50.570000
50.570000
50.570000
50.570000
50.570000
51.419998
51.419998
51.419998
51.419998
51.419998
51.419998
51.419998
51.419998
51.419998
51.419998
51.419998
51.419998
51.419998
51.419998
51.419998
51.419998
52.270000
52.270000
52.270000
52.270000
52.270000
52.270000
52.270000
52.270000
52.270000
52.270000
52.270000
52.270000
52.270000
52.270000
52.270000
52.270000
56.320000
56.320000
56.320000
56.320000
56.320000
56.320000
56.320000
56.320000
56.320000
56.320000
56.320000
60.369999
60.369999
60.369999
60.369999
60.369999
60.369999
60.369999
60.369999
60.369999
60.369999
60.369999
60.369999
60.369999
60.369999
60.369999
60.369999
60.369999
64.419998
64.419998
64.419998
64.419998
64.419998
64.419998
64.419998
64.419998
64.419998
64.419998
64.419998
64.419998
64.419998
68.459999
68.459999
68.459999
68.459999
68.459999
68.459999
68.459999
71.500000
71.500000
71.500000
71.500000
71.500000
71.500000
71.500000
71.500000
71.500000
71.500000
71.500000
71.500000
71.500000
71.500000
71.500000
