0.000000
0.000000
0.000000
0.000000
0.000000
0.000000
0.000000
0.000000
0.000000
0.000000
0.000000
0.000000
0.000000
0.000000
0.000000
0.000000
0.000000
0.000000
0.000000
0.000000
0.000000
0.000000
0.000000
0.000000
0.000000
0.000000
0.000000
0.000000
0.000000
0.000000
0.000000
0.000000
0.000000
0.000000
0.000000
0.000000
0.000000
0.000000
0.000000
0.000000
0.000000
0.000000
0.000000
1.548000
1.548000
1.548000
1.548000
1.548000
1.548000
1.548000
3.910000
3.910000
3.910000
3.910000
3.910000
3.910000
3.910000
3.910000
4.351000
4.351000
4.351000
4.351000
4.351000
4.351000
4.351000
4.351000
4.791000
4.791000
4.791000
4.791000
4.791000
4.791000
5.231000
5.231000
5.231000
5.231000
5.231000
5.231000
5.231000
5.231000
5.231000
5.231000
5.231000
5.231000
5.231000
5.672000
5.672000
5.672000
5.672000
5.672000
5.672000
5.672000
5.672000
5.672000
6.112000
6.112000
6.112000
6.112000
6.112000
6.112000
6.112000
6.112000
6.112000
6.112000
6.112000
6.553000
6.553000
6.553000
6.553000
6.553000
6.553000
6.553000
6.553000
6.553000
6.993000
6.993000
6.993000
6.993000
7.433000
7.433000
7.433000
7.433000
7.433000
7.433000
7.433000
7.874000
7.874000
7.874000
7.874000
7.874000
7.874000
7.874000
7.874000
7.874000
7.874000
7.874000
7.874000
7.874000
7.874000
7.874000
8.314000
8.314000
8.314000
8.314000
8.314000
8.314000
8.314000
8.314000
8.755000
8.755000
8.755000
8.755000
8.755000
8.755000
8.755000
8.755000
8.755000
8.755000
8.755000
8.755000
8.755000
9.195000
9.195000
9.195000
9.195000
9.195000
9.195000
9.195000
9.195000
9.195000
9.195000
9.195000
9.635000
9.635000
9.635000
9.635000
9.635000
9.635000
9.635000
9.635000
9.635000
9.635000
9.635000
9.635000
9.635000
9.635000
10.080000
10.080000
10.080000
10.080000
10.080000
10.520000
10.520000
10.520000
10.520000
10.520000
10.520000
10.520000
10.960000
10.960000
10.960000
10.960000
10.960000
10.960000
10.960000
10.960000
10.960000
10.960000
10.960000
10.960000
11.400000
11.400000
11.400000
11.400000
11.400000
11.400000
11.400000
11.400000
11.400000
11.840000
11.840000
11.840000
11.840000
11.840000
11.840000
11.840000
11.840000
12.280000
12.280000
12.280000
12.280000
12.280000
12.280000
12.280000
12.280000
12.280000
12.720000
12.720000
12.720000
12.720000
12.720000
12.720000
12.720000
12.720000
13.160000
13.160000
13.160000
13.160000
13.160000
13.160000
13.160000
13.160000
13.160000
13.160000
13.160000
13.160000
13.160000
13.160000
13.160000
13.160000
13.600000
13.600000
13.600000
13.600000
13.600000
13.600000
13.600000
14.040000
14.040000
14.040000
14.040000
14.040000
14.040000
14.040000
14.040000
14.040000
14.040000
14.040000
14.040000
14.480000
14.480000
14.480000
14.480000
14.480000
14.480000
14.480000
14.480000
14.480000
14.480000
14.480000
14.480000
14.480000
14.480000
14.480000
14.920000
14.920000
14.920000
14.920000
14.920000
14.920000
14.920000
14.920000
14.920000
14.920000
14.920000
15.360000
15.360000
15.360000
15.360000
15.360000
15.360000
15.360000
15.360000
15.800000
15.800000
15.800000
15.800000
15.800000
15.800000
15.800000
15.800000
15.800000
16.240000
16.240000
16.240000
16.240000
16.240000
16.240000
16.240000
16.240000
16.240000
16.240000
16.680000
16.680000
16.680000
16.680000
16.680000
16.680000
16.680000
16.680000
16.680000
17.120001
17.120001
17.120001
17.120001
17.120001
17.120001
17.120001
17.120001
17.120001
17.120001
17.120001
17.559999
17.559999
17.559999
17.559999
17.559999
17.559999
17.559999
17.559999
18.000000
18.000000
18.000000
18.000000
18.000000
18.000000
18.000000
18.000000
18.000000
18.000000
18.000000
18.000000
18.000000
18.000000
18.000000
18.440001
18.440001
18.440001
18.440001
18.440001
18.440001
18.440001
18.440001
18.440001
18.440001
18.440001
18.440001
18.440001
18.879999
18.879999
18.879999
18.879999
18.879999
19.320000
19.320000
19.320000
19.320000
19.320000
19.320000
19.320000
19.320000
19.320000
19.320000
19.320000
19.760000
19.760000
19.760000
19.760000
19.760000
19.760000
19.760000
19.760000
19.760000
19.760000
19.760000
19.760000
19.760000
19.760000
19.760000
20.200001
20.200001
20.200001
20.200001
20.200001
20.200001
20.650000
20.650000
20.650000
20.650000
21.090000
21.090000
21.090000
21.090000
21.090000
21.090000
21.090000
21.090000
21.090000
21.530001
21.530001
21.530001
21.530001
21.530001
21.530001
21.969999
21.969999
21.969999
21.969999
21.969999
21.969999
21.969999
21.969999
21.969999
22.410000
22.410000
22.410000
22.410000
22.410000
22.410000
22.410000
22.410000
22.410000
22.850000
22.850000
22.850000
22.850000
22.850000
22.850000
22.850000
22.850000
22.850000
23.290001
23.290001
23.290001
23.290001
23.290001
23.290001
23.290001
23.290001
23.290001
23.290001
23.730000
23.730000
23.730000
23.730000
23.730000
23.730000
23.730000
23.730000
23.730000
24.400000
24.400000
24.400000
24.400000
24.400000
24.400000
25.070000
25.070000
25.070000
25.070000
25.070000
25.070000
25.070000
25.730000
25.730000
25.730000
25.730000
25.730000
25.730000
25.730000
25.730000
25.730000
25.730000
25.730000
25.730000
25.730000
26.400000
26.400000
26.400000
26.400000
26.400000
26.400000
26.400000
26.400000
26.400000
26.400000
27.070000
27.070000
27.070000
27.070000
27.740000
27.740000
27.740000
27.740000
27.740000
27.740000
27.740000
27.740000
27.740000
27.740000
27.740000
28.410000
28.410000
28.410000
28.410000
28.410000
28.410000
28.410000
28.410000
28.410000
28.410000
28.410000
28.410000
28.410000
28.410000
28.410000
29.080000
29.080000
29.080000
29.080000
29.080000
29.080000
29.080000
29.080000
29.080000
29.080000
29.750000
29.750000
29.750000
29.750000
29.750000
29.750000
29.750000
29.750000
29.750000
29.750000
30.410000
30.410000
30.410000
30.410000
30.410000
30.410000
30.410000
30.410000
30.410000
30.410000
30.410000
31.080000
31.080000
31.080000
31.080000
31.080000
31.080000
31.080000
31.080000
31.080000
31.080000
31.080000
31.080000
31.750000
31.750000
31.750000
31.750000
31.750000
31.750000
31.750000
31.750000
31.750000
31.750000
31.750000
31.750000
31.750000
32.419998
32.419998
32.419998
32.419998
32.419998
32.419998
32.419998
32.419998
32.419998
32.419998
32.419998
32.419998
33.090000
33.090000
33.090000
33.090000
33.090000
33.090000
33.090000
33.090000
33.090000
33.090000
33.090000
33.090000
33.090000
33.090000
33.090000
33.090000
33.090000
33.090000
33.759998
33.759998
33.759998
33.759998
33.759998
33.759998
33.759998
33.759998
33.759998
34.430000
34.430000
34.430000
34.430000
34.430000
34.430000
34.430000
35.090000
35.090000
35.090000
35.090000
35.090000
35.090000
35.090000
35.090000
35.759998
35.759998
35.759998
35.759998
35.759998
35.759998
35.759998
35.759998
35.759998
36.430000
36.430000
36.430000
36.430000
36.430000
36.430000
36.430000
36.430000
36.430000
36.430000
37.099998
37.099998
37.099998
37.099998
37.099998
37.099998
37.770000
37.770000
37.770000
37.770000
37.770000
37.770000
37.770000
37.770000
38.439999
38.439999
38.439999
38.439999
38.439999
38.439999
38.439999
38.439999
38.439999
38.439999
39.110001
39.110001
39.110001
39.110001
39.110001
39.110001
39.110001
39.110001
39.110001
39.110001
39.770000
39.770000
39.770000
39.770000
39.770000
39.770000
39.770000
39.770000
39.770000
39.770000
39.770000
39.770000
39.770000
40.439999
40.439999
40.439999
40.439999
40.439999
40.439999
40.439999
41.110001
41.110001
41.110001
41.110001
41.110001
41.110001
41.110001
41.779999
41.779999
41.779999
41.779999
41.779999
41.779999
41.779999
41.779999
42.450001
42.450001
42.450001
42.450001
42.450001
42.450001
42.450001
42.450001
42.450001
42.450001
42.450001
43.119999
43.119999
43.119999
43.119999
43.119999
43.119999
43.119999
43.119999
43.119999
43.119999
43.119999
43.119999
43.790001
43.790001
43.790001
43.790001
43.790001
43.790001
43.790001
43.790001
43.790001
43.790001
43.790001
44.450001
44.450001
44.450001
44.450001
44.450001
44.450001
44.450001
44.450001
45.119999
45.119999
45.119999
45.119999
45.119999
45.119999
45.119999
45.119999
45.119999
45.119999
45.119999
45.119999
45.790001
45.790001
45.790001
45.790001
45.790001
45.790001
45.790001
45.790001
45.790001
45.790001
45.790001
45.790001
45.790001
46.459999
46.459999
46.459999
46.459999
46.459999
46.459999
46.459999
46.459999
46.459999
46.459999
47.130001
47.130001
47.130001
47.130001
47.130001
47.130001
47.130001
47.130001
47.130001
47.130001
47.130001
47.130001
47.799999
47.799999
47.799999
47.799999
47.799999
47.799999
47.799999
47.799999
48.470001
48.470001
48.470001
48.470001
48.470001
48.470001
48.470001
48.470001
48.470001
48.470001
48.470001
49.130001
49.130001
49.130001
49.130001
49.130001
49.130001
49.130001
49.799999
49.799999
49.799999
49.799999
49.799999
49.799999
49.799999
49.799999
49.799999
49.799999
49.799999
49.799999
49.799999
49.799999
49.799999
50.470001
50.470001
50.470001
50.470001
50.470001
50.470001
50.470001
50.470001
50.470001
50.470001
50.470001
50.470001
50.470001
50.470001
51.139999
51.139999
51.139999
51.139999
51.139999
51.139999
51.139999
51.139999
51.139999
51.139999
51.139999
51.810001
51.810001
51.810001
51.810001
51.810001
51.810001
51.810001
51.810001
51.810001
51.810001
51.810001
51.810001
52.480000
52.480000
52.480000
52.480000
52.480000
52.480000
52.480000
52.480000
52.480000
53.150002
53.150002
53.150002
53.150002
53.150002
53.150002
53.150002
53.150002
53.150002
53.150002
53.150002
53.810001
53.810001
53.810001
53.810001
53.810001
53.810001
53.810001
53.810001
59.419998
59.419998
59.419998
59.419998
59.419998
59.419998
59.419998
59.419998
59.419998
59.419998
59.419998
65.019997
65.019997
65.019997
65.019997
65.019997
65.019997
65.019997
65.019997
65.019997
70.629997
70.629997
70.629997
70.629997
70.629997
70.629997
70.629997
70.629997
70.629997
76.230003
76.230003
76.230003
76.230003
76.230003
76.230003
76.230003
76.230003
76.230003
76.230003
76.230003
76.230003
76.230003
76.230003
80.440002
80.440002
80.440002
80.440002
80.440002
80.440002
80.440002
80.440002
