0.000000
0.000000
0.000000
0.000000
0.000000
0.000000
0.000000
0.000000
0.000000
0.000000
0.000000
0.000000
0.000000
0.000000
0.000000
0.000000
0.000000
0.000000
0.000000
0.000000
0.000000
0.000000
0.000000
0.000000
0.000000
0.000000
0.000000
0.000000
0.000000
0.000000
0.000000
0.000000
0.000000
0.000000
0.000000
0.000000
0.000000
0.000000
0.000000
0.000000
0.000000
0.000000
0.000000
0.745700
0.745700
0.745700
0.745700
0.745700
0.745700
0.745700
0.745700
0.745700
0.745700
0.745700
0.745700
0.745700
1.140000
1.140000
1.140000
1.140000
1.140000
1.140000
1.140000
1.140000
1.140000
1.140000
1.140000
1.140000
1.534000
1.534000
1.534000
1.534000
1.534000
1.534000
1.534000
1.534000
1.534000
1.534000
1.534000
1.534000
1.928000
1.928000
1.928000
1.928000
1.928000
1.928000
1.928000
1.928000
1.928000
1.928000
1.928000
1.928000
2.322000
2.322000
2.322000
2.322000
2.322000
2.322000
2.322000
2.322000
2.322000
2.322000
2.322000
2.322000
2.322000
2.322000
2.322000
2.322000
2.716000
2.716000
2.716000
2.716000
2.716000
2.716000
2.716000
2.716000
2.716000
2.716000
2.716000
2.716000
3.110000
3.110000
3.110000
3.110000
3.110000
3.110000
3.110000
3.110000
3.504000
3.504000
3.504000
3.504000
3.504000
3.504000
3.504000
3.898000
3.898000
3.898000
3.898000
3.898000
3.898000
3.898000
4.292000
4.292000
4.292000
4.292000
4.292000
4.292000
4.292000
4.292000
4.292000
4.292000
4.292000
4.686000
4.686000
4.686000
4.686000
4.686000
4.686000
4.686000
4.686000
4.686000
5.080000
5.080000
5.080000
5.080000
5.080000
5.080000
5.080000
5.474000
5.474000
5.474000
5.474000
5.474000
5.474000
5.474000
5.474000
5.474000
5.868000
5.868000
5.868000
5.868000
5.868000
5.868000
5.868000
6.262000
6.262000
6.262000
6.262000
6.262000
6.262000
6.262000
6.262000
6.262000
6.656000
6.656000
6.656000
6.656000
6.656000
6.656000
6.656000
6.656000
6.656000
6.656000
6.656000
7.050000
7.050000
7.050000
7.050000
7.444000
7.444000
7.444000
7.444000
7.444000
7.444000
7.444000
7.444000
7.444000
7.838000
7.838000
7.838000
7.838000
7.838000
7.838000
7.838000
7.838000
7.838000
7.838000
7.838000
7.838000
7.838000
7.838000
8.232000
8.232000
8.232000
8.232000
8.232000
8.232000
8.232000
8.626000
8.626000
8.626000
8.626000
8.626000
8.626000
8.626000
8.626000
8.626000
9.020000
9.020000
9.020000
9.020000
9.020000
9.020000
9.020000
9.020000
9.414000
9.414000
9.414000
9.414000
9.414000
9.414000
9.414000
9.808000
9.808000
9.808000
9.808000
9.808000
9.808000
9.808000
9.808000
9.808000
10.200000
10.200000
10.200000
10.200000
10.200000
10.200000
10.200000
10.200000
10.200000
10.600000
10.600000
10.600000
10.600000
10.600000
10.600000
10.600000
10.600000
10.600000
10.600000
10.600000
10.990000
10.990000
10.990000
10.990000
10.990000
10.990000
10.990000
10.990000
10.990000
10.990000
11.380000
11.380000
11.380000
11.380000
11.380000
11.380000
11.780000
11.780000
11.780000
11.780000
11.780000
11.780000
12.170000
12.170000
12.170000
12.170000
12.170000
12.170000
12.170000
12.170000
12.170000
12.170000
12.170000
12.170000
12.570000
12.570000
12.570000
12.570000
12.570000
12.570000
12.570000
12.570000
12.570000
12.570000
12.570000
12.570000
12.570000
12.570000
12.570000
12.960000
12.960000
12.960000
12.960000
12.960000
12.960000
12.960000
12.960000
12.960000
12.960000
13.350000
13.350000
13.350000
13.350000
13.350000
13.350000
13.350000
13.350000
13.350000
13.350000
13.350000
13.350000
13.750000
13.750000
13.750000
13.750000
13.750000
13.750000
13.750000
13.750000
13.750000
13.750000
13.750000
14.140000
14.140000
14.140000
14.140000
14.140000
14.140000
14.140000
14.140000
14.540000
14.540000
14.540000
14.540000
14.540000
14.540000
14.540000
14.540000
14.540000
14.540000
14.540000
14.540000
14.930000
14.930000
14.930000
14.930000
14.930000
14.930000
14.930000
14.930000
15.320000
15.320000
15.320000
15.320000
15.320000
15.320000
15.320000
15.320000
15.320000
15.320000
15.320000
15.720000
15.720000
15.720000
15.720000
15.720000
15.720000
15.720000
15.720000
15.720000
16.110001
16.110001
16.110001
16.110001
16.110001
16.110001
16.110001
16.510000
16.510000
16.510000
16.510000
16.510000
16.510000
16.510000
16.510000
16.510000
16.510000
16.510000
16.510000
16.900000
16.900000
16.900000
16.900000
16.900000
16.900000
16.900000
16.900000
16.900000
17.290001
17.290001
17.290001
17.290001
17.290001
17.290001
17.290001
17.690001
17.690001
17.690001
17.690001
17.690001
17.690001
17.690001
17.690001
17.690001
18.080000
18.080000
18.080000
18.080000
18.080000
18.080000
18.080000
18.080000
18.480000
18.480000
18.480000
18.480000
18.480000
18.480000
18.480000
19.680000
19.680000
19.680000
19.680000
19.680000
19.680000
19.680000
19.680000
19.680000
19.680000
19.680000
20.879999
20.879999
20.879999
20.879999
20.879999
20.879999
20.879999
20.879999
20.879999
20.879999
22.080000
22.080000
22.080000
22.080000
22.080000
22.080000
22.080000
22.080000
22.080000
22.080000
22.080000
22.080000
22.080000
23.280001
23.280001
23.280001
23.280001
23.280001
23.280001
23.280001
23.280001
23.280001
24.469999
24.469999
24.469999
24.469999
24.469999
24.469999
25.670000
25.670000
25.670000
25.670000
26.870001
26.870001
26.870001
26.870001
26.870001
26.870001
26.870001
26.870001
26.870001
26.870001
26.870001
26.870001
26.870001
26.870001
26.870001
26.870001
26.870001
26.870001
26.870001
26.870001
28.070000
28.070000
28.070000
28.070000
28.070000
28.070000
28.070000
28.070000
28.070000
28.070000
29.270000
29.270000
29.270000
29.270000
29.270000
29.270000
29.270000
29.270000
29.270000
29.270000
30.469999
30.469999
30.469999
30.469999
30.469999
30.469999
30.469999
30.469999
30.469999
30.469999
30.469999
30.469999
30.469999
31.670000
31.670000
31.670000
31.670000
31.670000
31.670000
31.670000
31.670000
31.670000
32.869999
32.869999
32.869999
32.869999
32.869999
32.869999
32.869999
32.869999
32.869999
32.869999
32.869999
32.869999
32.869999
34.070000
34.070000
34.070000
34.070000
34.070000
34.070000
34.070000
34.070000
34.070000
34.070000
34.070000
34.070000
34.070000
34.070000
35.270000
35.270000
35.270000
35.270000
35.270000
35.270000
35.270000
35.270000
36.470001
36.470001
36.470001
36.470001
36.470001
36.470001
36.470001
36.470001
36.470001
36.470001
36.470001
36.470001
36.470001
37.669998
37.669998
37.669998
37.669998
37.669998
37.669998
37.669998
37.669998
37.669998
38.869999
38.869999
38.869999
38.869999
38.869999
38.869999
38.869999
38.869999
38.869999
38.869999
38.869999
38.869999
38.869999
38.869999
40.070000
40.070000
40.070000
40.070000
40.070000
40.070000
40.070000
41.270000
41.270000
41.270000
41.270000
41.270000
41.270000
41.270000
41.270000
41.270000
41.270000
41.270000
41.270000
42.470001
42.470001
42.470001
42.470001
42.470001
42.470001
42.470001
42.470001
43.669998
43.669998
43.669998
43.669998
43.669998
43.669998
43.669998
43.669998
44.869999
44.869999
44.869999
44.869999
44.869999
44.869999
44.869999
44.869999
44.869999
44.869999
44.869999
46.070000
46.070000
46.070000
46.070000
46.070000
46.070000
46.070000
46.070000
46.070000
46.070000
46.070000
46.070000
47.270000
47.270000
47.270000
47.270000
47.270000
47.270000
47.270000
47.270000
47.270000
48.470001
48.470001
48.470001
48.470001
48.470001
48.470001
48.470001
48.470001
48.470001
48.470001
49.669998
49.669998
49.669998
49.669998
49.669998
49.669998
50.869999
50.869999
50.869999
50.869999
50.869999
50.869999
50.869999
50.869999
50.869999
52.070000
52.070000
52.070000
52.070000
52.070000
52.070000
52.070000
52.070000
52.070000
52.070000
52.070000
52.070000
52.070000
53.270000
53.270000
53.270000
53.270000
53.270000
53.270000
53.270000
53.270000
53.270000
54.470001
54.470001
54.470001
54.470001
54.470001
54.470001
54.470001
54.470001
54.470001
54.470001
54.470001
54.470001
54.470001
54.470001
54.470001
55.669998
55.669998
55.669998
55.669998
55.669998
55.669998
55.669998
55.669998
55.669998
55.669998
55.669998
55.669998
55.669998
55.669998
55.669998
55.669998
55.669998
55.669998
55.669998
56.869999
56.869999
56.869999
56.869999
56.869999
56.869999
56.869999
56.869999
56.869999
56.869999
56.869999
56.869999
56.869999
58.070000
58.070000
58.070000
58.070000
58.070000
58.070000
59.270000
59.270000
59.270000
59.270000
59.270000
59.270000
59.270000
59.270000
59.270000
59.270000
59.270000
59.270000
59.270000
60.459999
60.459999
60.459999
60.459999
60.459999
60.459999
60.459999
60.459999
61.660000
61.660000
61.660000
61.660000
61.660000
61.660000
62.860001
62.860001
62.860001
62.860001
62.860001
62.860001
62.860001
62.860001
62.860001
62.860001
62.860001
62.860001
62.860001
62.860001
62.860001
62.860001
64.059998
64.059998
64.059998
64.059998
64.059998
64.059998
65.260002
65.260002
65.260002
65.260002
65.260002
65.260002
65.260002
65.260002
65.260002
65.260002
65.260002
65.260002
65.260002
66.459999
66.459999
66.459999
66.459999
66.459999
66.459999
66.459999
66.459999
66.459999
66.459999
67.660004
67.660004
67.660004
67.660004
67.660004
67.660004
67.660004
67.660004
67.660004
68.860001
68.860001
68.860001
68.860001
68.860001
70.059998
70.059998
70.059998
70.059998
70.059998
70.059998
70.059998
71.260002
71.260002
71.260002
71.260002
71.260002
71.260002
71.260002
71.260002
71.260002
72.459999
72.459999
72.459999
72.459999
72.459999
72.459999
72.459999
72.459999
72.459999
79.470001
79.470001
79.470001
79.470001
79.470001
79.470001
79.470001
79.470001
79.470001
79.470001
79.470001
79.470001
79.470001
79.470001
79.470001
86.489998
86.489998
86.489998
86.489998
86.489998
86.489998
86.489998
86.489998
86.489998
93.500000
93.500000
93.500000
93.500000
93.500000
93.500000
93.500000
93.500000
100.500000
100.500000
100.500000
100.500000
100.500000
100.500000
100.500000
100.500000
100.500000
100.500000
105.800003
105.800003
105.800003
105.800003
105.800003
105.800003
105.800003
105.800003
105.800003
105.800003
105.800003
105.800003
105.800003
