0.000000
0.000000
0.000000
0.000000
0.000000
0.000000
0.000000
0.000000
0.000000
0.000000
0.000000
0.000000
0.000000
0.000000
0.000000
0.229800
0.229800
0.229800
0.229800
0.229800
0.229800
0.229800
0.229800
0.229800
0.229800
0.229800
0.229800
0.229800
0.229800
0.229800
0.229800
0.669600
0.669600
0.669600
0.669600
0.669600
0.669600
0.669600
0.669600
0.669600
0.669600
0.669600
0.669600
0.669600
1.109000
1.109000
1.109000
1.109000
1.109000
1.109000
1.109000
1.109000
1.109000
1.109000
1.549000
1.549000
1.549000
1.549000
1.549000
1.549000
1.549000
1.549000
1.549000
1.989000
1.989000
1.989000
1.989000
1.989000
1.989000
1.989000
1.989000
2.078000
2.078000
2.078000
2.078000
2.078000
2.078000
2.078000
2.078000
2.078000
2.078000
2.167000
2.167000
2.167000
2.167000
2.167000
2.167000
2.167000
2.256000
2.256000
2.256000
2.256000
2.256000
2.256000
2.256000
2.256000
2.256000
2.256000
2.256000
2.256000
2.256000
2.256000
2.256000
2.256000
2.256000
2.345000
2.345000
2.345000
2.345000
2.345000
2.345000
2.345000
2.345000
2.345000
2.434000
2.434000
2.434000
2.434000
2.434000
2.434000
2.434000
2.434000
2.434000
2.434000
2.434000
2.434000
2.434000
2.434000
2.524000
2.524000
2.524000
2.524000
2.524000
2.524000
2.613000
2.613000
2.613000
2.613000
2.613000
2.702000
2.702000
2.702000
2.702000
2.702000
2.702000
2.702000
2.702000
2.702000
2.702000
2.702000
2.791000
2.791000
2.791000
2.791000
2.791000
2.791000
2.791000
2.791000
2.880000
2.880000
2.880000
2.880000
2.880000
2.880000
2.880000
2.969000
2.969000
2.969000
2.969000
2.969000
2.969000
2.969000
2.969000
2.969000
2.969000
2.969000
3.058000
3.058000
3.058000
3.058000
3.058000
3.058000
3.058000
3.058000
3.058000
3.058000
3.058000
3.058000
3.058000
3.147000
3.147000
3.147000
3.147000
3.147000
3.237000
3.237000
3.237000
3.237000
3.237000
3.237000
3.237000
3.237000
3.237000
3.237000
3.237000
3.326000
3.326000
3.326000
3.326000
3.326000
3.326000
3.415000
3.415000
3.415000
3.415000
3.415000
3.415000
3.415000
3.415000
3.415000
3.415000
3.415000
3.415000
3.504000
3.504000
3.504000
3.504000
3.504000
3.504000
3.504000
3.504000
3.504000
3.504000
3.593000
3.593000
3.682000
3.682000
3.682000
3.682000
3.682000
3.682000
3.682000
3.682000
3.682000
3.682000
3.682000
3.682000
3.771000
3.771000
3.771000
3.771000
3.771000
3.771000
3.771000
3.771000
3.860000
3.860000
3.860000
3.860000
3.860000
3.860000
3.860000
3.860000
3.860000
3.860000
3.860000
3.949000
3.949000
3.949000
3.949000
3.949000
3.949000
3.949000
4.039000
4.039000
4.039000
4.039000
4.039000
4.039000
4.039000
4.039000
4.128000
4.128000
4.128000
4.128000
4.128000
4.128000
4.128000
4.128000
4.128000
4.128000
4.128000
4.128000
4.128000
4.128000
4.217000
4.217000
4.217000
4.217000
4.217000
4.217000
4.217000
4.217000
4.217000
4.217000
4.306000
4.306000
4.306000
4.306000
4.306000
4.306000
4.306000
4.306000
4.306000
4.306000
4.395000
4.395000
4.395000
4.395000
4.395000
4.395000
4.395000
4.395000
4.395000
4.395000
4.395000
4.395000
4.395000
4.395000
4.484000
4.484000
4.484000
4.484000
4.484000
4.484000
4.484000
4.484000
4.484000
4.484000
4.573000
4.573000
4.573000
4.573000
4.573000
4.573000
4.573000
4.573000
4.573000
4.573000
4.573000
4.573000
4.573000
4.573000
4.662000
4.662000
4.662000
4.662000
4.662000
4.662000
4.662000
4.662000
4.662000
4.662000
4.751000
4.751000
4.751000
4.751000
4.751000
4.751000
4.751000
4.751000
4.751000
4.751000
4.751000
4.841000
4.841000
4.841000
4.841000
4.841000
4.930000
4.930000
4.930000
4.930000
4.930000
4.930000
5.019000
5.019000
5.019000
5.019000
5.019000
5.019000
5.019000
5.108000
5.108000
5.108000
5.108000
5.108000
5.108000
5.108000
5.108000
5.108000
5.108000
5.108000
5.108000
5.108000
5.197000
5.197000
5.197000
5.197000
5.197000
5.197000
5.197000
5.286000
5.286000
5.286000
5.286000
5.286000
5.286000
5.286000
5.375000
5.375000
5.375000
5.375000
5.375000
5.375000
5.375000
5.375000
5.375000
5.464000
5.464000
5.464000
5.464000
5.464000
5.464000
5.464000
5.464000
5.553000
5.553000
5.553000
5.553000
5.553000
5.553000
5.553000
5.553000
5.553000
5.553000
5.643000
5.643000
5.643000
5.643000
5.643000
5.643000
5.643000
5.643000
5.643000
5.643000
5.643000
5.643000
5.643000
5.643000
5.732000
5.732000
5.732000
5.732000
5.732000
5.732000
5.732000
5.821000
5.821000
5.821000
5.821000
5.821000
5.821000
5.821000
5.821000
5.821000
5.821000
5.821000
5.910000
5.910000
5.910000
5.910000
5.910000
5.910000
5.910000
5.910000
5.999000
5.999000
5.999000
5.999000
5.999000
6.089000
6.089000
6.089000
6.089000
6.089000
6.089000
6.089000
6.089000
6.089000
6.089000
6.089000
6.178000
6.178000
6.178000
6.178000
6.178000
6.178000
6.178000
6.178000
6.178000
6.178000
6.178000
6.178000
6.178000
6.178000
6.178000
6.178000
6.267000
6.267000
6.267000
6.267000
6.267000
6.267000
6.267000
6.357000
6.357000
6.357000
6.357000
6.357000
6.357000
6.357000
6.357000
6.446000
6.446000
6.446000
6.446000
6.446000
6.446000
6.446000
6.446000
6.536000
6.536000
6.536000
6.536000
6.536000
6.536000
6.625000
6.625000
6.625000
6.625000
6.625000
6.625000
6.625000
6.625000
6.625000
6.625000
6.625000
6.715000
6.715000
6.715000
6.715000
6.715000
6.715000
6.715000
6.715000
6.715000
6.715000
6.804000
6.804000
6.804000
6.804000
6.804000
6.804000
6.804000
6.804000
6.804000
6.804000
6.804000
6.804000
6.894000
6.894000
6.894000
6.894000
6.894000
6.894000
6.894000
6.894000
6.894000
6.894000
6.894000
6.894000
6.983000
6.983000
6.983000
6.983000
6.983000
6.983000
6.983000
6.983000
6.983000
6.983000
6.983000
6.983000
6.983000
7.073000
7.073000
7.073000
7.073000
7.073000
7.073000
7.073000
7.073000
7.073000
7.073000
7.073000
7.162000
7.162000
7.162000
7.162000
7.162000
7.162000
7.162000
7.162000
7.162000
7.162000
7.162000
7.251000
7.251000
7.251000
7.251000
7.251000
7.251000
7.341000
7.341000
7.341000
7.341000
7.341000
7.341000
7.341000
7.341000
7.341000
7.341000
7.341000
7.341000
7.430000
7.430000
7.430000
7.430000
7.430000
7.430000
7.430000
7.430000
7.430000
7.430000
7.430000
7.430000
7.430000
7.520000
7.520000
7.520000
7.520000
7.520000
7.520000
7.520000
7.520000
7.520000
7.520000
7.520000
7.520000
7.520000
7.520000
7.520000
7.609000
7.609000
7.609000
7.609000
7.609000
7.609000
7.609000
7.609000
7.609000
7.699000
7.699000
7.699000
7.788000
7.788000
7.788000
7.788000
7.788000
7.788000
7.788000
7.788000
7.788000
7.788000
7.788000
7.788000
7.788000
7.788000
7.878000
7.878000
7.878000
7.878000
7.878000
7.878000
7.878000
7.878000
7.878000
7.878000
7.878000
7.878000
7.967000
7.967000
7.967000
7.967000
7.967000
7.967000
7.967000
7.967000
7.967000
7.967000
7.967000
8.056000
8.056000
8.056000
8.056000
8.056000
8.056000
8.056000
8.056000
8.056000
8.056000
8.146000
8.146000
8.146000
8.146000
8.146000
8.146000
8.146000
8.146000
8.146000
8.146000
8.146000
8.146000
8.146000
8.235000
8.235000
8.235000
8.235000
8.235000
8.235000
8.235000
8.235000
8.235000
8.235000
8.235000
8.235000
8.235000
8.325000
8.325000
8.325000
8.325000
8.325000
8.325000
8.325000
8.325000
8.414000
8.414000
8.414000
8.414000
8.414000
8.414000
8.414000
8.414000
8.414000
8.504000
8.504000
8.504000
8.504000
8.504000
8.504000
8.504000
8.504000
8.504000
8.593000
8.593000
8.593000
8.593000
8.593000
8.593000
8.593000
8.593000
8.683000
8.683000
8.683000
8.683000
8.683000
8.683000
8.683000
8.683000
8.683000
8.683000
8.683000
8.683000
8.683000
8.772000
8.772000
8.772000
8.772000
8.772000
8.772000
8.772000
8.772000
8.772000
8.772000
8.772000
8.862000
8.862000
8.862000
8.862000
8.862000
8.862000
8.862000
8.862000
8.862000
8.862000
8.862000
8.862000
8.862000
8.951000
8.951000
8.951000
8.951000
8.951000
8.951000
8.951000
8.951000
8.951000
8.951000
9.040000
9.040000
9.040000
9.040000
9.040000
9.040000
9.040000
9.040000
9.040000
9.040000
9.040000
9.040000
9.130000
9.130000
9.130000
9.130000
9.130000
9.130000
9.130000
9.130000
9.130000
9.130000
9.219000
9.219000
9.219000
9.219000
9.219000
9.219000
9.219000
9.219000
9.309000
9.309000
9.309000
9.309000
9.309000
9.309000
9.309000
9.309000
9.309000
9.309000
9.309000
9.398000
9.398000
9.398000
9.398000
9.398000
9.398000
9.398000
9.398000
9.398000
9.398000
9.488000
9.488000
9.488000
9.488000
9.488000
9.488000
9.488000
9.488000
9.488000
9.488000
9.488000
9.488000
9.577000
9.577000
9.577000
9.577000
9.577000
9.577000
9.577000
9.577000
9.667000
9.667000
9.667000
9.667000
9.667000
9.667000
9.667000
9.667000
9.667000
9.667000
9.756000
9.756000
9.756000
9.756000
9.756000
9.756000
9.756000
9.756000
9.756000
9.756000
9.846000
9.846000
9.846000
9.846000
9.846000
9.846000
9.846000
9.846000
9.935000
9.935000
9.935000
9.935000
9.935000
9.935000
9.935000
10.020000
10.020000
10.020000
10.020000
10.020000
10.020000
10.020000
10.020000
10.020000
10.020000
10.020000
10.020000
10.020000
10.670000
10.670000
10.670000
10.670000
10.670000
10.670000
10.670000
11.320000
11.320000
11.320000
11.320000
11.320000
11.320000
11.320000
11.970000
11.970000
11.970000
11.970000
11.970000
11.970000
11.970000
11.970000
11.970000
11.970000
12.610000
12.610000
12.610000
12.610000
12.610000
12.610000
12.610000
12.610000
12.610000
12.610000
12.610000
13.100000
13.100000
13.100000
13.100000
13.100000
13.100000
13.100000
