0.000000
0.000000
0.000000
0.000000
0.000000
0.000000
0.000000
0.000000
0.000000
0.000000
0.000000
0.000000
0.000000
0.000000
0.000000
0.000000
0.000000
0.000000
0.000000
0.000000
0.000000
0.000000
0.000000
0.000000
0.000000
0.000000
0.000000
0.000000
0.000000
0.000000
0.000000
0.000000
0.000000
0.000000
0.000000
0.000000
0.000000
0.000000
0.000000
0.000000
0.000000
0.000000
0.000000
0.000000
0.000000
0.000000
0.000000
0.000000
0.000000
0.000000
0.040050
0.040050
0.040050
0.040050
0.040050
0.040050
0.040050
0.040050
0.040050
0.040050
0.097240
0.097240
0.097240
0.097240
0.097240
0.097240
0.097240
0.097240
0.097240
0.154400
0.154400
0.154400
0.154400
0.154400
0.154400
0.154400
0.154400
0.154400
0.154400
0.211600
0.211600
0.211600
0.211600
0.211600
0.211600
0.211600
0.211600
0.211600
0.211600
0.211600
0.211600
0.268800
0.268800
0.268800
0.268800
0.268800
0.268800
0.268800
0.268800
0.268800
0.268800
0.268800
0.326000
0.326000
0.326000
0.326000
0.326000
0.326000
0.326000
0.326000
0.326000
0.326000
0.326000
0.326000
0.326000
0.326000
0.326000
0.326000
0.383200
0.383200
0.383200
0.383200
0.383200
0.383200
0.383200
0.383200
0.383200
0.383200
0.383200
0.383200
0.383200
0.383200
0.383200
0.383200
0.440400
0.440400
0.440400
0.440400
0.440400
0.440400
0.440400
0.440400
0.440400
0.497600
0.497600
0.497600
0.497600
0.497600
0.497600
0.497600
0.497600
0.497600
0.497600
0.497600
0.497600
0.497600
0.554800
0.554800
0.554800
0.554800
0.554800
0.554800
0.554800
0.554800
0.554800
0.612000
0.612000
0.612000
0.612000
0.612000
0.612000
0.612000
0.612000
0.612000
0.612000
0.612000
0.612000
0.612000
0.669200
0.669200
0.669200
0.669200
0.669200
0.669200
0.669200
0.669200
0.726400
0.726400
0.726400
0.726400
0.726400
0.726400
0.726400
0.726400
0.726400
0.726400
0.726400
0.726400
0.783600
0.783600
0.783600
0.783600
0.783600
0.783600
0.783600
0.783600
0.783600
0.783600
0.783600
0.840800
0.840800
0.840800
0.840800
0.840800
0.898000
0.898000
0.898000
0.898000
0.898000
0.898000
0.955200
0.955200
0.955200
0.955200
0.955200
0.955200
0.955200
0.955200
0.955200
0.955200
1.012000
1.012000
1.012000
1.012000
1.012000
1.070000
1.070000
1.070000
1.070000
1.070000
1.070000
1.070000
1.070000
1.070000
1.127000
1.127000
1.127000
1.127000
1.127000
1.127000
1.184000
1.184000
1.184000
1.184000
1.184000
1.184000
1.184000
1.241000
1.241000
1.241000
1.241000
1.241000
1.241000
1.241000
1.241000
1.298000
1.298000
1.298000
1.298000
1.298000
1.298000
1.298000
1.298000
1.298000
1.298000
1.298000
1.356000
1.356000
1.356000
1.356000
1.356000
1.356000
1.356000
1.356000
1.356000
1.356000
1.413000
1.413000
1.413000
1.413000
1.413000
1.413000
1.413000
1.413000
1.413000
1.413000
1.413000
1.413000
1.413000
1.470000
1.470000
1.470000
1.470000
1.470000
1.470000
1.470000
1.470000
1.470000
1.470000
1.470000
1.470000
1.470000
1.470000
1.470000
1.527000
1.527000
1.527000
1.527000
1.527000
1.527000
1.527000
1.527000
1.527000
1.527000
1.527000
1.527000
1.527000
1.584000
1.584000
1.584000
1.584000
1.584000
1.584000
1.584000
1.584000
1.584000
1.584000
1.584000
1.584000
1.584000
1.584000
1.584000
1.584000
1.642000
1.642000
1.642000
1.642000
1.642000
1.642000
1.642000
1.642000
1.699000
1.699000
1.699000
1.699000
1.699000
1.699000
1.756000
1.756000
1.756000
1.756000
1.756000
1.756000
1.813000
1.813000
1.813000
1.813000
1.813000
1.813000
1.813000
1.813000
1.813000
1.813000
1.813000
1.813000
1.813000
1.813000
1.870000
1.870000
1.870000
1.870000
1.870000
1.870000
1.870000
1.870000
1.927000
1.927000
1.927000
1.927000
1.927000
1.927000
1.927000
1.927000
1.927000
1.927000
1.927000
1.927000
1.927000
1.985000
1.985000
1.985000
1.985000
1.985000
1.985000
1.985000
1.985000
1.985000
1.985000
1.985000
1.985000
1.985000
2.042000
2.042000
2.042000
2.099000
2.099000
2.099000
2.099000
2.099000
2.099000
2.156000
2.156000
2.156000
2.156000
2.156000
2.156000
2.213000
2.213000
2.213000
2.213000
2.213000
2.213000
2.213000
2.213000
2.271000
2.271000
2.271000
2.271000
2.271000
2.271000
2.328000
2.328000
2.328000
2.328000
2.328000
2.328000
2.328000
2.328000
2.328000
2.328000
2.385000
2.385000
2.385000
2.385000
2.385000
2.385000
2.385000
2.385000
2.385000
2.385000
2.385000
2.385000
2.385000
2.442000
2.442000
2.442000
2.442000
2.442000
2.442000
2.442000
2.442000
2.499000
2.499000
2.499000
2.499000
2.499000
2.499000
2.499000
2.499000
2.499000
2.557000
2.557000
2.557000
2.557000
2.557000
2.557000
2.557000
2.557000
2.614000
2.614000
2.614000
2.614000
2.614000
2.614000
2.614000
2.614000
2.614000
2.834000
2.834000
2.834000
2.834000
2.834000
2.834000
2.834000
2.834000
2.834000
2.834000
2.834000
2.834000
2.834000
2.834000
2.834000
3.054000
3.054000
3.054000
3.054000
3.054000
3.054000
3.054000
3.054000
3.054000
3.054000
3.274000
3.274000
3.274000
3.274000
3.274000
3.274000
3.274000
3.274000
3.274000
3.274000
3.274000
3.494000
3.494000
3.494000
3.494000
3.494000
3.494000
3.494000
3.713000
3.713000
3.713000
3.713000
3.713000
3.713000
3.933000
3.933000
3.933000
3.933000
3.933000
3.933000
3.933000
3.933000
3.933000
3.933000
3.933000
4.153000
4.153000
4.153000
4.153000
4.153000
4.153000
4.153000
4.153000
4.153000
4.153000
4.153000
4.153000
4.153000
4.153000
4.153000
4.153000
4.153000
4.153000
4.373000
4.373000
4.373000
4.373000
4.373000
4.373000
4.593000
4.593000
4.593000
4.593000
4.593000
4.593000
4.593000
4.593000
4.813000
4.813000
4.813000
4.813000
4.813000
4.813000
4.813000
4.813000
4.813000
4.813000
4.813000
4.813000
4.813000
4.813000
4.813000
4.813000
5.033000
5.033000
5.033000
5.033000
5.033000
5.033000
5.033000
5.033000
5.033000
5.033000
5.033000
5.033000
5.253000
5.253000
5.253000
5.253000
5.253000
5.253000
5.253000
5.473000
5.473000
5.473000
5.473000
5.473000
5.473000
5.473000
5.473000
5.473000
5.473000
5.473000
5.473000
5.473000
5.473000
5.693000
5.693000
5.693000
5.693000
5.693000
5.693000
5.913000
5.913000
5.913000
5.913000
5.913000
5.913000
5.913000
5.913000
5.913000
5.913000
6.133000
6.133000
6.133000
6.133000
6.353000
6.353000
6.353000
6.353000
6.353000
6.353000
6.353000
6.353000
6.353000
6.353000
6.353000
6.353000
6.353000
6.353000
6.353000
6.353000
6.353000
6.573000
6.573000
6.573000
6.573000
6.573000
6.573000
6.573000
6.573000
6.793000
6.793000
6.793000
6.793000
6.793000
6.793000
6.793000
7.012000
7.012000
7.012000
7.012000
7.012000
7.012000
7.012000
7.232000
7.232000
7.232000
7.232000
7.232000
7.232000
7.232000
7.232000
7.232000
7.452000
7.452000
7.452000
7.452000
7.452000
7.452000
7.452000
7.452000
7.452000
7.452000
7.452000
7.452000
7.452000
7.672000
7.672000
7.672000
7.672000
7.672000
7.672000
7.672000
7.672000
7.672000
7.672000
7.672000
7.892000
7.892000
7.892000
7.892000
7.892000
7.892000
7.892000
7.892000
7.892000
7.892000
7.892000
7.892000
7.892000
7.892000
7.892000
7.892000
7.892000
7.892000
8.112000
8.112000
8.112000
8.112000
8.112000
8.112000
8.112000
8.112000
8.112000
8.332000
8.332000
8.332000
8.332000
8.332000
8.332000
8.332000
8.332000
8.332000
8.552000
8.552000
8.552000
8.552000
8.552000
8.552000
8.552000
8.552000
8.552000
8.552000
8.552000
8.772000
8.772000
8.772000
8.772000
8.772000
8.772000
8.772000
8.772000
8.772000
8.772000
8.992000
8.992000
8.992000
8.992000
8.992000
8.992000
8.992000
9.212000
9.212000
9.212000
9.212000
9.212000
9.212000
9.212000
9.212000
9.212000
9.212000
9.432000
9.432000
9.432000
9.652000
9.652000
9.652000
9.652000
9.652000
9.872000
9.872000
9.872000
9.872000
9.872000
9.872000
10.090000
10.090000
10.090000
10.090000
10.090000
10.090000
10.090000
10.090000
10.090000
10.090000
10.090000
10.090000
10.090000
10.310000
10.310000
10.310000
10.310000
10.310000
10.310000
10.310000
10.310000
10.310000
10.310000
10.310000
10.530000
10.530000
10.530000
10.530000
10.530000
10.530000
10.530000
10.530000
10.530000
10.750000
10.750000
10.750000
10.750000
10.750000
10.750000
10.750000
10.750000
10.970000
10.970000
10.970000
10.970000
10.970000
10.970000
10.970000
10.970000
10.970000
10.970000
10.970000
10.970000
11.190000
11.190000
11.190000
11.190000
11.190000
11.190000
11.190000
11.190000
11.190000
11.190000
11.190000
11.410000
11.410000
11.410000
11.410000
11.410000
11.410000
11.410000
11.410000
11.410000
11.410000
11.410000
11.410000
11.410000
11.410000
11.630000
11.630000
11.630000
11.630000
11.630000
11.630000
11.630000
11.630000
11.630000
11.630000
11.630000
11.630000
11.850000
11.850000
11.850000
11.850000
11.850000
11.850000
11.850000
11.850000
11.850000
11.850000
11.850000
11.850000
11.850000
11.850000
12.070000
12.070000
12.070000
12.070000
12.070000
12.070000
12.070000
12.070000
12.070000
12.070000
12.070000
12.290000
12.290000
12.290000
12.290000
12.290000
12.290000
12.510000
12.510000
12.510000
12.510000
12.510000
12.510000
12.510000
12.510000
12.510000
12.510000
12.510000
12.510000
12.510000
12.510000
13.880000
13.880000
13.880000
13.880000
13.880000
13.880000
13.880000
13.880000
13.880000
13.880000
13.880000
13.880000
13.880000
15.250000
15.250000
15.250000
15.250000
15.250000
15.250000
15.250000
15.250000
15.250000
16.620001
16.620001
16.620001
16.620001
16.620001
16.620001
16.620001
16.620001
17.990000
17.990000
17.990000
17.990000
17.990000
17.990000
17.990000
17.990000
17.990000
19.010000
19.010000
19.010000
19.010000
19.010000
19.010000
19.010000
19.010000
