0.000000
0.000000
0.000000
0.000000
0.000000
0.000000
0.000000
0.000000
0.000000
0.000000
0.000000
0.000000
0.000000
0.000000
0.000000
0.000000
0.000000
0.000000
0.000000
0.000000
0.000000
0.000000
0.000000
0.000000
0.000000
0.000000
0.000000
0.000000
0.000000
0.000000
0.000000
0.000000
0.000000
0.000000
0.000000
0.000000
0.000000
0.000000
0.000000
0.000000
0.000000
0.000000
0.000000
0.000000
0.000000
0.000000
0.000000
0.000000
0.236900
0.236900
0.236900
0.236900
0.236900
0.236900
0.236900
0.236900
0.236900
0.311500
0.311500
0.311500
0.311500
0.311500
0.311500
0.311500
0.311500
0.311500
0.386000
0.386000
0.386000
0.386000
0.386000
0.386000
0.386000
0.386000
0.386000
0.386000
0.386000
0.386000
0.386000
0.386000
0.460500
0.460500
0.460500
0.460500
0.460500
0.460500
0.460500
0.460500
0.460500
0.460500
0.535100
0.535100
0.535100
0.609600
0.609600
0.609600
0.609600
0.609600
0.609600
0.609600
0.609600
0.609600
0.609600
0.609600
0.609600
0.609600
0.684100
0.684100
0.684100
0.684100
0.684100
0.684100
0.684100
0.684100
0.684100
0.684100
0.758700
0.758700
0.758700
0.758700
0.758700
0.758700
0.758700
0.758700
0.758700
0.758700
0.758700
0.833200
0.833200
0.833200
0.833200
0.833200
0.833200
0.833200
0.833200
0.907700
0.907700
0.907700
0.907700
0.907700
0.907700
0.907700
0.907700
0.907700
0.907700
0.907700
0.982200
0.982200
0.982200
0.982200
0.982200
0.982200
0.982200
0.982200
0.982200
1.057000
1.057000
1.057000
1.057000
1.057000
1.057000
1.057000
1.057000
1.057000
1.057000
1.057000
1.131000
1.131000
1.131000
1.131000
1.131000
1.131000
1.131000
1.131000
1.131000
1.206000
1.206000
1.206000
1.206000
1.206000
1.206000
1.206000
1.206000
1.206000
1.206000
1.280000
1.280000
1.280000
1.280000
1.280000
1.280000
1.280000
1.280000
1.355000
1.355000
1.355000
1.355000
1.355000
1.429000
1.429000
1.429000
1.429000
1.429000
1.429000
1.429000
1.429000
1.429000
1.429000
1.429000
1.429000
1.429000
1.429000
1.429000
1.429000
1.429000
1.504000
1.504000
1.504000
1.504000
1.504000
1.504000
1.578000
1.578000
1.578000
1.578000
1.578000
1.578000
1.578000
1.578000
1.578000
1.578000
1.653000
1.653000
1.653000
1.653000
1.653000
1.653000
1.653000
1.728000
1.728000
1.728000
1.728000
1.728000
1.728000
1.728000
1.728000
1.728000
1.728000
1.728000
1.728000
1.802000
1.802000
1.802000
1.802000
1.802000
1.802000
1.802000
1.877000
1.877000
1.877000
1.877000
1.877000
1.877000
1.877000
1.951000
1.951000
1.951000
1.951000
1.951000
1.951000
1.951000
2.026000
2.026000
2.026000
2.026000
2.100000
2.100000
2.100000
2.100000
2.100000
2.100000
2.100000
2.100000
2.100000
2.100000
2.100000
2.175000
2.175000
2.175000
2.175000
2.249000
2.249000
2.249000
2.249000
2.249000
2.249000
2.249000
2.249000
2.249000
2.324000
2.324000
2.324000
2.324000
2.324000
2.324000
2.324000
2.324000
2.324000
2.324000
2.324000
2.324000
2.398000
2.398000
2.398000
2.398000
2.398000
2.398000
2.398000
2.398000
2.398000
2.398000
2.398000
2.473000
2.473000
2.473000
2.473000
2.473000
2.473000
2.473000
2.473000
2.473000
2.473000
2.473000
2.547000
2.547000
2.547000
2.547000
2.547000
2.547000
2.547000
2.547000
2.547000
2.547000
2.547000
2.547000
2.547000
2.547000
2.547000
2.622000
2.622000
2.622000
2.622000
2.622000
2.622000
2.622000
2.622000
2.622000
2.622000
2.622000
2.622000
2.696000
2.696000
2.696000
2.696000
2.696000
2.696000
2.696000
2.696000
2.696000
2.696000
2.696000
2.696000
2.771000
2.771000
2.771000
2.771000
2.771000
2.771000
2.771000
2.771000
2.771000
2.846000
2.846000
2.846000
2.846000
2.846000
2.846000
2.846000
2.846000
2.846000
2.846000
2.920000
2.920000
2.920000
2.920000
2.920000
2.920000
2.920000
2.920000
2.920000
2.995000
2.995000
2.995000
2.995000
2.995000
2.995000
2.995000
2.995000
3.069000
3.069000
3.069000
3.069000
3.069000
3.069000
3.069000
3.144000
3.144000
3.144000
3.144000
3.144000
3.144000
3.218000
3.218000
3.218000
3.218000
3.218000
3.218000
3.218000
3.218000
3.218000
3.218000
3.218000
3.218000
3.218000
3.293000
3.293000
3.293000
3.293000
3.293000
3.293000
3.293000
3.293000
3.367000
3.367000
3.367000
3.367000
3.367000
3.367000
3.367000
3.367000
3.442000
3.442000
3.442000
3.442000
3.442000
3.442000
3.442000
3.442000
3.442000
3.442000
3.442000
3.442000
3.516000
3.516000
3.516000
3.516000
3.516000
3.516000
3.516000
3.516000
3.516000
3.516000
3.591000
3.591000
3.591000
3.591000
3.591000
4.022000
4.022000
4.022000
4.022000
4.022000
4.022000
4.022000
4.453000
4.453000
4.453000
4.453000
4.453000
4.453000
4.453000
4.884000
4.884000
4.884000
4.884000
4.884000
4.884000
4.884000
4.884000
4.884000
4.884000
4.884000
4.884000
5.315000
5.315000
5.315000
5.315000
5.315000
5.315000
5.747000
5.747000
5.747000
5.747000
5.747000
5.747000
6.178000
6.178000
6.178000
6.178000
6.178000
6.178000
6.178000
6.178000
6.178000
6.178000
6.178000
6.178000
6.178000
6.178000
6.609000
6.609000
6.609000
6.609000
6.609000
6.609000
6.609000
6.609000
6.609000
6.609000
6.609000
6.609000
7.040000
7.040000
7.040000
7.040000
7.040000
7.040000
7.040000
7.040000
7.040000
7.471000
7.471000
7.471000
7.471000
7.471000
7.471000
7.471000
7.471000
7.471000
7.471000
7.471000
7.471000
7.471000
7.471000
7.471000
7.471000
7.471000
7.902000
7.902000
7.902000
7.902000
7.902000
7.902000
7.902000
7.902000
7.902000
7.902000
7.902000
7.902000
7.902000
7.902000
8.333000
8.333000
8.333000
8.333000
8.333000
8.333000
8.333000
8.333000
8.333000
8.333000
8.765000
8.765000
8.765000
8.765000
8.765000
8.765000
8.765000
8.765000
9.196000
9.196000
9.196000
9.196000
9.196000
9.196000
9.196000
9.196000
9.196000
9.196000
9.196000
9.196000
9.196000
9.627000
9.627000
9.627000
9.627000
9.627000
9.627000
9.627000
9.627000
10.060000
10.060000
10.060000
10.060000
10.060000
10.060000
10.060000
10.060000
10.060000
10.490000
10.490000
10.490000
10.490000
10.490000
10.490000
10.490000
10.490000
10.920000
10.920000
10.920000
10.920000
10.920000
10.920000
10.920000
10.920000
10.920000
11.350000
11.350000
11.350000
11.350000
11.350000
11.350000
11.350000
11.350000
11.350000
11.350000
11.350000
11.350000
11.350000
11.780000
11.780000
11.780000
11.780000
11.780000
12.210000
12.210000
12.210000
12.210000
12.210000
12.210000
12.210000
12.210000
12.210000
12.210000
12.210000
12.210000
12.210000
12.650000
12.650000
12.650000
12.650000
12.650000
12.650000
12.650000
12.650000
12.650000
12.650000
12.650000
12.650000
12.650000
13.080000
13.080000
13.080000
13.080000
13.080000
13.080000
13.080000
13.080000
13.080000
13.080000
13.080000
13.510000
13.510000
13.510000
13.510000
13.510000
13.510000
13.510000
13.510000
13.510000
13.510000
13.510000
13.940000
13.940000
13.940000
13.940000
13.940000
13.940000
13.940000
13.940000
13.940000
13.940000
13.940000
14.370000
14.370000
14.370000
14.370000
14.370000
14.370000
14.370000
14.370000
14.370000
14.370000
14.370000
14.370000
14.370000
14.370000
14.800000
14.800000
14.800000
14.800000
14.800000
14.800000
14.800000
14.800000
14.800000
15.230000
15.230000
15.230000
15.230000
15.230000
15.230000
15.230000
15.230000
15.230000
15.230000
15.230000
15.230000
15.230000
15.660000
15.660000
15.660000
15.660000
15.660000
15.660000
16.090000
16.090000
16.090000
16.090000
16.090000
16.090000
16.090000
16.090000
16.090000
16.090000
16.090000
16.530001
16.530001
16.530001
16.530001
16.530001
16.530001
16.530001
16.530001
16.530001
16.959999
16.959999
16.959999
16.959999
16.959999
16.959999
16.959999
16.959999
16.959999
17.389999
17.389999
17.389999
17.389999
17.389999
17.389999
17.389999
17.389999
17.389999
17.389999
17.820000
17.820000
17.820000
17.820000
17.820000
17.820000
17.820000
17.820000
17.820000
17.820000
17.820000
17.820000
18.250000
18.250000
18.250000
18.250000
18.250000
18.250000
18.250000
18.250000
18.250000
18.250000
18.250000
18.250000
18.680000
18.680000
18.680000
18.680000
18.680000
18.680000
18.680000
18.680000
18.680000
18.680000
19.110001
19.110001
19.110001
19.110001
19.110001
19.110001
19.110001
19.110001
19.110001
19.110001
19.540001
19.540001
19.540001
19.540001
19.540001
19.540001
19.540001
19.540001
19.540001
19.540001
19.969999
19.969999
19.969999
19.969999
19.969999
19.969999
19.969999
19.969999
19.969999
19.969999
20.410000
20.410000
20.410000
20.410000
20.410000
20.410000
20.410000
20.410000
20.410000
20.410000
20.410000
20.410000
20.410000
20.410000
20.840000
20.840000
20.840000
20.840000
20.840000
20.840000
20.840000
20.840000
20.840000
20.840000
20.840000
20.840000
20.840000
20.840000
20.840000
21.270000
21.270000
21.270000
21.270000
21.270000
21.270000
21.270000
21.270000
21.270000
21.270000
21.270000
21.270000
21.270000
21.270000
21.700001
21.700001
21.700001
21.700001
21.700001
21.700001
21.700001
21.700001
21.700001
21.700001
21.700001
22.129999
22.129999
22.129999
22.129999
22.129999
22.129999
22.129999
22.129999
22.559999
22.559999
22.559999
22.559999
22.559999
22.559999
22.559999
22.559999
22.559999
22.990000
22.990000
22.990000
22.990000
22.990000
22.990000
22.990000
22.990000
22.990000
22.990000
22.990000
22.990000
27.420000
27.420000
27.420000
27.420000
27.420000
27.420000
27.420000
27.420000
27.420000
31.840000
31.840000
31.840000
31.840000
31.840000
31.840000
31.840000
31.840000
31.840000
31.840000
36.259998
36.259998
36.259998
36.259998
36.259998
36.259998
36.259998
36.259998
36.259998
36.259998
40.680000
40.680000
40.680000
40.680000
40.680000
40.680000
40.680000
40.680000
40.680000
40.680000
40.680000
44.000000
44.000000
44.000000
44.000000
44.000000
44.000000
44.000000
44.000000
44.000000
