0.000000
0.000000
0.000000
0.000000
0.000000
0.000000
0.000000
0.000000
0.000000
0.000000
0.000000
0.000000
0.000000
0.000000
0.000000
0.000000
0.000000
0.000000
0.000000
0.000000
0.000000
0.000000
0.000000
0.000000
0.000000
0.000000
0.000000
0.000000
0.000000
0.000000
0.000000
0.000000
0.000000
0.000000
0.000000
0.000000
0.000000
0.000000
0.000000
0.000000
0.000000
0.000000
0.000000
0.000000
0.000000
0.000000
0.000000
0.000000
0.000000
0.000000
0.000000
0.000000
0.000000
0.000000
0.099390
0.099390
0.099390
0.099390
0.099390
0.099390
0.099390
0.099390
0.099390
0.099390
0.099390
0.099390
0.099390
0.099390
0.186100
0.186100
0.186100
0.186100
0.186100
0.186100
0.186100
0.186100
0.272800
0.272800
0.272800
0.272800
0.272800
0.272800
0.272800
0.272800
0.272800
0.272800
0.272800
0.272800
0.272800
0.272800
0.359500
0.359500
0.359500
0.359500
0.359500
0.359500
0.359500
0.359500
0.446100
0.446100
0.446100
0.446100
0.446100
0.446100
0.446100
0.446100
0.446100
0.532800
0.532800
0.532800
0.532800
0.532800
0.532800
0.532800
0.532800
0.532800
0.532800
0.532800
0.532800
0.532800
0.619500
0.619500
0.619500
0.619500
0.619500
0.619500
0.619500
0.619500
0.619500
0.619500
0.619500
0.619500
0.619500
0.619500
0.619500
0.619500
0.619500
0.619500
0.619500
0.619500
0.706200
0.706200
0.706200
0.706200
0.706200
0.792900
0.792900
0.792900
0.792900
0.792900
0.792900
0.792900
0.879600
0.879600
0.879600
0.879600
0.879600
0.879600
0.879600
0.879600
0.879600
0.879600
0.966300
0.966300
0.966300
0.966300
0.966300
0.966300
0.966300
0.966300
0.966300
0.966300
0.966300
0.966300
1.053000
1.053000
1.053000
1.053000
1.053000
1.053000
1.053000
1.053000
1.053000
1.053000
1.053000
1.053000
1.053000
1.053000
1.140000
1.140000
1.140000
1.140000
1.140000
1.140000
1.140000
1.226000
1.226000
1.226000
1.226000
1.226000
1.226000
1.226000
1.226000
1.226000
1.313000
1.313000
1.313000
1.313000
1.313000
1.313000
1.400000
1.400000
1.400000
1.400000
1.400000
1.400000
1.400000
1.400000
1.400000
1.486000
1.486000
1.486000
1.486000
1.486000
1.486000
1.486000
1.573000
1.573000
1.573000
1.573000
1.573000
1.573000
1.573000
1.573000
1.573000
1.573000
1.660000
1.660000
1.660000
1.660000
1.660000
1.660000
1.746000
1.746000
1.746000
1.746000
1.746000
1.746000
1.746000
1.746000
1.746000
1.746000
1.746000
1.746000
1.746000
1.833000
1.833000
1.833000
1.833000
1.833000
1.833000
1.833000
1.833000
1.833000
1.833000
1.833000
1.833000
1.833000
1.920000
1.920000
1.920000
1.920000
1.920000
1.920000
1.920000
1.920000
1.920000
1.920000
1.920000
1.920000
1.920000
2.007000
2.007000
2.007000
2.007000
2.007000
2.007000
2.007000
2.007000
2.007000
2.007000
2.007000
2.007000
2.007000
2.007000
2.093000
2.093000
2.093000
2.093000
2.093000
2.093000
2.093000
2.093000
2.093000
2.180000
2.180000
2.180000
2.180000
2.180000
2.180000
2.180000
2.180000
2.180000
2.180000
2.180000
2.267000
2.267000
2.267000
2.267000
2.267000
2.267000
2.267000
2.267000
2.267000
2.267000
2.267000
2.267000
2.267000
2.267000
2.267000
2.267000
2.353000
2.353000
2.353000
2.353000
2.353000
2.353000
2.353000
2.353000
2.440000
2.440000
2.440000
2.440000
2.440000
2.440000
2.527000
2.527000
2.527000
2.527000
2.527000
2.613000
2.613000
2.613000
2.613000
2.613000
2.613000
2.700000
2.700000
2.700000
2.700000
2.700000
2.700000
2.700000
2.787000
2.787000
2.787000
2.787000
2.787000
2.787000
2.787000
2.787000
2.873000
2.873000
2.873000
2.873000
2.873000
2.873000
2.873000
2.873000
2.873000
2.873000
2.873000
2.873000
2.873000
2.873000
2.873000
2.873000
2.873000
2.960000
2.960000
2.960000
2.960000
2.960000
2.960000
2.960000
2.960000
3.047000
3.047000
3.047000
3.047000
3.047000
3.047000
3.047000
3.047000
3.047000
3.047000
3.047000
3.134000
3.134000
3.134000
3.134000
3.134000
3.134000
3.134000
3.134000
3.134000
3.134000
3.134000
3.220000
3.220000
3.220000
3.220000
3.220000
3.220000
3.220000
3.220000
3.307000
3.307000
3.307000
3.307000
3.307000
3.307000
3.307000
3.307000
3.307000
3.307000
3.307000
3.307000
3.307000
3.307000
3.394000
3.394000
3.394000
3.394000
3.394000
3.394000
3.394000
3.394000
3.394000
3.394000
3.480000
3.480000
3.480000
3.480000
3.480000
3.480000
3.480000
3.480000
3.480000
3.480000
3.480000
3.480000
3.480000
3.567000
3.567000
3.567000
3.567000
3.567000
3.567000
3.567000
3.567000
3.567000
3.567000
3.567000
3.654000
3.654000
3.654000
3.654000
3.654000
3.654000
3.654000
3.654000
3.654000
3.654000
3.654000
3.740000
3.740000
3.740000
3.740000
3.740000
3.740000
3.827000
3.827000
3.827000
3.827000
3.827000
3.827000
3.827000
3.914000
3.914000
3.914000
3.914000
3.914000
3.914000
3.914000
3.914000
3.914000
3.914000
3.914000
4.000000
4.000000
4.000000
4.000000
4.000000
4.000000
4.000000
4.000000
4.406000
4.406000
4.406000
4.406000
4.406000
4.406000
4.406000
4.406000
4.406000
4.406000
4.406000
4.406000
4.811000
4.811000
4.811000
4.811000
4.811000
4.811000
4.811000
4.811000
4.811000
4.811000
5.216000
5.216000
5.216000
5.216000
5.216000
5.216000
5.216000
5.216000
5.216000
5.216000
5.216000
5.216000
5.621000
5.621000
5.621000
5.621000
5.621000
5.621000
5.621000
5.621000
6.026000
6.026000
6.026000
6.026000
6.026000
6.026000
6.026000
6.026000
6.026000
6.026000
6.026000
6.431000
6.431000
6.431000
6.431000
6.431000
6.431000
6.431000
6.431000
6.431000
6.836000
6.836000
6.836000
6.836000
6.836000
6.836000
6.836000
6.836000
6.836000
6.836000
7.241000
7.241000
7.241000
7.241000
7.241000
7.241000
7.241000
7.241000
7.241000
7.241000
7.241000
7.241000
7.241000
7.646000
7.646000
7.646000
7.646000
7.646000
7.646000
7.646000
7.646000
7.646000
8.051000
8.051000
8.051000
8.051000
8.051000
8.051000
8.051000
8.051000
8.051000
8.051000
8.456000
8.456000
8.456000
8.456000
8.456000
8.456000
8.456000
8.456000
8.456000
8.861000
8.861000
8.861000
8.861000
8.861000
8.861000
8.861000
8.861000
8.861000
9.266000
9.266000
9.266000
9.266000
9.266000
9.266000
9.672000
9.672000
9.672000
9.672000
9.672000
9.672000
9.672000
9.672000
9.672000
9.672000
9.672000
10.080000
10.080000
10.080000
10.080000
10.080000
10.080000
10.080000
10.080000
10.080000
10.480000
10.480000
10.480000
10.480000
10.480000
10.890000
10.890000
10.890000
10.890000
10.890000
10.890000
10.890000
10.890000
10.890000
10.890000
10.890000
11.290000
11.290000
11.290000
11.290000
11.290000
11.290000
11.290000
11.290000
11.290000
11.700000
11.700000
11.700000
11.700000
11.700000
11.700000
12.100000
12.100000
12.100000
12.100000
12.100000
12.100000
12.510000
12.510000
12.510000
12.910000
12.910000
12.910000
12.910000
12.910000
12.910000
12.910000
12.910000
12.910000
13.320000
13.320000
13.320000
13.320000
13.320000
13.320000
13.320000
13.320000
13.320000
13.320000
13.320000
13.720000
13.720000
13.720000
13.720000
13.720000
13.720000
14.130000
14.130000
14.130000
14.130000
14.130000
14.130000
14.130000
14.530000
14.530000
14.530000
14.530000
14.530000
14.530000
14.530000
14.530000
14.530000
14.530000
14.530000
14.530000
14.530000
14.940000
14.940000
14.940000
14.940000
14.940000
14.940000
14.940000
14.940000
15.340000
15.340000
15.340000
15.340000
15.340000
15.340000
15.340000
15.340000
15.340000
15.340000
15.340000
15.340000
15.340000
15.340000
15.340000
15.340000
15.340000
15.340000
15.750000
15.750000
15.750000
15.750000
15.750000
15.750000
15.750000
15.750000
15.750000
15.750000
16.150000
16.150000
16.150000
16.150000
16.150000
16.150000
16.150000
16.150000
16.150000
16.150000
16.150000
16.150000
16.559999
16.559999
16.559999
16.559999
16.559999
16.559999
16.559999
16.559999
16.959999
16.959999
16.959999
16.959999
16.959999
16.959999
16.959999
16.959999
16.959999
16.959999
17.370001
17.370001
17.370001
17.370001
17.370001
17.370001
17.370001
17.370001
17.370001
17.770000
17.770000
17.770000
18.180000
18.180000
18.180000
18.180000
18.180000
18.180000
18.180000
18.180000
18.180000
18.180000
18.180000
18.180000
18.180000
18.580000
18.580000
18.580000
18.580000
18.580000
18.580000
18.580000
18.580000
18.580000
18.580000
18.580000
18.990000
18.990000
18.990000
18.990000
18.990000
18.990000
18.990000
18.990000
19.389999
19.389999
19.389999
19.389999
19.389999
19.389999
19.389999
19.799999
19.799999
19.799999
19.799999
19.799999
19.799999
19.799999
19.799999
19.799999
19.799999
20.200001
20.200001
20.200001
20.200001
20.200001
20.200001
20.610001
20.610001
20.610001
20.610001
20.610001
20.610001
20.610001
20.610001
20.610001
20.610001
20.610001
21.010000
21.010000
21.010000
21.010000
21.010000
21.010000
21.010000
21.010000
21.010000
21.010000
21.010000
21.010000
21.010000
21.420000
21.420000
21.420000
21.420000
21.420000
21.420000
21.420000
21.420000
21.420000
21.820000
21.820000
21.820000
21.820000
21.820000
21.820000
21.820000
21.820000
21.820000
22.230000
22.230000
22.230000
22.230000
22.230000
22.230000
22.230000
22.230000
22.230000
22.230000
22.230000
28.200001
28.200001
28.200001
28.200001
28.200001
28.200001
28.200001
28.200001
28.200001
28.200001
28.200001
28.200001
34.169998
34.169998
34.169998
34.169998
34.169998
34.169998
34.169998
34.169998
34.169998
34.169998
34.169998
34.169998
40.150002
40.150002
40.150002
40.150002
40.150002
40.150002
40.150002
40.150002
40.150002
40.150002
40.150002
40.150002
40.150002
40.150002
40.150002
40.150002
40.150002
40.150002
46.119999
46.119999
46.119999
46.119999
46.119999
46.119999
46.119999
46.119999
50.599998
50.599998
50.599998
50.599998
50.599998
50.599998
50.599998
50.599998
50.599998
50.599998
50.599998
50.599998
50.599998
