0.000000
0.000000
0.000000
0.000000
0.000000
0.000000
0.000000
0.000000
0.000000
0.000000
0.000000
0.000000
0.000000
0.000000
0.000000
0.000000
0.000000
0.000000
0.000000
0.000000
0.000000
0.000000
0.000000
0.000000
0.000000
0.000000
0.000000
0.000000
0.000000
0.000000
0.000000
0.000000
0.000000
0.000000
0.000000
0.000000
0.000000
0.000000
0.000000
0.000000
0.000000
0.000000
0.000000
0.000000
0.000000
0.000000
0.000000
0.000000
0.200400
0.200400
0.200400
0.200400
0.200400
0.200400
0.200400
0.200400
0.200400
0.200400
0.200400
0.333100
0.333100
0.333100
0.333100
0.333100
0.333100
0.333100
0.333100
0.333100
0.333100
0.333100
0.465700
0.465700
0.465700
0.465700
0.465700
0.465700
0.465700
0.465700
0.465700
0.465700
0.465700
0.465700
0.598400
0.598400
0.598400
0.598400
0.598400
0.598400
0.598400
0.598400
0.598400
0.731000
0.731000
0.731000
0.731000
0.731000
0.863600
0.863600
0.863600
0.863600
0.863600
0.863600
0.863600
0.863600
0.863600
0.863600
0.863600
0.863600
0.996300
0.996300
0.996300
0.996300
1.129000
1.129000
1.129000
1.129000
1.129000
1.129000
1.129000
1.129000
1.129000
1.129000
1.129000
1.129000
1.129000
1.129000
1.129000
1.262000
1.262000
1.262000
1.262000
1.262000
1.262000
1.262000
1.262000
1.394000
1.394000
1.394000
1.394000
1.394000
1.394000
1.394000
1.527000
1.527000
1.527000
1.527000
1.527000
1.527000
1.527000
1.527000
1.659000
1.659000
1.659000
1.659000
1.659000
1.659000
1.659000
1.659000
1.659000
1.659000
1.792000
1.792000
1.792000
1.792000
1.792000
1.792000
1.925000
1.925000
1.925000
1.925000
1.925000
1.925000
1.925000
1.925000
1.925000
1.925000
1.925000
1.925000
1.925000
1.925000
1.925000
1.925000
2.057000
2.057000
2.057000
2.057000
2.057000
2.057000
2.057000
2.057000
2.057000
2.057000
2.057000
2.057000
2.057000
2.057000
2.057000
2.190000
2.190000
2.190000
2.190000
2.190000
2.190000
2.190000
2.323000
2.323000
2.323000
2.323000
2.323000
2.323000
2.323000
2.323000
2.323000
2.455000
2.455000
2.455000
2.455000
2.455000
2.455000
2.455000
2.455000
2.455000
2.455000
2.455000
2.455000
2.588000
2.588000
2.588000
2.588000
2.588000
2.588000
2.588000
2.588000
2.588000
2.721000
2.721000
2.721000
2.721000
2.721000
2.721000
2.721000
2.721000
2.853000
2.853000
2.853000
2.853000
2.853000
2.853000
2.853000
2.986000
2.986000
2.986000
2.986000
2.986000
2.986000
2.986000
2.986000
2.986000
2.986000
2.986000
2.986000
2.986000
3.118000
3.118000
3.118000
3.118000
3.118000
3.118000
3.118000
3.251000
3.251000
3.251000
3.251000
3.251000
3.251000
3.251000
3.251000
3.251000
3.251000
3.251000
3.251000
3.384000
3.384000
3.384000
3.384000
3.516000
3.516000
3.516000
3.516000
3.516000
3.516000
3.516000
3.516000
3.516000
3.516000
3.516000
3.649000
3.649000
3.649000
3.649000
3.649000
3.649000
3.649000
3.649000
3.649000
3.649000
3.649000
3.649000
3.782000
3.782000
3.782000
3.782000
3.782000
3.782000
3.782000
3.782000
3.782000
3.782000
3.782000
3.782000
3.782000
3.782000
3.914000
3.914000
3.914000
3.914000
3.914000
3.914000
3.914000
3.914000
3.914000
3.914000
3.914000
3.914000
4.047000
4.047000
4.047000
4.047000
4.047000
4.047000
4.047000
4.047000
4.047000
4.047000
4.047000
4.180000
4.180000
4.180000
4.180000
4.180000
4.180000
4.312000
4.312000
4.312000
4.312000
4.312000
4.312000
4.312000
4.445000
4.445000
4.445000
4.445000
4.445000
4.445000
4.445000
4.445000
4.577000
4.577000
4.577000
4.577000
4.577000
4.577000
4.577000
4.577000
4.710000
4.710000
4.710000
4.710000
4.710000
4.710000
4.710000
4.710000
4.710000
4.710000
4.710000
4.710000
4.710000
4.710000
4.710000
4.710000
4.843000
4.843000
4.843000
4.843000
4.843000
4.843000
4.843000
4.843000
4.843000
4.843000
4.843000
4.843000
4.843000
4.843000
4.843000
4.843000
4.843000
4.975000
4.975000
4.975000
4.975000
4.975000
4.975000
4.975000
4.975000
4.975000
5.108000
5.108000
5.108000
5.108000
5.108000
5.108000
5.108000
5.108000
5.108000
5.108000
5.108000
5.108000
5.108000
5.108000
5.241000
5.241000
5.241000
5.241000
5.241000
5.241000
5.241000
5.241000
5.241000
5.241000
5.241000
5.241000
5.241000
5.373000
5.373000
5.373000
5.373000
5.373000
5.373000
5.373000
5.373000
5.373000
5.373000
5.373000
5.373000
5.506000
5.506000
5.506000
5.506000
5.506000
5.506000
5.506000
5.506000
5.506000
5.639000
5.639000
5.639000
5.639000
5.639000
5.639000
5.639000
5.639000
5.771000
5.771000
5.771000
5.771000
5.771000
5.771000
5.771000
5.771000
5.771000
5.771000
5.771000
5.771000
5.904000
5.904000
5.904000
5.904000
5.904000
5.904000
5.904000
5.904000
5.904000
5.904000
5.904000
6.036000
6.036000
6.036000
6.036000
6.036000
6.036000
6.036000
6.036000
6.036000
6.036000
6.036000
6.036000
6.036000
6.036000
6.169000
6.169000
6.169000
6.169000
6.169000
6.169000
6.169000
6.169000
6.169000
6.169000
6.169000
7.404000
7.404000
7.404000
7.404000
7.404000
7.404000
7.404000
7.404000
7.404000
8.639000
8.639000
8.639000
8.639000
8.639000
8.639000
8.639000
8.639000
9.875000
9.875000
9.875000
9.875000
9.875000
9.875000
9.875000
9.875000
11.110000
11.110000
11.110000
11.110000
11.110000
11.110000
11.110000
11.110000
11.110000
11.110000
11.110000
12.340000
12.340000
12.340000
12.340000
12.340000
12.340000
12.340000
12.340000
12.340000
12.340000
12.340000
12.340000
12.340000
13.580000
13.580000
13.580000
13.580000
13.580000
14.820000
14.820000
14.820000
14.820000
14.820000
14.820000
14.820000
16.049999
16.049999
16.049999
16.049999
16.049999
17.290001
17.290001
17.290001
18.520000
18.520000
18.520000
18.520000
18.520000
18.520000
18.520000
18.520000
19.760000
19.760000
19.760000
19.760000
19.760000
19.760000
19.760000
19.760000
20.990000
20.990000
20.990000
20.990000
20.990000
20.990000
20.990000
20.990000
20.990000
20.990000
20.990000
20.990000
20.990000
22.230000
22.230000
22.230000
22.230000
22.230000
22.230000
23.459999
23.459999
23.459999
23.459999
23.459999
23.459999
23.459999
23.459999
23.459999
23.459999
23.459999
24.700001
24.700001
24.700001
24.700001
24.700001
24.700001
24.700001
24.700001
24.700001
24.700001
24.700001
24.700001
25.930000
25.930000
25.930000
25.930000
25.930000
25.930000
25.930000
25.930000
25.930000
25.930000
27.170000
27.170000
27.170000
27.170000
27.170000
27.170000
27.170000
27.170000
27.170000
27.170000
27.170000
27.170000
28.400000
28.400000
28.400000
28.400000
28.400000
28.400000
29.639999
29.639999
29.639999
29.639999
29.639999
29.639999
29.639999
29.639999
29.639999
29.639999
29.639999
30.870001
30.870001
30.870001
30.870001
30.870001
30.870001
30.870001
30.870001
30.870001
30.870001
30.870001
32.110001
32.110001
32.110001
32.110001
32.110001
33.340000
33.340000
33.340000
33.340000
33.340000
33.340000
33.340000
33.340000
33.340000
33.340000
33.340000
34.580002
34.580002
34.580002
34.580002
34.580002
34.580002
34.580002
34.580002
34.580002
34.580002
34.580002
34.580002
34.580002
35.810001
35.810001
35.810001
35.810001
35.810001
35.810001
35.810001
35.810001
35.810001
35.810001
35.810001
35.810001
35.810001
35.810001
37.049999
37.049999
37.049999
37.049999
37.049999
37.049999
38.279999
38.279999
38.279999
38.279999
38.279999
38.279999
38.279999
39.520000
39.520000
39.520000
39.520000
39.520000
39.520000
39.520000
39.520000
39.520000
39.520000
39.520000
40.750000
40.750000
40.750000
40.750000
40.750000
40.750000
40.750000
40.750000
40.750000
40.750000
41.990002
41.990002
41.990002
43.220001
43.220001
43.220001
43.220001
43.220001
43.220001
43.220001
43.220001
43.220001
43.220001
43.220001
44.459999
44.459999
44.459999
44.459999
44.459999
44.459999
44.459999
44.459999
44.459999
44.459999
45.689999
45.689999
45.689999
45.689999
45.689999
45.689999
45.689999
45.689999
45.689999
45.689999
45.689999
45.689999
45.689999
45.689999
46.930000
46.930000
46.930000
46.930000
46.930000
46.930000
46.930000
48.160000
48.160000
48.160000
48.160000
48.160000
48.160000
48.160000
48.160000
48.160000
49.400002
49.400002
49.400002
49.400002
49.400002
49.400002
49.400002
49.400002
49.400002
49.400002
49.400002
49.400002
49.400002
50.630001
50.630001
50.630001
50.630001
50.630001
50.630001
50.630001
50.630001
51.869999
51.869999
51.869999
51.869999
51.869999
51.869999
51.869999
51.869999
51.869999
53.099998
53.099998
53.099998
53.099998
53.099998
53.099998
53.099998
53.099998
54.340000
54.340000
54.340000
54.340000
54.340000
54.340000
54.340000
54.340000
54.340000
54.340000
54.340000
54.340000
54.340000
54.340000
54.340000
54.340000
55.570000
55.570000
55.570000
55.570000
55.570000
55.570000
55.570000
55.570000
55.570000
55.570000
56.810001
56.810001
56.810001
56.810001
56.810001
56.810001
56.810001
58.040001
58.040001
58.040001
58.040001
58.040001
58.040001
59.279999
59.279999
59.279999
59.279999
59.279999
59.279999
59.279999
59.279999
60.509998
60.509998
60.509998
60.509998
60.509998
60.509998
60.509998
60.509998
60.509998
60.509998
60.509998
60.509998
61.750000
61.750000
61.750000
61.750000
61.750000
61.750000
61.750000
61.750000
61.750000
61.750000
61.750000
67.769997
67.769997
67.769997
67.769997
67.769997
67.769997
67.769997
67.769997
73.800003
73.800003
73.800003
73.800003
73.800003
73.800003
73.800003
73.800003
73.800003
73.800003
73.800003
73.800003
73.800003
73.800003
73.800003
73.800003
73.800003
73.800003
73.800003
73.800003
73.800003
73.800003
73.800003
79.820000
79.820000
79.820000
79.820000
79.820000
79.820000
79.820000
79.820000
79.820000
79.820000
85.839996
85.839996
85.839996
85.839996
85.839996
85.839996
85.839996
85.839996
85.839996
85.839996
85.839996
85.839996
85.839996
85.839996
85.839996
85.839996
90.360001
90.360001
90.360001
90.360001
90.360001
90.360001
90.360001
