0.000000
0.000000
0.000000
0.000000
0.000000
0.000000
0.000000
0.000000
0.000000
0.000000
0.000000
0.000000
0.000000
0.000000
0.000000
0.000000
0.000000
0.000000
0.000000
0.000000
0.000000
0.000000
0.000000
0.000000
0.000000
0.000000
0.000000
0.000000
0.000000
0.000000
0.000000
0.000000
0.000000
0.000000
0.000000
0.000000
0.000000
0.000000
0.000000
0.000000
0.000000
0.000000
0.000000
0.000000
0.000000
0.000000
0.000000
0.000000
0.000000
0.000000
0.000000
0.000000
0.000000
0.000000
0.000000
0.000000
0.000000
0.000000
0.100000
0.100000
0.100000
0.100000
0.100000
0.100000
0.100000
0.100000
0.100000
0.100000
0.100000
0.193800
0.193800
0.193800
0.193800
0.193800
0.287600
0.287600
0.287600
0.287600
0.287600
0.287600
0.287600
0.287600
0.287600
0.287600
0.381300
0.381300
0.381300
0.381300
0.381300
0.381300
0.475100
0.475100
0.475100
0.475100
0.475100
0.568800
0.568800
0.568800
0.568800
0.568800
0.568800
0.568800
0.568800
0.662600
0.662600
0.662600
0.662600
0.662600
0.662600
0.662600
0.662600
0.662600
0.662600
0.662600
0.662600
0.662600
0.662600
0.756400
0.756400
0.756400
0.756400
0.756400
0.756400
0.756400
0.756400
0.756400
0.756400
0.756400
0.756400
0.756400
0.850100
0.850100
0.850100
0.850100
0.850100
0.850100
0.850100
0.850100
0.850100
0.850100
0.943900
0.943900
0.943900
0.943900
0.943900
0.943900
1.038000
1.038000
1.038000
1.038000
1.038000
1.038000
1.038000
1.038000
1.038000
1.038000
1.131000
1.131000
1.131000
1.131000
1.131000
1.225000
1.225000
1.225000
1.225000
1.225000
1.225000
1.225000
1.225000
1.319000
1.319000
1.319000
1.319000
1.319000
1.319000
1.319000
1.319000
1.319000
1.319000
1.319000
1.319000
1.319000
1.319000
1.413000
1.413000
1.413000
1.413000
1.413000
1.413000
1.413000
1.413000
1.506000
1.506000
1.506000
1.506000
1.506000
1.506000
1.506000
1.506000
1.600000
1.600000
1.600000
1.600000
1.600000
1.600000
1.600000
1.600000
1.600000
1.600000
1.600000
1.600000
1.600000
1.694000
1.694000
1.694000
1.694000
1.694000
1.694000
1.694000
1.694000
1.694000
1.788000
1.788000
1.788000
1.788000
1.788000
1.788000
1.788000
1.788000
1.788000
1.788000
1.881000
1.881000
1.881000
1.881000
1.881000
1.881000
1.881000
1.881000
1.881000
1.975000
1.975000
1.975000
1.975000
1.975000
1.975000
1.975000
2.069000
2.069000
2.069000
2.069000
2.069000
2.069000
2.069000
2.069000
2.069000
2.069000
2.163000
2.163000
2.163000
2.163000
2.163000
2.163000
2.163000
2.163000
2.163000
2.257000
2.257000
2.257000
2.257000
2.257000
2.257000
2.257000
2.350000
2.350000
2.350000
2.350000
2.350000
2.350000
2.350000
2.350000
2.350000
2.350000
2.350000
2.444000
2.444000
2.444000
2.444000
2.444000
2.444000
2.444000
2.444000
2.538000
2.538000
2.538000
2.538000
2.538000
2.538000
2.538000
2.538000
2.538000
2.538000
2.538000
2.538000
2.632000
2.632000
2.632000
2.632000
2.632000
2.632000
2.632000
2.632000
2.632000
2.725000
2.725000
2.725000
2.725000
2.725000
2.725000
2.725000
2.725000
2.725000
2.819000
2.819000
2.819000
2.819000
2.819000
2.819000
2.819000
2.819000
2.913000
2.913000
2.913000
2.913000
2.913000
2.913000
2.913000
2.913000
2.913000
3.007000
3.007000
3.007000
3.007000
3.007000
3.007000
3.007000
3.007000
3.100000
3.100000
3.100000
3.100000
3.100000
3.100000
3.100000
3.100000
3.100000
3.100000
3.100000
3.100000
3.100000
3.100000
3.194000
3.194000
3.194000
3.194000
3.194000
3.194000
3.194000
3.194000
3.194000
3.288000
3.288000
3.288000
3.288000
3.288000
3.288000
3.288000
3.288000
3.382000
3.382000
3.382000
3.382000
3.382000
3.475000
3.475000
3.475000
3.475000
3.475000
3.475000
3.475000
3.475000
3.475000
3.475000
3.475000
3.475000
3.569000
3.569000
3.569000
3.569000
3.569000
3.569000
3.569000
3.569000
3.569000
3.569000
3.569000
3.569000
3.569000
3.569000
3.663000
3.663000
3.663000
3.663000
3.663000
3.757000
3.757000
3.757000
3.757000
3.757000
3.757000
3.757000
3.757000
3.850000
3.850000
3.850000
3.850000
3.850000
3.850000
3.850000
3.850000
3.850000
3.850000
3.850000
3.944000
3.944000
3.944000
3.944000
3.944000
3.944000
3.944000
3.944000
4.038000
4.038000
4.038000
4.038000
4.038000
4.038000
4.038000
4.038000
4.038000
4.038000
4.038000
4.038000
4.038000
4.038000
4.038000
4.132000
4.132000
4.132000
4.132000
4.132000
4.132000
4.132000
4.132000
4.132000
4.132000
4.132000
4.226000
4.226000
4.226000
4.226000
4.226000
4.226000
4.319000
4.319000
4.319000
4.319000
4.319000
4.319000
4.319000
4.319000
4.319000
4.319000
4.319000
4.319000
4.319000
5.088000
5.088000
5.088000
5.088000
5.088000
5.088000
5.088000
5.088000
5.088000
5.088000
5.857000
5.857000
5.857000
5.857000
5.857000
5.857000
5.857000
5.857000
5.857000
5.857000
5.857000
5.857000
5.857000
5.857000
6.626000
6.626000
6.626000
6.626000
6.626000
6.626000
6.626000
6.626000
6.626000
6.626000
7.394000
7.394000
7.394000
7.394000
7.394000
7.394000
7.394000
7.394000
7.394000
7.394000
7.394000
8.163000
8.163000
8.163000
8.163000
8.163000
8.163000
8.163000
8.163000
8.163000
8.163000
8.932000
8.932000
8.932000
8.932000
8.932000
8.932000
8.932000
8.932000
8.932000
9.700000
9.700000
9.700000
9.700000
9.700000
9.700000
9.700000
9.700000
9.700000
9.700000
9.700000
9.700000
9.700000
10.470000
10.470000
10.470000
10.470000
10.470000
10.470000
10.470000
10.470000
10.470000
10.470000
10.470000
10.470000
11.240000
11.240000
11.240000
11.240000
11.240000
12.010000
12.010000
12.010000
12.010000
12.010000
12.010000
12.010000
12.010000
12.010000
12.780000
12.780000
12.780000
12.780000
12.780000
12.780000
12.780000
12.780000
12.780000
12.780000
12.780000
12.780000
13.540000
13.540000
13.540000
13.540000
13.540000
13.540000
13.540000
13.540000
13.540000
13.540000
14.310000
14.310000
14.310000
14.310000
14.310000
14.310000
14.310000
14.310000
15.080000
15.080000
15.080000
15.080000
15.080000
15.080000
15.080000
15.080000
15.080000
15.080000
15.080000
15.850000
15.850000
15.850000
15.850000
15.850000
15.850000
15.850000
15.850000
15.850000
15.850000
16.620001
16.620001
16.620001
16.620001
16.620001
16.620001
16.620001
16.620001
16.620001
16.620001
16.620001
17.389999
17.389999
17.389999
17.389999
17.389999
17.389999
17.389999
17.389999
17.389999
17.389999
17.389999
17.389999
17.389999
18.160000
18.160000
18.160000
18.160000
18.160000
18.160000
18.160000
18.160000
18.160000
18.930000
18.930000
18.930000
18.930000
18.930000
18.930000
18.930000
19.690001
19.690001
19.690001
19.690001
19.690001
19.690001
19.690001
19.690001
19.690001
20.459999
20.459999
20.459999
20.459999
20.459999
20.459999
20.459999
20.459999
20.459999
20.459999
20.459999
20.459999
21.230000
21.230000
21.230000
21.230000
21.230000
21.230000
21.230000
22.000000
22.000000
22.000000
22.000000
22.000000
22.000000
22.000000
22.770000
22.770000
22.770000
22.770000
22.770000
22.770000
22.770000
22.770000
23.540001
23.540001
23.540001
23.540001
23.540001
23.540001
23.540001
23.540001
23.540001
23.540001
23.540001
24.309999
24.309999
24.309999
24.309999
24.309999
24.309999
24.309999
24.309999
24.309999
24.309999
24.309999
25.080000
25.080000
25.080000
25.080000
25.080000
25.080000
25.080000
25.080000
25.080000
25.080000
25.080000
25.080000
25.080000
25.080000
25.080000
25.080000
25.080000
25.080000
25.080000
25.080000
25.840000
25.840000
25.840000
25.840000
25.840000
25.840000
25.840000
25.840000
25.840000
25.840000
25.840000
25.840000
25.840000
25.840000
25.840000
26.610001
26.610001
26.610001
26.610001
26.610001
26.610001
27.379999
27.379999
27.379999
27.379999
27.379999
27.379999
27.379999
27.379999
27.379999
27.379999
28.150000
28.150000
28.150000
28.150000
28.150000
28.150000
28.150000
28.150000
28.150000
28.150000
28.150000
28.150000
28.150000
28.150000
28.920000
28.920000
28.920000
28.920000
28.920000
28.920000
28.920000
28.920000
28.920000
28.920000
28.920000
28.920000
29.690001
29.690001
29.690001
29.690001
29.690001
29.690001
29.690001
29.690001
29.690001
29.690001
29.690001
29.690001
29.690001
30.459999
30.459999
30.459999
30.459999
30.459999
30.459999
31.230000
31.230000
31.230000
31.230000
31.230000
31.230000
31.230000
31.230000
31.230000
31.990000
31.990000
31.990000
31.990000
31.990000
31.990000
31.990000
31.990000
31.990000
31.990000
31.990000
32.759998
32.759998
32.759998
32.759998
32.759998
32.759998
32.759998
32.759998
33.529999
33.529999
33.529999
33.529999
33.529999
33.529999
33.529999
33.529999
33.529999
33.529999
33.529999
34.299999
34.299999
34.299999
34.299999
34.299999
34.299999
34.299999
34.299999
34.299999
34.299999
34.299999
34.299999
34.299999
34.299999
35.070000
35.070000
35.070000
35.070000
35.070000
35.070000
35.070000
35.070000
35.070000
35.070000
35.070000
35.840000
35.840000
35.840000
35.840000
35.840000
35.840000
35.840000
35.840000
35.840000
35.840000
36.610001
36.610001
36.610001
36.610001
36.610001
36.610001
36.610001
36.610001
37.380001
37.380001
37.380001
37.380001
37.380001
37.380001
37.380001
37.380001
37.380001
37.380001
37.380001
38.139999
38.139999
38.139999
38.139999
38.139999
38.139999
38.139999
38.139999
38.139999
38.139999
38.139999
38.139999
38.910000
38.910000
38.910000
38.910000
38.910000
38.910000
38.910000
38.910000
38.910000
38.910000
38.910000
38.910000
45.840000
45.840000
45.840000
45.840000
45.840000
45.840000
45.840000
45.840000
45.840000
45.840000
45.840000
45.840000
52.770000
52.770000
52.770000
52.770000
52.770000
52.770000
52.770000
52.770000
52.770000
59.700001
59.700001
59.700001
59.700001
59.700001
66.629997
66.629997
66.629997
66.629997
66.629997
66.629997
66.629997
66.629997
66.629997
66.629997
66.629997
71.820000
71.820000
71.820000
71.820000
71.820000
