0.000000
0.000000
0.000000
0.000000
0.000000
0.000000
0.000000
0.000000
0.000000
0.000000
0.000000
0.000000
0.000000
0.049080
0.049080
0.049080
0.049080
0.049080
0.049080
0.049080
0.049080
0.049080
0.049080
0.049080
0.049080
0.049080
0.049080
0.206100
0.206100
0.206100
0.206100
0.206100
0.206100
0.206100
0.206100
0.363100
0.363100
0.363100
0.363100
0.363100
0.363100
0.363100
0.363100
0.363100
0.363100
0.363100
0.363100
0.520100
0.520100
0.520100
0.520100
0.520100
0.520100
0.520100
0.520100
0.520100
0.520100
0.566800
0.566800
0.566800
0.566800
0.566800
0.566800
0.566800
0.566800
0.566800
0.566800
0.566800
0.566800
0.566800
0.566800
0.613400
0.613400
0.613400
0.613400
0.613400
0.613400
0.613400
0.613400
0.613400
0.660000
0.660000
0.660000
0.660000
0.660000
0.660000
0.660000
0.660000
0.706700
0.706700
0.706700
0.706700
0.706700
0.706700
0.706700
0.706700
0.706700
0.706700
0.706700
0.706700
0.753300
0.753300
0.753300
0.753300
0.753300
0.753300
0.753300
0.753300
0.799900
0.799900
0.799900
0.799900
0.799900
0.799900
0.799900
0.799900
0.799900
0.799900
0.799900
0.846600
0.846600
0.846600
0.846600
0.846600
0.846600
0.846600
0.846600
0.846600
0.846600
0.846600
0.846600
0.846600
0.846600
0.846600
0.846600
0.893200
0.893200
0.893200
0.893200
0.893200
0.893200
0.893200
0.939800
0.939800
0.939800
0.986500
0.986500
0.986500
0.986500
0.986500
0.986500
0.986500
1.033000
1.033000
1.033000
1.033000
1.033000
1.033000
1.033000
1.033000
1.033000
1.033000
1.033000
1.033000
1.033000
1.033000
1.033000
1.033000
1.033000
1.033000
1.080000
1.080000
1.080000
1.080000
1.080000
1.080000
1.080000
1.080000
1.080000
1.080000
1.080000
1.080000
1.080000
1.126000
1.126000
1.126000
1.126000
1.126000
1.126000
1.126000
1.126000
1.126000
1.126000
1.173000
1.173000
1.173000
1.173000
1.173000
1.173000
1.173000
1.173000
1.173000
1.173000
1.173000
1.173000
1.220000
1.220000
1.220000
1.220000
1.220000
1.220000
1.220000
1.220000
1.220000
1.220000
1.220000
1.220000
1.220000
1.266000
1.266000
1.266000
1.266000
1.266000
1.266000
1.266000
1.266000
1.266000
1.266000
1.266000
1.266000
1.313000
1.313000
1.313000
1.313000
1.313000
1.313000
1.360000
1.360000
1.360000
1.360000
1.360000
1.360000
1.406000
1.406000
1.406000
1.406000
1.406000
1.406000
1.406000
1.406000
1.406000
1.406000
1.406000
1.406000
1.406000
1.406000
1.406000
1.453000
1.453000
1.453000
1.453000
1.453000
1.453000
1.453000
1.453000
1.453000
1.453000
1.499000
1.499000
1.499000
1.499000
1.499000
1.499000
1.499000
1.499000
1.499000
1.546000
1.546000
1.546000
1.546000
1.546000
1.546000
1.546000
1.546000
1.546000
1.546000
1.546000
1.546000
1.593000
1.593000
1.593000
1.593000
1.593000
1.593000
1.593000
1.593000
1.593000
1.593000
1.593000
1.593000
1.593000
1.639000
1.639000
1.639000
1.639000
1.639000
1.639000
1.639000
1.639000
1.639000
1.639000
1.686000
1.686000
1.686000
1.686000
1.686000
1.686000
1.686000
1.686000
1.686000
1.686000
1.686000
1.686000
1.686000
1.686000
1.733000
1.733000
1.733000
1.733000
1.733000
1.733000
1.733000
1.733000
1.733000
1.733000
1.733000
1.733000
1.779000
1.779000
1.779000
1.779000
1.779000
1.779000
1.779000
1.779000
1.826000
1.826000
1.826000
1.826000
1.826000
1.826000
1.826000
1.826000
1.826000
1.826000
1.826000
1.872000
1.872000
1.872000
1.872000
1.872000
1.872000
1.872000
1.872000
1.919000
1.919000
1.919000
1.919000
1.919000
1.919000
1.919000
1.919000
1.919000
1.919000
1.919000
1.919000
1.919000
1.966000
1.966000
1.966000
1.966000
1.966000
1.966000
1.966000
1.966000
2.012000
2.012000
2.012000
2.012000
2.012000
2.012000
2.012000
2.012000
2.059000
2.059000
2.059000
2.059000
2.059000
2.059000
2.059000
2.059000
2.059000
2.106000
2.106000
2.106000
2.106000
2.106000
2.106000
2.106000
2.106000
2.106000
2.152000
2.152000
2.152000
2.152000
2.152000
2.152000
2.152000
2.152000
2.152000
2.152000
2.152000
2.152000
2.152000
2.199000
2.199000
2.199000
2.199000
2.199000
2.199000
2.199000
2.199000
2.199000
2.199000
2.199000
2.199000
2.199000
2.246000
2.246000
2.246000
2.246000
2.246000
2.292000
2.292000
2.292000
2.292000
2.292000
2.292000
2.292000
2.292000
2.292000
2.292000
2.292000
2.339000
2.339000
2.339000
2.339000
2.339000
2.339000
2.339000
2.385000
2.385000
2.385000
2.385000
2.385000
2.385000
2.385000
2.432000
2.432000
2.432000
2.432000
2.432000
2.432000
2.432000
2.432000
2.432000
2.432000
2.479000
2.479000
2.479000
2.479000
2.479000
2.479000
2.479000
2.479000
2.479000
2.479000
2.479000
2.479000
2.479000
2.479000
2.479000
2.479000
2.525000
2.525000
2.525000
2.525000
2.525000
2.525000
2.525000
2.525000
2.525000
2.525000
2.525000
2.572000
2.572000
2.572000
2.572000
2.572000
2.572000
2.572000
2.572000
2.572000
2.619000
2.619000
2.619000
2.619000
2.619000
2.619000
2.619000
2.619000
2.619000
2.619000
2.667000
2.667000
2.667000
2.667000
2.667000
2.667000
2.667000
2.667000
2.667000
2.667000
2.667000
2.716000
2.716000
2.716000
2.716000
2.716000
2.716000
2.716000
2.716000
2.765000
2.765000
2.765000
2.814000
2.814000
2.814000
2.814000
2.814000
2.814000
2.814000
2.814000
2.814000
2.862000
2.862000
2.862000
2.862000
2.862000
2.862000
2.862000
2.862000
2.862000
2.862000
2.862000
2.862000
2.911000
2.911000
2.911000
2.911000
2.911000
2.911000
2.960000
2.960000
2.960000
2.960000
2.960000
2.960000
2.960000
2.960000
3.009000
3.009000
3.009000
3.009000
3.009000
3.009000
3.009000
3.058000
3.058000
3.058000
3.058000
3.058000
3.058000
3.058000
3.058000
3.058000
3.058000
3.106000
3.106000
3.106000
3.106000
3.106000
3.106000
3.106000
3.106000
3.106000
3.155000
3.155000
3.155000
3.155000
3.155000
3.155000
3.155000
3.155000
3.204000
3.204000
3.204000
3.204000
3.204000
3.204000
3.204000
3.253000
3.253000
3.253000
3.253000
3.253000
3.253000
3.253000
3.253000
3.253000
3.301000
3.301000
3.301000
3.301000
3.301000
3.301000
3.301000
3.301000
3.301000
3.301000
3.301000
3.350000
3.350000
3.350000
3.350000
3.350000
3.350000
3.350000
3.350000
3.350000
3.350000
3.350000
3.350000
3.350000
3.350000
3.399000
3.399000
3.399000
3.399000
3.399000
3.399000
3.399000
3.399000
3.399000
3.399000
3.399000
3.448000
3.448000
3.448000
3.448000
3.448000
3.448000
3.448000
3.448000
3.448000
3.497000
3.497000
3.497000
3.497000
3.497000
3.497000
3.497000
3.497000
3.497000
3.545000
3.545000
3.545000
3.545000
3.545000
3.545000
3.545000
3.545000
3.545000
3.545000
3.545000
3.545000
3.594000
3.594000
3.594000
3.594000
3.594000
3.643000
3.643000
3.643000
3.643000
3.692000
3.692000
3.692000
3.692000
3.692000
3.692000
3.740000
3.740000
3.740000
3.740000
3.740000
3.740000
3.740000
3.740000
3.789000
3.789000
3.789000
3.789000
3.789000
3.789000
3.789000
3.789000
3.789000
3.789000
3.838000
3.838000
3.838000
3.838000
3.838000
3.838000
3.838000
3.887000
3.887000
3.887000
3.887000
3.887000
3.887000
3.887000
3.887000
3.887000
3.887000
3.887000
3.936000
3.936000
3.936000
3.936000
3.936000
3.936000
3.936000
3.936000
3.936000
3.936000
3.936000
3.936000
3.984000
3.984000
3.984000
3.984000
3.984000
4.033000
4.033000
4.033000
4.033000
4.033000
4.033000
4.033000
4.082000
4.082000
4.082000
4.082000
4.082000
4.082000
4.082000
4.082000
4.082000
4.082000
4.082000
4.082000
4.082000
4.082000
4.131000
4.131000
4.131000
4.131000
4.131000
4.131000
4.131000
4.131000
4.131000
4.131000
4.179000
4.179000
4.179000
4.179000
4.179000
4.179000
4.179000
4.179000
4.179000
4.228000
4.228000
4.228000
4.228000
4.228000
4.228000
4.228000
4.228000
4.277000
4.277000
4.277000
4.277000
4.277000
4.277000
4.277000
4.277000
4.277000
4.277000
4.277000
4.277000
4.277000
4.277000
4.277000
4.277000
4.277000
4.326000
4.326000
4.326000
4.326000
4.326000
4.326000
4.326000
4.326000
4.326000
4.326000
4.326000
4.375000
4.375000
4.375000
4.375000
4.375000
4.375000
4.375000
4.375000
4.375000
4.375000
4.375000
4.375000
4.375000
4.375000
4.423000
4.423000
4.423000
4.423000
4.423000
4.423000
4.423000
4.472000
4.472000
4.472000
4.472000
4.472000
4.472000
4.472000
4.472000
4.472000
4.472000
4.472000
4.521000
4.521000
4.521000
4.521000
4.521000
4.521000
4.521000
4.521000
4.521000
4.521000
4.570000
4.570000
4.570000
4.570000
4.570000
4.570000
4.618000
4.618000
4.618000
4.618000
4.618000
4.618000
4.618000
4.618000
4.618000
4.618000
4.618000
4.618000
4.618000
4.618000
4.618000
4.618000
4.618000
4.618000
4.618000
4.618000
4.618000
4.667000
4.667000
4.667000
4.667000
4.667000
4.667000
4.667000
4.667000
4.716000
4.716000
4.716000
4.716000
4.716000
4.716000
4.716000
4.716000
4.716000
4.716000
4.765000
4.765000
4.765000
4.765000
4.765000
4.814000
4.814000
4.814000
4.814000
4.814000
4.814000
4.814000
4.814000
4.814000
4.814000
4.814000
4.814000
4.814000
4.814000
4.814000
4.814000
5.045000
5.045000
5.045000
5.045000
5.045000
5.045000
5.045000
5.045000
5.045000
5.045000
5.045000
5.045000
5.276000
5.276000
5.276000
5.276000
5.276000
5.276000
5.276000
5.276000
5.276000
5.276000
5.276000
5.276000
5.507000
5.507000
5.507000
5.507000
5.507000
5.507000
5.507000
5.507000
5.507000
5.738000
5.738000
5.738000
5.738000
5.738000
5.738000
5.738000
5.738000
5.738000
5.738000
5.738000
5.738000
5.738000
5.911000
5.911000
5.911000
5.911000
5.911000
5.911000
