0.000000
0.000000
0.000000
0.000000
0.000000
0.000000
0.000000
0.000000
0.000000
0.000000
0.000000
0.000000
0.000000
0.000000
0.000000
0.000000
0.000000
0.000000
0.000000
0.000000
0.000000
0.000000
0.000000
0.000000
0.000000
0.000000
0.000000
0.000000
0.000000
0.000000
0.000000
0.000000
0.000000
0.000000
0.000000
0.000000
0.000000
0.000000
0.000000
0.000000
0.000000
0.000000
0.000000
0.000000
0.000000
0.000000
0.000000
0.068310
0.068310
0.068310
0.068310
0.068310
0.068310
0.068310
0.068310
0.068310
0.184700
0.184700
0.184700
0.184700
0.184700
0.184700
0.184700
0.184700
0.301000
0.301000
0.301000
0.301000
0.301000
0.301000
0.301000
0.301000
0.417400
0.417400
0.417400
0.417400
0.417400
0.417400
0.417400
0.417400
0.417400
0.533800
0.533800
0.533800
0.533800
0.533800
0.533800
0.533800
0.533800
0.533800
0.533800
0.533800
0.533800
0.650100
0.650100
0.650100
0.650100
0.650100
0.650100
0.766500
0.766500
0.766500
0.766500
0.766500
0.766500
0.766500
0.766500
0.766500
0.766500
0.766500
0.882900
0.882900
0.882900
0.882900
0.882900
0.882900
0.882900
0.882900
0.882900
0.999200
0.999200
0.999200
0.999200
0.999200
0.999200
0.999200
0.999200
0.999200
0.999200
0.999200
0.999200
0.999200
1.116000
1.116000
1.116000
1.116000
1.116000
1.116000
1.116000
1.116000
1.116000
1.232000
1.232000
1.232000
1.232000
1.232000
1.232000
1.232000
1.232000
1.348000
1.348000
1.348000
1.348000
1.348000
1.348000
1.348000
1.348000
1.348000
1.348000
1.348000
1.348000
1.465000
1.465000
1.465000
1.465000
1.465000
1.465000
1.465000
1.465000
1.465000
1.465000
1.465000
1.465000
1.465000
1.581000
1.581000
1.581000
1.581000
1.581000
1.581000
1.581000
1.581000
1.581000
1.697000
1.697000
1.697000
1.697000
1.697000
1.697000
1.697000
1.697000
1.697000
1.697000
1.814000
1.814000
1.814000
1.814000
1.814000
1.814000
1.814000
1.814000
1.814000
1.814000
1.930000
1.930000
1.930000
1.930000
1.930000
2.047000
2.047000
2.047000
2.047000
2.047000
2.047000
2.047000
2.047000
2.047000
2.047000
2.047000
2.047000
2.047000
2.163000
2.163000
2.163000
2.163000
2.163000
2.163000
2.163000
2.279000
2.279000
2.279000
2.279000
2.279000
2.279000
2.279000
2.279000
2.279000
2.279000
2.396000
2.396000
2.396000
2.396000
2.396000
2.396000
2.396000
2.396000
2.396000
2.396000
2.512000
2.512000
2.512000
2.512000
2.512000
2.512000
2.512000
2.512000
2.512000
2.512000
2.512000
2.512000
2.628000
2.628000
2.628000
2.628000
2.628000
2.628000
2.628000
2.628000
2.628000
2.628000
2.628000
2.628000
2.628000
2.628000
2.745000
2.745000
2.745000
2.745000
2.745000
2.745000
2.745000
2.745000
2.745000
2.745000
2.861000
2.861000
2.861000
2.861000
2.861000
2.861000
2.861000
2.861000
2.861000
2.861000
2.861000
2.861000
2.861000
2.977000
2.977000
2.977000
2.977000
2.977000
2.977000
2.977000
2.977000
2.977000
2.977000
2.977000
3.094000
3.094000
3.094000
3.094000
3.094000
3.094000
3.094000
3.094000
3.094000
3.094000
3.094000
3.210000
3.210000
3.210000
3.210000
3.210000
3.210000
3.210000
3.210000
3.210000
3.210000
3.210000
3.210000
3.210000
3.210000
3.210000
3.210000
3.210000
3.210000
3.327000
3.327000
3.327000
3.327000
3.327000
3.327000
3.327000
3.327000
3.327000
3.443000
3.443000
3.443000
3.443000
3.443000
3.443000
3.443000
3.443000
3.443000
3.443000
3.443000
3.443000
3.443000
3.443000
3.443000
3.559000
3.559000
3.559000
3.559000
3.559000
3.676000
3.676000
3.676000
3.676000
3.676000
3.676000
3.676000
3.676000
3.792000
3.792000
3.792000
3.792000
3.792000
3.792000
3.792000
3.792000
3.792000
3.792000
3.792000
3.908000
3.908000
3.908000
3.908000
3.908000
3.908000
3.908000
3.908000
3.908000
3.908000
3.908000
4.025000
4.025000
4.025000
4.025000
4.025000
4.025000
4.025000
4.025000
4.025000
4.025000
4.025000
4.141000
4.141000
4.141000
4.141000
4.141000
4.141000
4.141000
4.141000
4.141000
4.257000
4.257000
4.257000
4.257000
4.257000
4.374000
4.374000
4.374000
4.374000
4.374000
4.374000
4.374000
4.374000
4.374000
4.374000
4.374000
4.490000
4.490000
4.490000
4.490000
4.490000
4.490000
4.490000
4.490000
4.490000
4.490000
4.607000
4.607000
4.607000
4.607000
4.607000
4.607000
4.607000
4.607000
4.607000
4.607000
4.607000
4.723000
4.723000
4.723000
4.723000
4.723000
4.723000
4.723000
4.723000
4.723000
4.839000
4.839000
4.839000
4.839000
4.839000
4.839000
4.839000
4.839000
4.839000
4.839000
4.839000
4.956000
4.956000
4.956000
4.956000
4.956000
4.956000
4.956000
4.956000
4.956000
4.956000
4.956000
4.956000
4.956000
4.956000
4.956000
5.072000
5.072000
5.072000
5.072000
5.072000
5.072000
5.072000
5.072000
5.072000
5.072000
5.072000
5.072000
5.072000
5.188000
5.188000
5.188000
5.188000
5.188000
5.188000
5.188000
5.188000
5.188000
5.305000
5.305000
5.305000
5.305000
5.305000
5.305000
5.305000
5.305000
5.817000
5.817000
5.817000
5.817000
5.817000
5.817000
5.817000
5.817000
5.817000
5.817000
5.817000
6.328000
6.328000
6.328000
6.328000
6.328000
6.328000
6.328000
6.840000
6.840000
6.840000
6.840000
6.840000
6.840000
6.840000
6.840000
6.840000
6.840000
7.352000
7.352000
7.352000
7.352000
7.352000
7.352000
7.352000
7.352000
7.352000
7.864000
7.864000
7.864000
7.864000
7.864000
7.864000
7.864000
7.864000
7.864000
7.864000
7.864000
8.376000
8.376000
8.376000
8.376000
8.376000
8.376000
8.376000
8.376000
8.376000
8.376000
8.376000
8.376000
8.376000
8.376000
8.888000
8.888000
8.888000
8.888000
8.888000
8.888000
8.888000
8.888000
9.400000
9.400000
9.400000
9.400000
9.400000
9.400000
9.400000
9.912000
9.912000
9.912000
9.912000
9.912000
10.420000
10.420000
10.420000
10.420000
10.420000
10.420000
10.420000
10.420000
10.420000
10.420000
10.420000
10.420000
10.940000
10.940000
10.940000
10.940000
10.940000
10.940000
10.940000
10.940000
11.450000
11.450000
11.450000
11.450000
11.450000
11.450000
11.450000
11.450000
11.450000
11.450000
11.960000
11.960000
11.960000
11.960000
11.960000
11.960000
11.960000
11.960000
11.960000
11.960000
11.960000
11.960000
11.960000
11.960000
11.960000
12.470000
12.470000
12.470000
12.470000
12.470000
12.470000
12.470000
12.470000
12.470000
12.470000
12.470000
12.470000
12.470000
12.470000
12.980000
12.980000
12.980000
12.980000
12.980000
13.490000
13.490000
13.490000
13.490000
13.490000
13.490000
13.490000
13.490000
14.010000
14.010000
14.010000
14.010000
14.010000
14.010000
14.010000
14.010000
14.010000
14.520000
14.520000
14.520000
14.520000
14.520000
14.520000
14.520000
14.520000
14.520000
14.520000
15.030000
15.030000
15.030000
15.030000
15.030000
15.030000
15.540000
15.540000
15.540000
15.540000
15.540000
15.540000
15.540000
15.540000
15.540000
15.540000
15.540000
16.049999
16.049999
16.049999
16.049999
16.049999
16.049999
16.049999
16.049999
16.049999
16.049999
16.049999
16.570000
16.570000
16.570000
16.570000
16.570000
17.080000
17.080000
17.080000
17.080000
17.080000
17.080000
17.080000
17.080000
17.080000
17.080000
17.080000
17.590000
17.590000
17.590000
17.590000
17.590000
17.590000
17.590000
17.590000
17.590000
17.590000
17.590000
18.100000
18.100000
18.100000
18.100000
18.100000
18.100000
18.100000
18.100000
18.100000
18.100000
18.100000
18.610001
18.610001
18.610001
18.610001
18.610001
18.610001
18.610001
18.610001
18.610001
19.129999
19.129999
19.129999
19.129999
19.129999
19.129999
19.129999
19.129999
19.129999
19.639999
19.639999
19.639999
19.639999
19.639999
20.150000
20.150000
20.150000
20.150000
20.150000
20.150000
20.150000
20.150000
20.660000
20.660000
20.660000
20.660000
20.660000
20.660000
20.660000
20.660000
20.660000
21.170000
21.170000
21.170000
21.170000
21.170000
21.680000
21.680000
21.680000
21.680000
21.680000
21.680000
21.680000
21.680000
21.680000
21.680000
22.200001
22.200001
22.200001
22.200001
22.200001
22.200001
22.200001
22.200001
22.200001
22.200001
22.709999
22.709999
22.709999
22.709999
22.709999
22.709999
22.709999
22.709999
22.709999
22.709999
22.709999
22.709999
22.709999
23.219999
23.219999
23.219999
23.219999
23.219999
23.219999
23.219999
23.219999
23.730000
23.730000
23.730000
23.730000
24.240000
24.240000
24.240000
24.240000
24.240000
24.240000
24.240000
24.240000
24.240000
24.240000
24.760000
24.760000
24.760000
24.760000
24.760000
24.760000
24.760000
25.270000
25.270000
25.270000
25.270000
25.270000
25.270000
25.270000
25.270000
25.270000
25.270000
25.270000
25.270000
25.270000
25.270000
25.270000
25.780001
25.780001
25.780001
25.780001
25.780001
25.780001
25.780001
25.780001
25.780001
25.780001
25.780001
25.780001
25.780001
25.780001
25.780001
26.290001
26.290001
26.290001
26.290001
26.290001
26.290001
26.290001
26.290001
26.290001
26.290001
26.290001
26.290001
26.290001
26.799999
26.799999
26.799999
26.799999
26.799999
26.799999
26.799999
26.799999
26.799999
26.799999
26.799999
26.799999
26.799999
26.799999
26.799999
27.320000
27.320000
27.320000
27.320000
27.320000
27.320000
27.320000
27.830000
27.830000
27.830000
27.830000
27.830000
27.830000
27.830000
27.830000
27.830000
27.830000
27.830000
28.340000
28.340000
28.340000
28.340000
28.340000
28.340000
32.959999
32.959999
32.959999
32.959999
32.959999
32.959999
32.959999
32.959999
32.959999
37.580002
37.580002
37.580002
37.580002
37.580002
37.580002
37.580002
37.580002
37.580002
37.580002
37.580002
37.580002
37.580002
42.200001
42.200001
42.200001
42.200001
42.200001
42.200001
42.200001
42.200001
42.200001
42.200001
46.820000
46.820000
46.820000
46.820000
46.820000
46.820000
46.820000
46.820000
46.820000
46.820000
50.290001
50.290001
50.290001
50.290001
50.290001
50.290001
50.290001
50.290001
50.290001
50.290001
50.290001
50.290001
