0.000000
0.000000
0.000000
0.000000
0.000000
0.000000
0.000000
0.000000
0.000000
0.000000
0.000000
0.000000
0.000000
0.000000
0.000000
0.000000
0.000000
0.000000
0.000000
0.000000
0.000000
0.000000
0.000000
0.000000
0.000000
0.000000
0.000000
0.000000
0.000000
0.000000
0.000000
0.000000
0.000000
0.000000
0.000000
0.000000
0.000000
0.000000
0.000000
0.000000
0.000000
0.000000
0.000000
0.073160
0.073160
0.073160
0.073160
0.073160
0.073160
0.073160
0.156800
0.156800
0.156800
0.156800
0.156800
0.156800
0.156800
0.156800
0.156800
0.156800
0.156800
0.156800
0.240500
0.240500
0.240500
0.240500
0.240500
0.240500
0.240500
0.240500
0.240500
0.240500
0.240500
0.240500
0.240500
0.324100
0.324100
0.324100
0.324100
0.324100
0.324100
0.324100
0.324100
0.324100
0.407800
0.407800
0.407800
0.407800
0.407800
0.407800
0.407800
0.407800
0.407800
0.491400
0.491400
0.491400
0.491400
0.491400
0.491400
0.491400
0.575100
0.575100
0.575100
0.575100
0.575100
0.575100
0.575100
0.575100
0.575100
0.658800
0.658800
0.658800
0.658800
0.658800
0.658800
0.658800
0.658800
0.658800
0.658800
0.658800
0.742400
0.742400
0.742400
0.742400
0.742400
0.742400
0.742400
0.742400
0.742400
0.826100
0.826100
0.826100
0.826100
0.826100
0.826100
0.826100
0.826100
0.826100
0.909700
0.909700
0.909700
0.909700
0.909700
0.993400
0.993400
0.993400
0.993400
0.993400
0.993400
0.993400
0.993400
0.993400
0.993400
1.077000
1.077000
1.077000
1.077000
1.077000
1.077000
1.077000
1.077000
1.077000
1.077000
1.077000
1.077000
1.161000
1.161000
1.161000
1.161000
1.161000
1.161000
1.161000
1.161000
1.161000
1.161000
1.244000
1.244000
1.244000
1.244000
1.244000
1.244000
1.244000
1.244000
1.244000
1.244000
1.244000
1.244000
1.244000
1.244000
1.328000
1.328000
1.328000
1.328000
1.328000
1.328000
1.328000
1.328000
1.328000
1.328000
1.328000
1.412000
1.412000
1.412000
1.412000
1.412000
1.495000
1.495000
1.495000
1.495000
1.495000
1.495000
1.495000
1.495000
1.495000
1.579000
1.579000
1.579000
1.579000
1.579000
1.579000
1.579000
1.579000
1.579000
1.579000
1.579000
1.579000
1.663000
1.663000
1.663000
1.663000
1.663000
1.663000
1.663000
1.746000
1.746000
1.746000
1.746000
1.746000
1.746000
1.746000
1.746000
1.746000
1.746000
1.746000
1.746000
1.746000
1.746000
1.746000
1.746000
1.830000
1.830000
1.830000
1.830000
1.830000
1.830000
1.830000
1.830000
1.830000
1.914000
1.914000
1.914000
1.914000
1.914000
1.914000
1.914000
1.914000
1.914000
1.914000
1.997000
1.997000
1.997000
1.997000
1.997000
1.997000
1.997000
1.997000
1.997000
1.997000
1.997000
1.997000
1.997000
2.081000
2.081000
2.081000
2.081000
2.081000
2.165000
2.165000
2.165000
2.165000
2.165000
2.165000
2.165000
2.165000
2.165000
2.165000
2.165000
2.248000
2.248000
2.248000
2.248000
2.248000
2.248000
2.248000
2.248000
2.248000
2.332000
2.332000
2.332000
2.332000
2.332000
2.332000
2.332000
2.332000
2.332000
2.332000
2.332000
2.332000
2.332000
2.332000
2.332000
2.416000
2.416000
2.416000
2.416000
2.416000
2.416000
2.416000
2.416000
2.416000
2.416000
2.416000
2.499000
2.499000
2.499000
2.499000
2.499000
2.583000
2.583000
2.583000
2.583000
2.583000
2.583000
2.583000
2.667000
2.667000
2.667000
2.667000
2.667000
2.667000
2.667000
2.667000
2.667000
2.667000
2.667000
2.667000
2.667000
2.667000
2.750000
2.750000
2.750000
2.750000
2.750000
2.750000
2.750000
2.750000
2.750000
2.750000
2.834000
2.834000
2.834000
2.834000
2.834000
2.834000
2.834000
2.834000
2.834000
2.834000
2.834000
2.834000
2.918000
2.918000
2.918000
2.918000
2.918000
2.918000
2.918000
2.918000
2.918000
3.001000
3.001000
3.001000
3.001000
3.001000
3.001000
3.001000
3.001000
3.001000
3.001000
3.001000
3.001000
3.001000
3.085000
3.085000
3.085000
3.085000
3.085000
3.085000
3.085000
3.085000
3.085000
3.085000
3.085000
3.085000
3.085000
3.168000
3.168000
3.168000
3.168000
3.168000
3.168000
3.168000
3.168000
3.252000
3.252000
3.252000
3.252000
3.252000
3.252000
3.252000
3.252000
3.252000
3.252000
3.252000
3.336000
3.336000
3.336000
3.336000
3.336000
3.336000
3.336000
3.336000
3.336000
3.336000
3.336000
3.419000
3.419000
3.419000
3.419000
3.419000
3.419000
3.419000
3.419000
3.419000
3.419000
3.419000
3.503000
3.503000
3.503000
3.503000
3.503000
3.503000
3.503000
3.503000
3.503000
3.587000
3.587000
3.587000
3.587000
3.587000
3.670000
3.670000
3.670000
3.670000
3.670000
3.670000
3.670000
3.670000
3.670000
3.670000
3.670000
3.670000
3.670000
3.754000
3.754000
3.754000
3.754000
3.754000
3.754000
3.754000
3.838000
3.838000
3.838000
3.838000
3.838000
3.838000
3.838000
3.838000
3.838000
3.838000
3.838000
4.243000
4.243000
4.243000
4.243000
4.243000
4.243000
4.243000
4.243000
4.649000
4.649000
4.649000
4.649000
4.649000
4.649000
4.649000
4.649000
5.055000
5.055000
5.055000
5.055000
5.055000
5.055000
5.055000
5.055000
5.055000
5.055000
5.055000
5.055000
5.055000
5.055000
5.055000
5.461000
5.461000
5.461000
5.461000
5.461000
5.461000
5.461000
5.461000
5.461000
5.866000
5.866000
5.866000
5.866000
5.866000
5.866000
5.866000
5.866000
5.866000
5.866000
5.866000
5.866000
6.272000
6.272000
6.272000
6.272000
6.272000
6.272000
6.272000
6.272000
6.272000
6.272000
6.678000
6.678000
6.678000
6.678000
6.678000
6.678000
6.678000
6.678000
6.678000
6.678000
6.678000
6.678000
6.678000
6.678000
6.678000
6.678000
6.678000
7.083000
7.083000
7.083000
7.083000
7.083000
7.083000
7.083000
7.083000
7.083000
7.083000
7.083000
7.489000
7.489000
7.489000
7.489000
7.489000
7.489000
7.489000
7.489000
7.489000
7.489000
7.489000
7.895000
7.895000
7.895000
7.895000
7.895000
7.895000
7.895000
7.895000
7.895000
7.895000
7.895000
7.895000
7.895000
7.895000
8.301000
8.301000
8.706000
8.706000
8.706000
8.706000
8.706000
8.706000
8.706000
8.706000
8.706000
8.706000
9.112000
9.112000
9.112000
9.112000
9.112000
9.112000
9.112000
9.112000
9.112000
9.112000
9.112000
9.112000
9.112000
9.112000
9.112000
9.518000
9.518000
9.518000
9.518000
9.518000
9.518000
9.518000
9.923000
9.923000
9.923000
9.923000
10.330000
10.330000
10.330000
10.330000
10.330000
10.330000
10.330000
10.330000
10.330000
10.330000
10.330000
10.730000
10.730000
10.730000
10.730000
10.730000
10.730000
10.730000
10.730000
10.730000
10.730000
10.730000
10.730000
10.730000
10.730000
10.730000
10.730000
10.730000
10.730000
10.730000
11.140000
11.140000
11.140000
11.140000
11.140000
11.140000
11.140000
11.140000
11.140000
11.140000
11.140000
11.140000
11.140000
11.550000
11.550000
11.550000
11.550000
11.550000
11.550000
11.550000
11.550000
11.550000
11.550000
11.950000
11.950000
11.950000
11.950000
11.950000
11.950000
11.950000
11.950000
11.950000
11.950000
11.950000
12.360000
12.360000
12.360000
12.360000
12.360000
12.360000
12.360000
12.360000
12.360000
12.360000
12.360000
12.760000
12.760000
12.760000
12.760000
12.760000
12.760000
12.760000
12.760000
13.170000
13.170000
13.170000
13.170000
13.170000
13.170000
13.170000
13.170000
13.170000
13.170000
13.170000
13.170000
13.170000
13.170000
13.170000
13.170000
13.570000
13.570000
13.570000
13.570000
13.570000
13.570000
13.570000
13.570000
13.980000
13.980000
13.980000
13.980000
13.980000
13.980000
13.980000
13.980000
13.980000
13.980000
13.980000
13.980000
13.980000
13.980000
14.390000
14.390000
14.390000
14.390000
14.390000
14.390000
14.390000
14.390000
14.390000
14.390000
14.390000
14.790000
14.790000
14.790000
14.790000
14.790000
15.200000
15.200000
15.200000
15.200000
15.200000
15.200000
15.200000
15.200000
15.200000
15.600000
15.600000
15.600000
15.600000
15.600000
15.600000
15.600000
15.600000
15.600000
15.600000
15.600000
16.010000
16.010000
16.010000
16.010000
16.010000
16.010000
16.010000
16.010000
16.010000
16.010000
16.010000
16.410000
16.410000
16.410000
16.410000
16.410000
16.410000
16.410000
16.820000
16.820000
16.820000
16.820000
16.820000
16.820000
16.820000
16.820000
16.820000
16.820000
16.820000
16.820000
16.820000
17.230000
17.230000
17.230000
17.230000
17.230000
17.230000
17.230000
17.230000
17.230000
17.629999
17.629999
17.629999
17.629999
17.629999
17.629999
17.629999
17.629999
17.629999
18.040001
18.040001
18.040001
18.040001
18.440001
18.440001
18.440001
18.440001
18.440001
18.440001
18.440001
18.440001
18.850000
18.850000
18.850000
18.850000
18.850000
18.850000
19.250000
19.250000
19.250000
19.250000
19.250000
19.250000
19.250000
19.660000
19.660000
19.660000
19.660000
19.660000
19.660000
19.660000
19.660000
19.660000
19.660000
20.070000
20.070000
20.070000
20.070000
20.070000
20.070000
20.070000
20.070000
20.070000
20.070000
20.070000
20.070000
20.070000
20.469999
20.469999
20.469999
20.469999
20.469999
20.469999
20.469999
20.469999
20.879999
20.879999
20.879999
20.879999
20.879999
21.280001
21.280001
21.280001
21.280001
21.280001
21.280001
21.280001
21.280001
21.280001
21.280001
21.280001
21.280001
21.690001
21.690001
21.690001
21.690001
21.690001
21.690001
21.690001
21.690001
21.690001
22.090000
22.090000
22.090000
22.090000
22.090000
22.090000
22.090000
22.090000
22.090000
22.090000
22.090000
22.090000
22.090000
25.709999
25.709999
25.709999
25.709999
29.330000
29.330000
32.950001
32.950001
32.950001
32.950001
32.950001
32.950001
32.950001
32.950001
32.950001
32.950001
32.950001
32.950001
32.950001
32.950001
32.950001
32.950001
32.950001
36.570000
36.570000
36.570000
36.570000
36.570000
36.570000
36.570000
36.570000
36.570000
36.570000
36.570000
39.290001
39.290001
39.290001
39.290001
39.290001
39.290001
39.290001
39.290001
39.290001
39.290001
39.290001
