0.000000
0.000000
0.000000
0.000000
0.000000
0.000000
0.000000
0.000000
0.000000
0.000000
0.000000
0.000000
0.000000
0.000000
0.000000
0.000000
0.000000
0.000000
0.000000
0.000000
0.000000
0.000000
0.000000
0.000000
0.000000
0.000000
0.000000
0.000000
0.000000
0.000000
0.000000
0.000000
0.000000
0.000000
0.000000
0.000000
0.000000
0.000000
0.000000
0.000000
0.000000
0.000000
0.000000
0.000000
0.000000
0.055880
0.055880
0.055880
0.055880
0.055880
0.111900
0.111900
0.111900
0.111900
0.111900
0.111900
0.167800
0.167800
0.167800
0.167800
0.167800
0.167800
0.167800
0.167800
0.167800
0.167800
0.223800
0.223800
0.223800
0.223800
0.223800
0.223800
0.223800
0.223800
0.223800
0.279800
0.279800
0.279800
0.279800
0.279800
0.279800
0.279800
0.279800
0.279800
0.279800
0.335800
0.335800
0.335800
0.335800
0.335800
0.335800
0.335800
0.335800
0.335800
0.335800
0.391700
0.391700
0.391700
0.391700
0.391700
0.391700
0.391700
0.391700
0.391700
0.447700
0.447700
0.447700
0.447700
0.447700
0.447700
0.503700
0.503700
0.503700
0.503700
0.503700
0.503700
0.503700
0.503700
0.559700
0.559700
0.559700
0.559700
0.559700
0.559700
0.615600
0.615600
0.615600
0.615600
0.615600
0.615600
0.615600
0.615600
0.615600
0.615600
0.671600
0.671600
0.671600
0.671600
0.671600
0.671600
0.671600
0.671600
0.671600
0.671600
0.671600
0.727600
0.727600
0.727600
0.727600
0.727600
0.727600
0.727600
0.727600
0.727600
0.727600
0.783600
0.783600
0.783600
0.783600
0.783600
0.783600
0.783600
0.783600
0.783600
0.783600
0.783600
0.839500
0.839500
0.839500
0.839500
0.839500
0.839500
0.839500
0.839500
0.839500
0.839500
0.895500
0.895500
0.895500
0.895500
0.895500
0.895500
0.895500
0.895500
0.951500
0.951500
0.951500
0.951500
0.951500
0.951500
1.007000
1.007000
1.007000
1.007000
1.007000
1.007000
1.007000
1.007000
1.007000
1.007000
1.007000
1.007000
1.063000
1.063000
1.063000
1.063000
1.063000
1.063000
1.119000
1.119000
1.119000
1.119000
1.119000
1.119000
1.119000
1.119000
1.119000
1.119000
1.119000
1.119000
1.175000
1.175000
1.175000
1.175000
1.175000
1.175000
1.175000
1.175000
1.231000
1.231000
1.231000
1.231000
1.231000
1.231000
1.231000
1.231000
1.231000
1.231000
1.287000
1.287000
1.287000
1.287000
1.287000
1.287000
1.287000
1.287000
1.287000
1.287000
1.287000
1.287000
1.287000
1.287000
1.287000
1.287000
1.287000
1.287000
1.287000
1.287000
1.343000
1.343000
1.343000
1.343000
1.343000
1.343000
1.343000
1.343000
1.343000
1.343000
1.343000
1.343000
1.399000
1.399000
1.399000
1.399000
1.399000
1.399000
1.399000
1.399000
1.399000
1.399000
1.455000
1.455000
1.455000
1.455000
1.455000
1.455000
1.455000
1.455000
1.455000
1.511000
1.511000
1.511000
1.511000
1.511000
1.511000
1.511000
1.511000
1.511000
1.511000
1.511000
1.511000
1.511000
1.567000
1.567000
1.567000
1.567000
1.567000
1.567000
1.567000
1.567000
1.567000
1.567000
1.567000
1.567000
1.567000
1.623000
1.623000
1.623000
1.623000
1.623000
1.623000
1.623000
1.623000
1.679000
1.679000
1.679000
1.679000
1.679000
1.679000
1.679000
1.679000
1.679000
1.679000
1.679000
1.679000
1.735000
1.735000
1.735000
1.735000
1.735000
1.735000
1.735000
1.735000
1.735000
1.735000
1.791000
1.791000
1.791000
1.791000
1.791000
1.791000
1.847000
1.847000
1.847000
1.847000
1.847000
1.847000
1.847000
1.903000
1.903000
1.903000
1.903000
1.903000
1.903000
1.903000
1.903000
1.903000
1.903000
1.959000
1.959000
1.959000
1.959000
1.959000
1.959000
1.959000
1.959000
1.959000
1.959000
2.015000
2.015000
2.015000
2.015000
2.015000
2.015000
2.015000
2.015000
2.015000
2.015000
2.015000
2.015000
2.015000
2.015000
2.015000
2.015000
2.015000
2.015000
2.015000
2.071000
2.071000
2.071000
2.071000
2.071000
2.071000
2.071000
2.071000
2.071000
2.071000
2.071000
2.071000
2.127000
2.127000
2.127000
2.127000
2.127000
2.127000
2.127000
2.183000
2.183000
2.183000
2.183000
2.183000
2.183000
2.183000
2.239000
2.239000
2.239000
2.239000
2.239000
2.239000
2.295000
2.295000
2.295000
2.295000
2.295000
2.295000
2.295000
2.295000
2.295000
2.295000
2.351000
2.351000
2.351000
2.351000
2.351000
2.351000
2.351000
2.351000
2.351000
2.351000
2.351000
2.351000
2.407000
2.407000
2.407000
2.407000
2.407000
2.407000
2.407000
2.407000
2.407000
2.407000
2.407000
2.407000
2.463000
2.463000
2.463000
2.463000
2.463000
2.463000
2.463000
2.463000
2.463000
2.519000
2.519000
2.519000
2.519000
2.519000
2.519000
2.519000
2.519000
2.519000
2.519000
2.519000
2.519000
2.519000
2.519000
2.519000
2.575000
2.575000
2.575000
2.575000
2.575000
2.575000
2.575000
2.575000
2.575000
3.610000
3.610000
3.610000
3.610000
3.610000
3.610000
3.610000
3.610000
3.610000
3.610000
3.610000
3.610000
3.610000
3.610000
3.610000
4.645000
4.645000
5.680000
5.680000
5.680000
5.680000
5.680000
5.680000
5.680000
5.680000
5.680000
5.680000
5.680000
5.680000
5.680000
5.680000
6.716000
6.716000
6.716000
6.716000
6.716000
6.716000
7.751000
7.751000
7.751000
7.751000
7.751000
7.751000
7.751000
7.751000
7.751000
7.751000
7.751000
7.751000
7.751000
7.751000
7.751000
8.786000
8.786000
8.786000
8.786000
8.786000
8.786000
8.786000
8.786000
8.786000
8.786000
8.786000
8.786000
8.786000
9.821000
9.821000
9.821000
9.821000
9.821000
9.821000
10.860000
10.860000
10.860000
10.860000
10.860000
10.860000
10.860000
10.860000
11.890000
11.890000
11.890000
11.890000
11.890000
11.890000
11.890000
11.890000
12.930000
12.930000
12.930000
12.930000
12.930000
12.930000
12.930000
12.930000
12.930000
12.930000
12.930000
12.930000
13.960000
13.960000
13.960000
13.960000
13.960000
13.960000
13.960000
13.960000
13.960000
15.000000
15.000000
15.000000
15.000000
15.000000
15.000000
15.000000
15.000000
15.000000
15.000000
15.000000
15.000000
15.000000
15.000000
15.000000
16.030001
16.030001
16.030001
16.030001
16.030001
16.030001
16.030001
16.030001
16.030001
17.070000
17.070000
17.070000
17.070000
17.070000
17.070000
17.070000
17.070000
17.070000
18.100000
18.100000
18.100000
18.100000
18.100000
18.100000
18.100000
18.100000
18.100000
18.100000
18.100000
18.100000
18.100000
18.100000
19.139999
19.139999
19.139999
19.139999
19.139999
19.139999
19.139999
19.139999
19.139999
19.139999
20.170000
20.170000
20.170000
20.170000
20.170000
20.170000
21.209999
21.209999
21.209999
21.209999
21.209999
21.209999
21.209999
21.209999
21.209999
21.209999
21.209999
22.240000
22.240000
22.240000
22.240000
22.240000
22.240000
22.240000
22.240000
22.240000
22.240000
22.240000
22.240000
23.280001
23.280001
23.280001
23.280001
23.280001
23.280001
23.280001
23.280001
23.280001
24.309999
24.309999
24.309999
24.309999
24.309999
24.309999
24.309999
24.309999
24.309999
24.309999
24.309999
24.309999
24.309999
24.309999
24.309999
25.350000
25.350000
25.350000
25.350000
25.350000
25.350000
25.350000
25.350000
25.350000
25.350000
25.350000
25.350000
25.350000
26.379999
26.379999
26.379999
26.379999
26.379999
26.379999
26.379999
26.379999
26.379999
27.420000
27.420000
27.420000
27.420000
27.420000
27.420000
27.420000
28.450001
28.450001
28.450001
28.450001
28.450001
28.450001
28.450001
28.450001
28.450001
28.450001
28.450001
28.450001
28.450001
28.450001
29.490000
29.490000
29.490000
29.490000
29.490000
29.490000
29.490000
29.490000
29.490000
29.490000
30.520000
30.520000
30.520000
30.520000
30.520000
30.520000
30.520000
30.520000
30.520000
31.559999
31.559999
31.559999
31.559999
31.559999
31.559999
31.559999
31.559999
31.559999
31.559999
31.559999
32.599998
32.599998
32.599998
32.599998
32.599998
32.599998
32.599998
32.599998
33.630001
33.630001
33.630001
33.630001
33.630001
33.630001
33.630001
33.630001
33.630001
33.630001
33.630001
34.669998
34.669998
34.669998
34.669998
34.669998
34.669998
34.669998
34.669998
34.669998
34.669998
34.669998
34.669998
35.700001
35.700001
35.700001
35.700001
35.700001
35.700001
35.700001
35.700001
35.700001
36.740002
36.740002
36.740002
36.740002
36.740002
36.740002
36.740002
36.740002
36.740002
36.740002
36.740002
37.770000
37.770000
37.770000
37.770000
37.770000
37.770000
37.770000
37.770000
37.770000
37.770000
37.770000
37.770000
38.810001
38.810001
38.810001
38.810001
38.810001
38.810001
38.810001
38.810001
38.810001
39.840000
39.840000
39.840000
39.840000
39.840000
39.840000
39.840000
40.880001
40.880001
40.880001
40.880001
40.880001
40.880001
40.880001
40.880001
40.880001
40.880001
41.910000
41.910000
41.910000
41.910000
41.910000
41.910000
41.910000
41.910000
41.910000
41.910000
41.910000
41.910000
42.950001
42.950001
42.950001
42.950001
42.950001
42.950001
43.980000
43.980000
43.980000
43.980000
43.980000
43.980000
43.980000
43.980000
43.980000
43.980000
43.980000
43.980000
43.980000
43.980000
43.980000
43.980000
45.020000
45.020000
45.020000
45.020000
45.020000
45.020000
45.020000
45.020000
45.020000
45.020000
46.049999
46.049999
46.049999
46.049999
46.049999
46.049999
46.049999
46.049999
46.049999
46.049999
46.049999
46.049999
46.049999
47.090000
47.090000
47.090000
47.090000
47.090000
47.090000
47.090000
47.090000
47.090000
48.119999
48.119999
48.119999
48.119999
48.119999
48.119999
48.119999
49.160000
49.160000
49.160000
49.160000
49.160000
49.160000
49.160000
49.160000
49.160000
59.650002
59.650002
59.650002
59.650002
59.650002
59.650002
59.650002
70.139999
70.139999
70.139999
70.139999
70.139999
70.139999
70.139999
70.139999
70.139999
80.639999
80.639999
80.639999
80.639999
80.639999
80.639999
80.639999
80.639999
91.129997
91.129997
91.129997
91.129997
91.129997
91.129997
91.129997
91.129997
91.129997
91.129997
91.129997
99.000000
99.000000
99.000000
99.000000
99.000000
99.000000
99.000000
