0.000000
0.000000
0.000000
0.000000
0.000000
0.000000
0.000000
0.000000
0.000000
0.000000
0.000000
0.000000
0.000000
0.000000
0.000000
0.000000
0.000000
0.000000
0.000000
0.000000
0.000000
0.000000
0.000000
0.000000
0.000000
0.000000
0.000000
0.000000
0.000000
0.000000
0.000000
0.000000
0.000000
0.000000
0.000000
0.000000
0.000000
0.000000
0.000000
0.000000
0.000000
0.000000
0.000000
0.000000
0.000000
0.000000
0.000000
0.000000
0.000000
0.000000
0.135600
0.135600
0.135600
0.135600
0.135600
0.135600
0.135600
0.135600
0.135600
0.135600
0.207200
0.207200
0.207200
0.207200
0.207200
0.207200
0.278800
0.278800
0.278800
0.278800
0.278800
0.278800
0.278800
0.278800
0.350400
0.350400
0.350400
0.350400
0.350400
0.350400
0.350400
0.350400
0.350400
0.350400
0.350400
0.350400
0.422000
0.422000
0.422000
0.422000
0.422000
0.422000
0.422000
0.422000
0.422000
0.422000
0.422000
0.422000
0.422000
0.493500
0.493500
0.493500
0.493500
0.493500
0.493500
0.493500
0.493500
0.493500
0.493500
0.493500
0.493500
0.493500
0.493500
0.565100
0.565100
0.565100
0.565100
0.565100
0.565100
0.565100
0.565100
0.565100
0.565100
0.565100
0.565100
0.636700
0.636700
0.636700
0.636700
0.636700
0.636700
0.636700
0.636700
0.636700
0.708300
0.708300
0.708300
0.708300
0.708300
0.708300
0.708300
0.708300
0.708300
0.708300
0.708300
0.708300
0.779900
0.779900
0.779900
0.779900
0.779900
0.779900
0.779900
0.779900
0.779900
0.851500
0.851500
0.851500
0.851500
0.851500
0.851500
0.851500
0.851500
0.923100
0.923100
0.923100
0.923100
0.923100
0.923100
0.923100
0.923100
0.994700
0.994700
0.994700
0.994700
0.994700
0.994700
0.994700
0.994700
0.994700
0.994700
1.066000
1.066000
1.066000
1.066000
1.066000
1.066000
1.138000
1.138000
1.138000
1.138000
1.210000
1.210000
1.210000
1.210000
1.210000
1.281000
1.281000
1.281000
1.281000
1.281000
1.281000
1.281000
1.281000
1.281000
1.281000
1.353000
1.353000
1.353000
1.353000
1.353000
1.353000
1.353000
1.353000
1.353000
1.353000
1.424000
1.424000
1.424000
1.424000
1.424000
1.424000
1.424000
1.496000
1.496000
1.496000
1.496000
1.496000
1.496000
1.496000
1.496000
1.567000
1.567000
1.567000
1.567000
1.567000
1.567000
1.567000
1.567000
1.567000
1.639000
1.639000
1.639000
1.639000
1.639000
1.639000
1.711000
1.711000
1.711000
1.711000
1.711000
1.711000
1.711000
1.711000
1.711000
1.711000
1.711000
1.711000
1.782000
1.782000
1.782000
1.782000
1.782000
1.782000
1.782000
1.782000
1.782000
1.782000
1.782000
1.782000
1.782000
1.854000
1.854000
1.854000
1.854000
1.854000
1.854000
1.854000
1.925000
1.925000
1.925000
1.925000
1.925000
1.925000
1.925000
1.925000
1.997000
1.997000
1.997000
1.997000
1.997000
1.997000
2.069000
2.069000
2.069000
2.069000
2.069000
2.069000
2.069000
2.069000
2.069000
2.069000
2.069000
2.069000
2.069000
2.069000
2.069000
2.069000
2.140000
2.140000
2.140000
2.140000
2.140000
2.140000
2.140000
2.140000
2.140000
2.140000
2.212000
2.212000
2.212000
2.212000
2.212000
2.212000
2.212000
2.212000
2.212000
2.212000
2.212000
2.212000
2.212000
2.212000
2.212000
2.283000
2.283000
2.283000
2.283000
2.283000
2.283000
2.283000
2.283000
2.283000
2.283000
2.283000
2.283000
2.283000
2.283000
2.283000
2.283000
2.355000
2.355000
2.355000
2.355000
2.355000
2.355000
2.355000
2.427000
2.427000
2.427000
2.427000
2.427000
2.427000
2.498000
2.498000
2.498000
2.498000
2.498000
2.498000
2.498000
2.498000
2.498000
2.498000
2.498000
2.570000
2.570000
2.570000
2.570000
2.570000
2.570000
2.570000
2.570000
2.570000
2.641000
2.641000
2.641000
2.641000
2.641000
2.641000
2.641000
2.641000
2.713000
2.713000
2.713000
2.713000
2.713000
2.713000
2.713000
2.713000
2.713000
2.713000
2.713000
2.785000
2.785000
2.785000
2.785000
2.785000
2.785000
2.785000
2.785000
2.785000
2.856000
2.856000
2.856000
2.856000
2.856000
2.856000
2.856000
2.856000
2.856000
2.856000
2.856000
2.856000
2.928000
2.928000
2.928000
2.928000
2.928000
2.928000
2.928000
2.928000
2.928000
2.928000
2.928000
2.928000
2.928000
2.999000
2.999000
2.999000
2.999000
2.999000
2.999000
2.999000
2.999000
2.999000
2.999000
2.999000
2.999000
3.071000
3.071000
3.071000
3.071000
3.071000
3.071000
3.071000
3.071000
3.071000
3.071000
3.071000
3.071000
3.071000
3.143000
3.143000
3.143000
3.143000
3.143000
3.143000
3.214000
3.214000
3.214000
3.214000
3.214000
3.214000
3.214000
3.214000
3.214000
3.286000
3.286000
3.286000
3.286000
3.286000
3.286000
3.286000
3.286000
3.286000
3.286000
3.357000
3.357000
3.357000
3.357000
3.357000
3.357000
3.357000
3.357000
3.357000
3.357000
3.357000
3.357000
3.357000
3.357000
3.973000
3.973000
3.973000
3.973000
3.973000
3.973000
3.973000
3.973000
3.973000
3.973000
3.973000
3.973000
4.588000
4.588000
4.588000
4.588000
4.588000
4.588000
4.588000
4.588000
5.203000
5.203000
5.203000
5.203000
5.203000
5.203000
5.203000
5.203000
5.819000
5.819000
5.819000
5.819000
5.819000
5.819000
5.819000
5.819000
5.819000
6.434000
6.434000
6.434000
6.434000
6.434000
6.434000
6.434000
6.434000
6.434000
6.434000
6.434000
7.050000
7.050000
7.050000
7.050000
7.050000
7.665000
7.665000
7.665000
7.665000
7.665000
7.665000
7.665000
8.280000
8.280000
8.280000
8.280000
8.280000
8.280000
8.280000
8.280000
8.896000
8.896000
8.896000
8.896000
8.896000
8.896000
8.896000
8.896000
8.896000
8.896000
8.896000
8.896000
8.896000
8.896000
9.511000
9.511000
9.511000
9.511000
9.511000
9.511000
9.511000
9.511000
9.511000
9.511000
9.511000
9.511000
10.130000
10.130000
10.130000
10.740000
10.740000
10.740000
10.740000
10.740000
10.740000
10.740000
10.740000
10.740000
11.360000
11.360000
11.360000
11.360000
11.360000
11.360000
11.360000
11.360000
11.360000
11.970000
11.970000
11.970000
11.970000
11.970000
11.970000
11.970000
11.970000
11.970000
11.970000
11.970000
11.970000
11.970000
11.970000
12.590000
12.590000
12.590000
12.590000
12.590000
12.590000
12.590000
12.590000
12.590000
12.590000
12.590000
12.590000
12.590000
12.590000
12.590000
13.200000
13.200000
13.200000
13.200000
13.200000
13.200000
13.200000
13.820000
13.820000
13.820000
13.820000
13.820000
13.820000
13.820000
13.820000
13.820000
13.820000
14.430000
14.430000
14.430000
14.430000
14.430000
14.430000
14.430000
14.430000
14.430000
14.430000
14.430000
14.430000
14.430000
15.050000
15.050000
15.050000
15.050000
15.050000
15.050000
15.050000
15.660000
15.660000
15.660000
15.660000
15.660000
15.660000
15.660000
15.660000
15.660000
15.660000
15.660000
15.660000
15.660000
15.660000
15.660000
15.660000
15.660000
16.280001
16.280001
16.280001
16.280001
16.280001
16.280001
16.280001
16.280001
16.280001
16.280001
16.280001
16.280001
16.280001
16.280001
16.900000
16.900000
16.900000
16.900000
16.900000
16.900000
17.510000
17.510000
17.510000
17.510000
17.510000
17.510000
17.510000
17.510000
17.510000
17.510000
17.510000
18.129999
18.129999
18.129999
18.129999
18.129999
18.129999
18.129999
18.129999
18.129999
18.129999
18.740000
18.740000
18.740000
18.740000
18.740000
18.740000
18.740000
18.740000
18.740000
18.740000
18.740000
18.740000
18.740000
19.360001
19.360001
19.360001
19.360001
19.360001
19.360001
19.360001
19.969999
19.969999
19.969999
19.969999
19.969999
19.969999
19.969999
19.969999
19.969999
19.969999
19.969999
20.590000
20.590000
20.590000
20.590000
20.590000
20.590000
20.590000
20.590000
20.590000
20.590000
20.590000
20.590000
20.590000
20.590000
21.200001
21.200001
21.200001
21.200001
21.200001
21.200001
21.200001
21.200001
21.820000
21.820000
21.820000
21.820000
21.820000
21.820000
21.820000
21.820000
21.820000
21.820000
21.820000
22.430000
22.430000
22.430000
22.430000
22.430000
23.049999
23.049999
23.049999
23.049999
23.049999
23.049999
23.049999
23.049999
23.660000
23.660000
23.660000
23.660000
23.660000
23.660000
23.660000
23.660000
23.660000
23.660000
23.660000
23.660000
23.660000
23.660000
24.280001
24.280001
24.280001
24.280001
24.280001
24.280001
24.280001
24.280001
24.280001
24.900000
24.900000
24.900000
24.900000
24.900000
24.900000
24.900000
24.900000
24.900000
24.900000
24.900000
24.900000
24.900000
24.900000
24.900000
25.510000
25.510000
25.510000
25.510000
25.510000
25.510000
25.510000
25.510000
25.510000
25.510000
26.129999
26.129999
26.129999
26.129999
26.129999
26.129999
26.129999
26.129999
26.129999
26.129999
26.129999
26.129999
26.740000
26.740000
26.740000
26.740000
26.740000
26.740000
26.740000
26.740000
27.360001
27.360001
27.360001
27.360001
27.360001
27.360001
27.360001
27.360001
27.969999
27.969999
27.969999
27.969999
27.969999
27.969999
28.590000
28.590000
28.590000
28.590000
28.590000
28.590000
28.590000
28.590000
28.590000
29.200001
29.200001
29.200001
29.200001
29.200001
29.200001
29.200001
29.200001
29.200001
29.200001
29.200001
29.820000
29.820000
29.820000
29.820000
29.820000
29.820000
29.820000
29.820000
29.820000
29.820000
30.430000
30.430000
30.430000
30.430000
30.430000
30.430000
30.430000
30.430000
30.430000
30.430000
30.430000
30.430000
30.430000
30.430000
30.430000
30.430000
31.049999
31.049999
31.049999
31.049999
31.049999
31.049999
31.049999
31.049999
31.049999
31.049999
31.049999
31.049999
37.410000
37.410000
37.410000
37.410000
37.410000
37.410000
37.410000
37.410000
37.410000
37.410000
43.779999
43.779999
43.779999
43.779999
43.779999
43.779999
43.779999
43.779999
43.779999
43.779999
43.779999
43.779999
50.150002
50.150002
50.150002
50.150002
50.150002
50.150002
50.150002
50.150002
50.150002
50.150002
56.509998
56.509998
56.509998
56.509998
56.509998
56.509998
56.509998
61.290001
61.290001
61.290001
61.290001
61.290001
61.290001
