0.000000
0.000000
0.000000
0.000000
0.000000
0.000000
0.000000
0.000000
0.000000
0.000000
0.000000
0.000000
0.000000
0.000000
0.000000
0.000000
0.000000
0.000000
0.000000
0.000000
0.000000
0.000000
0.000000
0.000000
0.000000
0.000000
0.000000
0.000000
0.000000
0.000000
0.000000
0.000000
0.000000
0.000000
0.000000
0.000000
0.000000
0.000000
0.000000
0.000000
0.000000
0.000000
0.000000
0.000000
0.000000
0.000000
0.000000
0.000000
0.000000
0.000000
0.000000
0.000000
0.000000
0.000000
1.105000
1.105000
1.105000
1.105000
1.105000
1.105000
1.105000
1.105000
1.105000
1.736000
1.736000
1.736000
1.736000
1.736000
1.736000
1.736000
1.736000
1.736000
1.736000
1.736000
2.366000
2.366000
2.366000
2.366000
2.366000
2.366000
2.366000
2.366000
2.366000
2.366000
2.366000
2.366000
2.996000
2.996000
2.996000
2.996000
2.996000
2.996000
2.996000
2.996000
2.996000
2.996000
2.996000
3.626000
3.626000
3.626000
3.626000
3.626000
3.626000
3.626000
3.626000
3.626000
4.256000
4.256000
4.256000
4.256000
4.256000
4.256000
4.256000
4.256000
4.256000
4.256000
4.256000
4.887000
4.887000
4.887000
4.887000
4.887000
4.887000
4.887000
4.887000
4.887000
5.517000
5.517000
5.517000
5.517000
5.517000
5.517000
5.517000
5.517000
6.147000
6.147000
6.147000
6.147000
6.147000
6.147000
6.147000
6.147000
6.147000
6.147000
6.147000
6.777000
6.777000
6.777000
6.777000
6.777000
6.777000
6.777000
7.407000
7.407000
7.407000
7.407000
7.407000
7.407000
8.038000
8.038000
8.038000
8.038000
8.038000
8.038000
8.038000
8.038000
8.038000
8.038000
8.668000
8.668000
8.668000
8.668000
8.668000
8.668000
8.668000
8.668000
8.668000
8.668000
8.668000
8.668000
8.668000
8.668000
8.668000
9.298000
9.298000
9.298000
9.298000
9.298000
9.298000
9.298000
9.298000
9.928000
9.928000
9.928000
9.928000
9.928000
9.928000
9.928000
9.928000
10.560000
10.560000
10.560000
10.560000
10.560000
10.560000
10.560000
10.560000
10.560000
10.560000
11.190000
11.190000
11.190000
11.190000
11.190000
11.190000
11.190000
11.190000
11.820000
11.820000
11.820000
11.820000
11.820000
11.820000
11.820000
11.820000
11.820000
11.820000
12.450000
12.450000
12.450000
12.450000
12.450000
12.450000
12.450000
12.450000
12.450000
12.450000
12.450000
12.450000
12.450000
12.450000
12.450000
12.450000
13.080000
13.080000
13.080000
13.080000
13.080000
13.080000
13.080000
13.080000
13.080000
13.080000
13.080000
13.080000
13.080000
13.080000
13.710000
13.710000
13.710000
13.710000
13.710000
13.710000
13.710000
13.710000
13.710000
13.710000
13.710000
14.340000
14.340000
14.340000
14.340000
14.340000
14.340000
14.340000
14.970000
14.970000
14.970000
14.970000
14.970000
14.970000
14.970000
14.970000
14.970000
14.970000
14.970000
14.970000
15.600000
15.600000
15.600000
15.600000
15.600000
15.600000
15.600000
15.600000
15.600000
15.600000
15.600000
16.230000
16.230000
16.230000
16.230000
16.230000
16.230000
16.230000
16.230000
16.230000
16.230000
16.230000
16.230000
16.230000
16.860001
16.860001
16.860001
16.860001
16.860001
16.860001
16.860001
16.860001
16.860001
16.860001
16.860001
16.860001
17.490000
17.490000
17.490000
17.490000
17.490000
17.490000
17.490000
17.490000
18.120001
18.120001
18.120001
18.120001
18.120001
18.120001
18.120001
18.120001
18.120001
18.120001
18.750000
18.750000
18.750000
18.750000
18.750000
18.750000
18.750000
18.750000
18.750000
18.750000
19.379999
19.379999
19.379999
19.379999
19.379999
19.379999
19.379999
19.379999
19.379999
20.010000
20.010000
20.010000
20.010000
20.010000
20.010000
20.010000
20.010000
20.010000
20.010000
20.010000
20.010000
20.010000
20.639999
20.639999
20.639999
20.639999
20.639999
20.639999
20.639999
20.639999
20.639999
20.639999
20.639999
21.270000
21.270000
21.270000
21.270000
21.270000
21.270000
21.270000
21.270000
21.270000
21.900000
21.900000
21.900000
21.900000
21.900000
21.900000
21.900000
21.900000
22.530001
22.530001
22.530001
22.530001
22.530001
22.530001
22.530001
22.530001
22.530001
22.530001
22.530001
22.530001
22.530001
23.160000
23.160000
23.160000
23.160000
23.160000
23.160000
23.160000
23.160000
23.160000
23.160000
23.790001
23.790001
23.790001
23.790001
23.790001
23.790001
23.790001
23.790001
23.790001
24.420000
24.420000
24.420000
24.420000
24.420000
24.420000
24.420000
24.420000
24.420000
24.420000
24.420000
24.420000
24.420000
24.420000
25.049999
25.049999
25.049999
25.049999
25.049999
25.049999
25.049999
25.049999
25.049999
25.680000
25.680000
25.680000
25.680000
25.680000
25.680000
25.680000
25.680000
25.680000
25.680000
25.680000
25.680000
26.309999
26.309999
26.309999
26.309999
26.309999
26.309999
26.309999
26.309999
26.309999
26.309999
26.309999
26.309999
26.940001
26.940001
26.940001
26.940001
26.940001
26.940001
26.940001
26.940001
26.940001
27.570000
27.570000
27.570000
27.570000
27.570000
27.570000
27.570000
27.570000
27.570000
27.570000
27.570000
27.570000
28.200001
28.200001
28.200001
28.200001
28.200001
28.200001
28.200001
28.200001
28.200001
28.200001
28.830000
28.830000
28.830000
28.830000
28.830000
28.830000
28.830000
28.830000
28.830000
28.830000
28.830000
28.830000
28.830000
29.459999
29.459999
29.459999
29.459999
29.459999
29.459999
29.459999
29.459999
29.459999
30.639999
30.639999
30.639999
30.639999
31.809999
31.809999
31.809999
31.809999
31.809999
31.809999
31.809999
31.809999
31.809999
31.809999
31.809999
32.990002
32.990002
32.990002
32.990002
32.990002
32.990002
32.990002
32.990002
34.160000
34.160000
34.160000
34.160000
34.160000
34.160000
34.160000
35.340000
35.340000
35.340000
35.340000
35.340000
35.340000
35.340000
36.509998
36.509998
36.509998
36.509998
36.509998
36.509998
36.509998
36.509998
37.689999
37.689999
37.689999
37.689999
37.689999
37.689999
37.689999
37.689999
38.860001
38.860001
38.860001
38.860001
38.860001
38.860001
38.860001
38.860001
38.860001
38.860001
38.860001
38.860001
38.860001
38.860001
40.040001
40.040001
40.040001
40.040001
40.040001
40.040001
40.040001
40.040001
41.209999
41.209999
41.209999
41.209999
41.209999
41.209999
41.209999
41.209999
41.209999
42.380001
42.380001
42.380001
42.380001
42.380001
42.380001
42.380001
42.380001
42.380001
42.380001
42.380001
42.380001
42.380001
43.560001
43.560001
43.560001
43.560001
43.560001
43.560001
43.560001
44.730000
44.730000
44.730000
44.730000
44.730000
44.730000
44.730000
44.730000
44.730000
44.730000
44.730000
44.730000
45.910000
45.910000
45.910000
45.910000
45.910000
45.910000
45.910000
45.910000
45.910000
45.910000
45.910000
45.910000
45.910000
45.910000
47.080002
47.080002
47.080002
47.080002
47.080002
47.080002
47.080002
47.080002
48.259998
48.259998
48.259998
48.259998
48.259998
48.259998
49.430000
49.430000
49.430000
49.430000
49.430000
50.610001
50.610001
50.610001
50.610001
50.610001
50.610001
50.610001
50.610001
50.610001
50.610001
51.779999
51.779999
51.779999
51.779999
51.779999
52.959999
52.959999
52.959999
52.959999
52.959999
52.959999
52.959999
52.959999
54.130001
54.130001
54.130001
54.130001
54.130001
54.130001
54.130001
54.130001
54.130001
54.130001
54.130001
55.299999
55.299999
55.299999
55.299999
55.299999
55.299999
55.299999
55.299999
55.299999
56.480000
56.480000
56.480000
56.480000
56.480000
56.480000
56.480000
56.480000
56.480000
56.480000
56.480000
57.650002
57.650002
57.650002
57.650002
57.650002
57.650002
57.650002
57.650002
57.650002
57.650002
57.650002
58.830002
58.830002
58.830002
58.830002
58.830002
58.830002
58.830002
58.830002
58.830002
58.830002
58.830002
60.000000
60.000000
60.000000
61.180000
61.180000
61.180000
61.180000
61.180000
61.180000
61.180000
61.180000
61.180000
62.349998
62.349998
62.349998
62.349998
62.349998
62.349998
62.349998
62.349998
62.349998
62.349998
62.349998
62.349998
62.349998
63.529999
63.529999
63.529999
63.529999
63.529999
63.529999
63.529999
63.529999
63.529999
63.529999
63.529999
63.529999
64.699997
64.699997
64.699997
64.699997
64.699997
64.699997
64.699997
64.699997
64.699997
64.699997
64.699997
64.699997
64.699997
64.699997
65.879997
65.879997
65.879997
65.879997
65.879997
65.879997
65.879997
65.879997
65.879997
65.879997
65.879997
65.879997
65.879997
65.879997
67.050003
67.050003
67.050003
67.050003
67.050003
67.050003
67.050003
67.050003
68.220001
68.220001
68.220001
68.220001
68.220001
68.220001
68.220001
68.220001
68.220001
68.220001
68.220001
68.220001
68.220001
69.400002
69.400002
69.400002
69.400002
69.400002
69.400002
69.400002
69.400002
69.400002
69.400002
70.570000
70.570000
70.570000
70.570000
70.570000
70.570000
70.570000
70.570000
70.570000
70.570000
71.750000
71.750000
71.750000
71.750000
71.750000
71.750000
71.750000
71.750000
71.750000
71.750000
71.750000
71.750000
71.750000
71.750000
71.750000
71.750000
72.919998
72.919998
72.919998
72.919998
72.919998
72.919998
72.919998
72.919998
72.919998
72.919998
72.919998
72.919998
74.099998
74.099998
74.099998
74.099998
74.099998
74.099998
74.099998
74.099998
74.099998
74.099998
75.269997
75.269997
75.269997
75.269997
75.269997
75.269997
75.269997
75.269997
75.269997
75.269997
76.449997
76.449997
76.449997
76.449997
76.449997
76.449997
76.449997
77.620003
77.620003
77.620003
77.620003
77.620003
77.620003
77.620003
78.800003
78.800003
78.800003
78.800003
78.800003
78.800003
79.970001
79.970001
79.970001
79.970001
79.970001
79.970001
79.970001
79.970001
79.970001
79.970001
79.970001
79.970001
79.970001
81.150002
81.150002
81.150002
81.150002
81.150002
81.150002
81.150002
81.150002
81.150002
82.320000
82.320000
82.320000
82.320000
82.320000
82.320000
82.320000
87.860001
87.860001
87.860001
87.860001
87.860001
87.860001
87.860001
87.860001
87.860001
87.860001
93.400002
93.400002
93.400002
98.930000
98.930000
98.930000
98.930000
98.930000
98.930000
98.930000
98.930000
98.930000
98.930000
98.930000
98.930000
104.500000
104.500000
104.500000
104.500000
104.500000
104.500000
104.500000
108.599998
108.599998
108.599998
108.599998
108.599998
108.599998
108.599998
