10.980000
10.980000
10.980000
10.980000
10.980000
10.980000
10.980000
10.980000
10.980000
12.170000
12.170000
13.770000
13.770000
13.770000
13.770000
13.770000
15.370000
15.370000
15.370000
15.370000
15.370000
15.370000
15.370000
15.370000
15.370000
15.370000
16.959999
16.959999
16.959999
16.959999
16.959999
16.959999
16.959999
18.559999
18.559999
18.559999
18.559999
18.559999
18.559999
18.730000
18.730000
18.730000
18.730000
18.730000
18.730000
18.730000
18.730000
18.730000
18.730000
18.730000
18.730000
18.900000
18.900000
18.900000
18.900000
18.900000
18.900000
18.900000
18.900000
18.900000
19.080000
19.080000
19.080000
19.080000
19.080000
19.080000
19.080000
19.080000
19.080000
19.080000
19.250000
19.250000
19.250000
19.250000
19.250000
19.250000
19.250000
19.250000
19.250000
19.420000
19.420000
19.420000
19.420000
19.420000
19.420000
19.420000
19.420000
19.420000
19.420000
19.420000
19.590000
19.590000
19.590000
19.590000
19.590000
19.590000
19.590000
19.590000
19.590000
19.590000
19.770000
19.770000
19.770000
19.770000
19.770000
19.770000
19.770000
19.770000
19.940001
19.940001
19.940001
19.940001
19.940001
20.110001
20.110001
20.110001
20.110001
20.110001
20.110001
20.110001
20.110001
20.110001
20.110001
20.110001
20.110001
20.110001
20.110001
20.290001
20.290001
20.290001
20.290001
20.290001
20.290001
20.290001
20.290001
20.290001
20.290001
20.290001
20.290001
20.459999
20.459999
20.459999
20.459999
20.459999
20.459999
20.459999
20.459999
20.629999
20.629999
20.629999
20.629999
20.629999
20.629999
20.629999
20.629999
20.629999
20.629999
20.629999
20.809999
20.809999
20.809999
20.809999
20.809999
20.809999
20.809999
20.809999
20.809999
20.809999
20.809999
20.809999
20.809999
20.809999
20.809999
20.809999
20.809999
20.809999
20.980000
20.980000
20.980000
20.980000
20.980000
20.980000
20.980000
20.980000
20.980000
20.980000
21.150000
21.150000
21.150000
21.150000
21.150000
21.150000
21.150000
21.150000
21.150000
21.150000
21.150000
21.150000
21.150000
21.150000
21.330000
21.330000
21.330000
21.330000
21.330000
21.330000
21.330000
21.330000
21.330000
21.330000
21.500000
21.500000
21.500000
21.500000
21.500000
21.500000
21.500000
21.500000
21.500000
21.500000
21.500000
21.500000
21.500000
21.500000
21.670000
21.670000
21.670000
21.670000
21.670000
21.670000
21.670000
21.670000
21.670000
21.850000
21.850000
21.850000
21.850000
21.850000
21.850000
22.020000
22.020000
22.020000
22.020000
22.020000
22.020000
22.020000
22.020000
22.020000
22.020000
22.020000
22.190001
22.190001
22.190001
22.190001
22.190001
22.190001
22.190001
22.190001
22.190001
22.190001
22.190001
22.190001
22.190001
22.190001
22.190001
22.190001
22.360001
22.360001
22.360001
22.360001
22.360001
22.360001
22.360001
22.360001
22.540001
22.540001
22.540001
22.540001
22.540001
22.540001
22.540001
22.540001
22.540001
22.540001
22.709999
22.709999
22.709999
22.709999
22.709999
22.709999
22.709999
22.709999
22.709999
22.709999
22.709999
22.709999
22.879999
22.879999
22.879999
22.879999
22.879999
22.879999
22.879999
22.879999
22.879999
22.879999
22.879999
23.059999
23.059999
23.059999
23.059999
23.059999
23.230000
23.230000
23.230000
23.230000
23.230000
23.230000
23.400000
23.400000
23.400000
23.400000
23.400000
23.400000
23.400000
23.400000
23.400000
23.400000
23.400000
23.580000
23.580000
23.580000
23.580000
23.580000
23.580000
23.580000
23.580000
23.750000
23.750000
23.750000
23.750000
23.750000
23.750000
23.920000
23.920000
23.920000
23.920000
23.920000
23.920000
23.920000
23.920000
23.920000
23.920000
23.920000
23.920000
23.920000
23.920000
23.920000
24.100000
24.100000
24.100000
24.100000
24.100000
24.100000
24.100000
24.100000
24.100000
24.100000
24.270000
24.270000
24.270000
24.270000
24.270000
24.270000
24.270000
24.270000
24.270000
24.270000
24.440001
24.440001
24.440001
24.440001
24.440001
24.440001
24.440001
24.440001
24.620001
24.620001
24.620001
24.620001
24.620001
24.620001
24.620001
24.620001
24.790001
24.790001
24.790001
24.790001
24.790001
24.790001
24.790001
24.790001
24.790001
24.790001
24.790001
24.790001
24.790001
24.790001
24.790001
24.959999
24.959999
24.959999
24.959999
24.959999
25.129999
25.129999
25.129999
25.129999
25.129999
25.129999
25.129999
25.129999
25.309999
25.309999
25.309999
25.309999
25.309999
25.309999
25.309999
25.309999
25.309999
25.309999
25.480000
25.480000
25.480000
25.480000
25.480000
25.480000
25.480000
25.480000
25.480000
25.480000
25.480000
25.480000
25.480000
25.480000
25.480000
25.650000
25.650000
25.650000
25.650000
25.650000
25.650000
25.650000
25.650000
25.650000
25.650000
25.650000
25.650000
25.650000
25.650000
25.830000
25.830000
25.830000
25.830000
25.830000
25.830000
25.830000
25.830000
25.830000
25.830000
25.830000
25.830000
25.830000
26.000000
26.000000
26.000000
26.000000
26.000000
26.000000
26.000000
26.000000
26.000000
26.000000
26.000000
26.000000
26.000000
26.000000
26.170000
26.170000
26.170000
26.170000
26.170000
26.170000
26.170000
26.170000
26.170000
26.170000
26.170000
26.350000
26.350000
26.350000
26.350000
26.350000
26.350000
26.350000
26.350000
26.350000
26.540001
26.540001
26.540001
26.730000
26.730000
26.730000
26.730000
26.730000
26.730000
26.730000
26.730000
26.730000
26.730000
26.730000
26.730000
26.920000
26.920000
26.920000
26.920000
26.920000
26.920000
26.920000
26.920000
27.110001
27.110001
27.110001
27.110001
27.110001
27.110001
27.309999
27.309999
27.309999
27.309999
27.309999
27.309999
27.500000
27.500000
27.500000
27.500000
27.500000
27.500000
27.500000
27.500000
27.500000
27.500000
27.500000
27.500000
27.500000
27.500000
27.690001
27.690001
27.690001
27.690001
27.690001
27.690001
27.690001
27.690001
27.690001
27.879999
27.879999
27.879999
27.879999
27.879999
27.879999
27.879999
27.879999
27.879999
27.879999
27.879999
27.879999
27.879999
28.070000
28.070000
28.070000
28.070000
28.070000
28.070000
28.070000
28.070000
28.070000
28.070000
28.270000
28.270000
28.270000
28.270000
28.270000
28.270000
28.270000
28.270000
28.270000
28.270000
28.270000
28.459999
28.459999
28.459999
28.459999
28.459999
28.459999
28.459999
28.459999
28.459999
28.459999
28.459999
28.459999
28.459999
28.650000
28.650000
28.650000
28.650000
28.650000
28.650000
28.650000
28.650000
28.840000
28.840000
28.840000
28.840000
28.840000
28.840000
28.840000
28.840000
28.840000
28.840000
28.840000
28.840000
28.840000
29.030001
29.030001
29.030001
29.030001
29.030001
29.030001
29.030001
29.030001
29.230000
29.230000
29.230000
29.230000
29.230000
29.230000
29.230000
29.230000
29.230000
29.230000
29.230000
29.230000
29.420000
29.420000
29.420000
29.420000
29.420000
29.420000
29.420000
29.420000
29.420000
29.420000
29.420000
29.420000
29.420000
29.420000
29.420000
29.420000
29.420000
29.610001
29.610001
29.610001
29.610001
29.610001
29.610001
29.610001
29.610001
29.610001
29.610001
29.610001
29.799999
29.799999
29.799999
29.799999
29.799999
29.799999
29.799999
29.799999
29.990000
29.990000
29.990000
29.990000
29.990000
29.990000
29.990000
29.990000
29.990000
29.990000
30.190001
30.190001
30.190001
30.190001
30.190001
30.190001
30.190001
30.190001
30.190001
30.379999
30.379999
30.379999
30.379999
30.379999
30.379999
30.379999
30.379999
30.379999
30.379999
30.379999
30.379999
30.379999
30.379999
30.379999
30.379999
30.379999
30.570000
30.570000
30.570000
30.570000
30.570000
30.570000
30.570000
30.570000
30.760000
30.760000
30.760000
30.760000
30.760000
30.760000
30.760000
30.950001
30.950001
30.950001
30.950001
30.950001
30.950001
30.950001
30.950001
30.950001
30.950001
30.950001
30.950001
30.950001
30.950001
30.950001
31.150000
31.150000
31.150000
31.150000
31.150000
31.150000
31.150000
31.150000
31.340000
31.340000
31.340000
31.340000
31.340000
31.340000
31.340000
31.340000
31.340000
31.340000
31.530001
31.530001
31.530001
31.530001
31.530001
31.530001
31.530001
31.530001
31.530001
31.719999
31.719999
31.719999
31.719999
31.719999
31.719999
31.719999
31.719999
31.719999
31.719999
31.719999
31.910000
31.910000
31.910000
31.910000
31.910000
31.910000
31.910000
31.910000
31.910000
32.099998
32.099998
32.099998
32.099998
32.099998
32.299999
32.299999
32.299999
32.299999
32.299999
32.299999
32.299999
32.299999
32.299999
32.490002
32.490002
32.490002
32.490002
32.490002
32.490002
32.490002
32.490002
32.680000
32.680000
32.680000
32.680000
32.680000
32.680000
32.680000
32.680000
32.680000
32.680000
32.680000
32.680000
32.680000
32.680000
32.869999
32.869999
32.869999
32.869999
32.869999
32.869999
32.869999
32.869999
32.869999
32.869999
32.869999
33.060001
33.060001
33.060001
33.060001
33.060001
33.060001
33.060001
33.259998
33.259998
33.259998
33.259998
33.259998
33.259998
33.259998
33.450001
33.450001
33.450001
33.450001
33.450001
33.639999
33.639999
33.639999
33.639999
33.639999
33.639999
33.639999
33.639999
33.639999
33.639999
33.830002
33.830002
33.830002
33.830002
33.830002
33.830002
33.830002
33.830002
33.830002
33.830002
33.830002
33.830002
34.020000
34.020000
34.020000
34.020000
34.020000
34.220001
34.220001
34.220001
34.220001
34.220001
34.220001
34.220001
34.220001
34.220001
34.410000
34.410000
34.410000
34.410000
34.410000
34.410000
34.599998
34.599998
34.599998
34.599998
34.599998
34.599998
34.599998
34.599998
34.790001
34.790001
34.790001
34.790001
34.790001
34.790001
34.790001
34.790001
34.790001
34.790001
34.790001
34.980000
34.980000
34.980000
34.980000
34.980000
34.980000
34.980000
36.369999
36.369999
36.369999
36.369999
36.369999
36.369999
36.369999
36.369999
36.369999
36.369999
36.369999
36.369999
36.369999
37.750000
37.750000
37.750000
37.750000
37.750000
37.750000
37.750000
37.750000
37.750000
37.750000
39.130001
39.130001
39.130001
39.130001
39.130001
39.130001
39.130001
39.130001
39.130001
39.130001
39.130001
39.130001
39.130001
39.130001
39.130001
39.130001
40.509998
40.509998
40.509998
40.509998
40.509998
40.509998
40.509998
40.509998
40.509998
41.549999
41.549999
41.549999
41.549999
41.549999
41.549999
41.549999
41.549999
41.549999
41.549999
41.549999
41.549999
41.549999
41.549999
41.549999
