0.000000
0.000000
0.000000
0.000000
0.000000
0.000000
0.000000
0.000000
0.000000
0.000000
0.000000
0.000000
0.000000
0.000000
0.000000
0.000000
0.000000
0.000000
0.000000
0.000000
0.000000
0.000000
0.000000
0.000000
0.000000
0.000000
0.000000
0.000000
0.000000
0.000000
0.000000
0.000000
0.000000
0.000000
0.000000
0.000000
0.000000
0.000000
0.000000
0.000000
0.000000
0.000000
0.000000
0.000045
0.000045
0.000045
0.000045
0.000045
0.000045
0.000045
0.000045
0.000045
0.055080
0.055080
0.055080
0.055080
0.055080
0.055080
0.110100
0.110100
0.110100
0.110100
0.110100
0.110100
0.110100
0.110100
0.110100
0.110100
0.110100
0.110100
0.165100
0.165100
0.165100
0.165100
0.165100
0.165100
0.220200
0.220200
0.220200
0.220200
0.220200
0.220200
0.220200
0.220200
0.220200
0.220200
0.220200
0.220200
0.220200
0.220200
0.275200
0.275200
0.275200
0.275200
0.275200
0.275200
0.275200
0.275200
0.275200
0.275200
0.275200
0.275200
0.275200
0.330200
0.330200
0.330200
0.330200
0.330200
0.330200
0.330200
0.330200
0.330200
0.330200
0.330200
0.330200
0.330200
0.330200
0.385300
0.385300
0.385300
0.385300
0.385300
0.385300
0.385300
0.385300
0.385300
0.385300
0.385300
0.440300
0.440300
0.440300
0.440300
0.440300
0.440300
0.440300
0.440300
0.495300
0.495300
0.495300
0.495300
0.495300
0.495300
0.495300
0.495300
0.495300
0.495300
0.495300
0.495300
0.495300
0.495300
0.550400
0.550400
0.550400
0.550400
0.550400
0.550400
0.550400
0.550400
0.550400
0.550400
0.550400
0.550400
0.605400
0.605400
0.605400
0.605400
0.605400
0.605400
0.605400
0.605400
0.605400
0.605400
0.605400
0.605400
0.605400
0.660400
0.660400
0.660400
0.660400
0.660400
0.660400
0.660400
0.660400
0.660400
0.660400
0.660400
0.660400
0.660400
0.660400
0.660400
0.660400
0.715500
0.715500
0.715500
0.715500
0.715500
0.715500
0.715500
0.715500
0.770500
0.770500
0.770500
0.770500
0.770500
0.770500
0.770500
0.770500
0.770500
0.770500
0.770500
0.770500
0.770500
0.770500
0.825500
0.825500
0.825500
0.825500
0.825500
0.825500
0.825500
0.825500
0.825500
0.825500
0.825500
0.825500
0.880500
0.880500
0.880500
0.880500
0.880500
0.880500
0.880500
0.880500
0.880500
0.880500
0.935600
0.935600
0.935600
0.935600
0.935600
0.935600
0.935600
0.935600
0.935600
0.935600
0.990600
0.990600
0.990600
0.990600
0.990600
0.990600
0.990600
0.990600
0.990600
1.046000
1.046000
1.046000
1.046000
1.046000
1.046000
1.046000
1.046000
1.046000
1.046000
1.101000
1.101000
1.101000
1.101000
1.101000
1.101000
1.101000
1.101000
1.101000
1.101000
1.156000
1.156000
1.156000
1.156000
1.156000
1.156000
1.156000
1.156000
1.156000
1.156000
1.156000
1.156000
1.156000
1.156000
1.211000
1.211000
1.211000
1.211000
1.211000
1.211000
1.211000
1.211000
1.211000
1.211000
1.266000
1.266000
1.266000
1.266000
1.266000
1.266000
1.266000
1.266000
1.266000
1.266000
1.266000
1.266000
1.266000
1.266000
1.321000
1.321000
1.321000
1.321000
1.321000
1.321000
1.321000
1.321000
1.321000
1.321000
1.321000
1.321000
1.321000
1.321000
1.321000
1.321000
1.376000
1.376000
1.376000
1.376000
1.376000
1.376000
1.376000
1.376000
1.376000
1.376000
1.376000
1.376000
1.431000
1.431000
1.431000
1.431000
1.431000
1.431000
1.431000
1.431000
1.431000
1.486000
1.486000
1.486000
1.486000
1.486000
1.486000
1.486000
1.486000
1.486000
1.541000
1.541000
1.541000
1.541000
1.541000
1.541000
1.541000
1.541000
1.541000
1.541000
1.541000
1.596000
1.596000
1.596000
1.596000
1.596000
1.651000
1.651000
1.651000
1.651000
1.651000
1.651000
1.651000
1.651000
1.651000
1.651000
1.651000
1.651000
1.651000
1.651000
1.706000
1.706000
1.706000
1.706000
1.706000
1.706000
1.706000
1.706000
1.761000
1.761000
1.761000
1.761000
1.761000
1.761000
1.761000
1.761000
1.761000
1.761000
1.761000
1.761000
1.761000
1.816000
1.816000
1.816000
1.816000
1.816000
1.816000
1.816000
1.816000
1.816000
1.816000
1.816000
1.816000
1.816000
1.816000
1.871000
1.871000
1.871000
1.871000
1.871000
1.871000
1.871000
1.871000
1.871000
1.871000
1.871000
1.871000
1.871000
1.871000
1.871000
1.926000
1.926000
1.926000
1.926000
1.926000
1.926000
1.926000
1.926000
1.926000
1.926000
1.981000
1.981000
1.981000
1.981000
1.981000
1.981000
1.981000
1.981000
1.981000
1.981000
1.981000
1.981000
2.036000
2.036000
2.036000
2.036000
2.036000
2.036000
2.036000
2.036000
2.036000
2.036000
2.091000
2.091000
2.091000
2.091000
2.091000
2.091000
2.091000
2.091000
2.091000
2.146000
2.146000
2.146000
2.146000
2.146000
2.146000
2.146000
2.146000
2.146000
2.146000
2.146000
2.146000
2.201000
2.201000
2.201000
2.201000
2.201000
2.201000
2.201000
2.256000
2.256000
2.256000
2.256000
2.256000
2.256000
2.256000
2.256000
2.256000
2.256000
2.256000
2.256000
2.256000
2.256000
2.256000
2.311000
2.311000
2.311000
2.311000
2.311000
2.311000
2.311000
2.366000
2.366000
2.366000
2.366000
2.421000
2.421000
2.421000
2.421000
2.421000
2.421000
2.476000
2.476000
2.476000
2.476000
2.476000
2.476000
2.476000
2.476000
2.476000
2.704000
2.704000
2.704000
2.704000
2.704000
2.704000
2.704000
2.704000
2.704000
2.931000
2.931000
2.931000
2.931000
2.931000
2.931000
3.158000
3.158000
3.158000
3.158000
3.158000
3.158000
3.158000
3.158000
3.158000
3.158000
3.158000
3.158000
3.385000
3.385000
3.385000
3.385000
3.385000
3.385000
3.612000
3.612000
3.612000
3.612000
3.612000
3.612000
3.612000
3.612000
3.839000
3.839000
3.839000
3.839000
3.839000
3.839000
3.839000
3.839000
3.839000
3.839000
3.839000
3.839000
4.067000
4.067000
4.067000
4.294000
4.294000
4.294000
4.294000
4.294000
4.294000
4.521000
4.521000
4.521000
4.521000
4.521000
4.521000
4.521000
4.748000
4.748000
4.748000
4.748000
4.748000
4.748000
4.748000
4.748000
4.748000
4.748000
4.748000
4.748000
4.748000
4.748000
4.748000
4.975000
4.975000
4.975000
4.975000
4.975000
4.975000
5.202000
5.202000
5.202000
5.202000
5.202000
5.202000
5.202000
5.202000
5.430000
5.430000
5.430000
5.430000
5.430000
5.430000
5.657000
5.657000
5.657000
5.657000
5.884000
5.884000
5.884000
5.884000
5.884000
5.884000
5.884000
5.884000
5.884000
5.884000
5.884000
5.884000
6.111000
6.111000
6.111000
6.111000
6.111000
6.111000
6.111000
6.338000
6.338000
6.338000
6.338000
6.338000
6.338000
6.338000
6.565000
6.565000
6.565000
6.565000
6.565000
6.565000
6.565000
6.565000
6.565000
6.565000
6.565000
6.792000
6.792000
6.792000
6.792000
6.792000
6.792000
7.020000
7.020000
7.020000
7.020000
7.020000
7.020000
7.020000
7.020000
7.020000
7.020000
7.020000
7.247000
7.247000
7.247000
7.247000
7.247000
7.247000
7.247000
7.247000
7.247000
7.247000
7.474000
7.474000
7.474000
7.474000
7.474000
7.474000
7.474000
7.474000
7.474000
7.474000
7.701000
7.701000
7.701000
7.701000
7.701000
7.701000
7.701000
7.701000
7.701000
7.701000
7.701000
7.701000
7.701000
7.928000
7.928000
7.928000
7.928000
7.928000
7.928000
7.928000
7.928000
7.928000
7.928000
8.155000
8.155000
8.155000
8.155000
8.155000
8.155000
8.383000
8.383000
8.383000
8.383000
8.383000
8.383000
8.383000
8.610000
8.610000
8.610000
8.610000
8.610000
8.610000
8.610000
8.610000
8.610000
8.610000
8.610000
8.837000
8.837000
8.837000
8.837000
8.837000
8.837000
8.837000
8.837000
8.837000
8.837000
9.064000
9.064000
9.064000
9.064000
9.064000
9.064000
9.064000
9.291000
9.291000
9.291000
9.291000
9.291000
9.291000
9.291000
9.291000
9.291000
9.291000
9.291000
9.291000
9.291000
9.518000
9.518000
9.518000
9.518000
9.518000
9.745000
9.745000
9.745000
9.745000
9.745000
9.745000
9.745000
9.745000
9.745000
9.973000
9.973000
9.973000
9.973000
9.973000
9.973000
9.973000
9.973000
9.973000
9.973000
9.973000
9.973000
9.973000
9.973000
10.200000
10.200000
10.200000
10.200000
10.200000
10.200000
10.200000
10.200000
10.200000
10.200000
10.200000
10.200000
10.200000
10.200000
10.200000
10.200000
10.430000
10.430000
10.430000
10.430000
10.430000
10.430000
10.430000
10.430000
10.430000
10.430000
10.430000
10.430000
10.650000
10.650000
10.650000
10.650000
10.650000
10.650000
10.650000
10.650000
10.650000
10.650000
10.650000
10.650000
10.650000
10.650000
10.650000
10.650000
10.650000
10.880000
10.880000
10.880000
10.880000
10.880000
11.110000
11.110000
11.110000
11.110000
11.110000
11.110000
11.110000
11.110000
11.110000
11.110000
11.110000
11.110000
11.340000
11.340000
11.340000
11.340000
11.340000
11.340000
11.340000
11.340000
11.340000
11.340000
11.340000
11.560000
11.560000
11.560000
11.560000
11.560000
11.560000
11.560000
11.560000
11.560000
11.560000
11.790000
11.790000
11.790000
11.790000
11.790000
11.790000
11.790000
11.790000
11.790000
12.020000
12.020000
12.020000
12.020000
12.020000
12.020000
12.020000
12.240000
12.240000
12.240000
12.240000
12.240000
12.240000
12.240000
12.240000
12.240000
12.240000
12.470000
12.470000
12.470000
12.470000
12.470000
12.470000
12.470000
12.470000
12.700000
12.700000
12.700000
12.700000
12.700000
12.700000
12.700000
12.700000
12.700000
12.700000
12.700000
12.700000
12.700000
14.660000
14.660000
14.660000
14.660000
14.660000
14.660000
14.660000
14.660000
14.660000
14.660000
14.660000
14.660000
14.660000
16.620001
16.620001
16.620001
16.620001
16.620001
18.570000
18.570000
18.570000
18.570000
18.570000
18.570000
18.570000
18.570000
18.570000
20.530001
20.530001
20.530001
20.530001
20.530001
20.530001
20.530001
20.530001
22.000000
22.000000
22.000000
22.000000
22.000000
22.000000
22.000000
22.000000
22.000000
