0.000000
0.000000
0.000000
0.000000
0.000000
0.000000
0.000000
0.000000
0.000000
0.000000
0.000000
0.000000
0.000000
0.000000
0.000000
0.000000
0.000000
0.000000
0.000000
0.000000
0.000000
0.000000
0.000000
0.000000
0.000000
0.000000
0.000000
0.000000
0.000000
0.000000
0.000000
0.000000
0.000000
0.000000
0.000000
0.000000
0.000000
0.000000
0.000000
0.000000
0.000000
0.000000
0.000000
0.000000
0.000000
0.000000
0.000000
0.000000
0.000000
0.000000
0.000000
0.000000
0.000000
0.000000
0.000000
0.000000
1.113000
1.113000
1.113000
1.113000
1.113000
1.113000
1.113000
1.113000
1.113000
1.113000
1.113000
1.113000
1.401000
1.401000
1.401000
1.401000
1.401000
1.401000
1.401000
1.401000
1.690000
1.690000
1.690000
1.690000
1.690000
1.690000
1.690000
1.690000
1.690000
1.690000
1.690000
1.690000
1.690000
1.979000
1.979000
1.979000
1.979000
1.979000
1.979000
1.979000
1.979000
2.267000
2.267000
2.267000
2.267000
2.267000
2.267000
2.267000
2.267000
2.267000
2.267000
2.267000
2.267000
2.556000
2.556000
2.556000
2.556000
2.556000
2.556000
2.556000
2.556000
2.556000
2.556000
2.845000
2.845000
2.845000
2.845000
2.845000
2.845000
3.133000
3.133000
3.133000
3.133000
3.133000
3.133000
3.133000
3.422000
3.422000
3.422000
3.422000
3.422000
3.422000
3.422000
3.422000
3.422000
3.422000
3.422000
3.422000
3.422000
3.711000
3.711000
3.711000
3.711000
3.711000
3.711000
3.711000
3.711000
3.711000
3.711000
3.999000
3.999000
3.999000
3.999000
3.999000
3.999000
3.999000
4.288000
4.288000
4.288000
4.288000
4.288000
4.288000
4.288000
4.288000
4.577000
4.577000
4.577000
4.577000
4.577000
4.577000
4.577000
4.577000
4.577000
4.577000
4.577000
4.865000
4.865000
4.865000
4.865000
4.865000
4.865000
4.865000
4.865000
4.865000
5.154000
5.154000
5.154000
5.154000
5.154000
5.154000
5.154000
5.154000
5.154000
5.154000
5.154000
5.443000
5.443000
5.443000
5.443000
5.443000
5.443000
5.443000
5.443000
5.443000
5.443000
5.731000
5.731000
5.731000
5.731000
5.731000
5.731000
5.731000
5.731000
5.731000
5.731000
6.020000
6.020000
6.020000
6.020000
6.020000
6.020000
6.309000
6.309000
6.309000
6.309000
6.309000
6.309000
6.309000
6.309000
6.309000
6.309000
6.309000
6.309000
6.309000
6.309000
6.309000
6.597000
6.597000
6.597000
6.597000
6.597000
6.597000
6.597000
6.597000
6.597000
6.597000
6.886000
6.886000
6.886000
6.886000
6.886000
6.886000
6.886000
6.886000
6.886000
6.886000
7.174000
7.174000
7.174000
7.174000
7.174000
7.174000
7.174000
7.174000
7.174000
7.174000
7.174000
7.463000
7.463000
7.463000
7.463000
7.463000
7.463000
7.463000
7.463000
7.463000
7.463000
7.463000
7.752000
7.752000
7.752000
7.752000
7.752000
7.752000
7.752000
7.752000
8.040000
8.040000
8.040000
8.040000
8.040000
8.040000
8.040000
8.040000
8.329000
8.329000
8.329000
8.329000
8.329000
8.329000
8.329000
8.329000
8.329000
8.329000
8.329000
8.329000
8.618000
8.618000
8.618000
8.618000
8.618000
8.618000
8.618000
8.618000
8.906000
8.906000
8.906000
8.906000
9.195000
9.195000
9.195000
9.195000
9.195000
9.484000
9.484000
9.484000
9.484000
9.484000
9.484000
9.484000
9.484000
9.484000
9.772000
9.772000
9.772000
9.772000
9.772000
9.772000
10.060000
10.060000
10.060000
10.060000
10.060000
10.060000
10.060000
10.060000
10.060000
10.060000
10.350000
10.350000
10.350000
10.350000
10.350000
10.350000
10.350000
10.350000
10.350000
10.350000
10.350000
10.350000
10.350000
10.350000
10.350000
10.640000
10.640000
10.640000
10.640000
10.640000
10.640000
10.640000
10.930000
10.930000
10.930000
10.930000
10.930000
10.930000
10.930000
10.930000
10.930000
10.930000
10.930000
10.930000
10.930000
10.930000
10.930000
10.930000
11.220000
11.220000
11.220000
11.220000
11.500000
11.500000
11.500000
11.500000
11.500000
11.500000
11.500000
11.500000
11.500000
11.500000
11.500000
11.790000
11.790000
11.790000
11.790000
11.790000
11.790000
11.790000
11.790000
11.790000
12.080000
12.080000
12.080000
12.080000
12.080000
12.080000
12.080000
12.080000
12.080000
12.080000
12.080000
12.370000
12.370000
12.370000
12.370000
12.370000
12.370000
12.370000
12.370000
12.370000
12.370000
12.370000
12.370000
12.370000
12.370000
12.660000
12.660000
12.660000
12.660000
12.660000
12.660000
12.950000
12.950000
12.950000
12.950000
12.950000
13.240000
13.240000
13.240000
13.240000
13.240000
13.240000
13.240000
13.240000
13.240000
13.240000
13.240000
13.520000
13.520000
13.520000
13.520000
13.520000
13.810000
13.810000
13.810000
13.810000
13.810000
13.810000
13.810000
13.810000
13.810000
13.810000
13.810000
13.810000
13.810000
14.100000
14.100000
14.100000
14.100000
14.100000
14.100000
14.100000
14.100000
14.100000
14.100000
15.420000
15.420000
15.420000
15.420000
15.420000
15.420000
16.740000
16.740000
16.740000
16.740000
16.740000
16.740000
16.740000
18.049999
18.049999
18.049999
18.049999
18.049999
18.049999
18.049999
18.049999
18.049999
18.049999
18.049999
18.049999
18.049999
18.049999
18.049999
18.049999
18.049999
19.370001
19.370001
19.370001
19.370001
19.370001
19.370001
19.370001
19.370001
19.370001
19.370001
19.370001
20.690001
20.690001
20.690001
20.690001
20.690001
20.690001
20.690001
20.690001
20.690001
20.690001
20.690001
20.690001
20.690001
22.010000
22.010000
22.010000
22.010000
22.010000
22.010000
22.010000
22.010000
22.010000
22.010000
22.010000
22.010000
23.320000
23.320000
23.320000
23.320000
23.320000
23.320000
23.320000
23.320000
23.320000
24.639999
24.639999
24.639999
24.639999
24.639999
24.639999
24.639999
24.639999
25.959999
25.959999
25.959999
25.959999
25.959999
25.959999
25.959999
25.959999
25.959999
25.959999
25.959999
25.959999
25.959999
27.280001
27.280001
27.280001
27.280001
27.280001
27.280001
27.280001
27.280001
27.280001
27.280001
27.280001
27.280001
28.590000
28.590000
28.590000
28.590000
28.590000
28.590000
28.590000
28.590000
28.590000
28.590000
28.590000
29.910000
29.910000
29.910000
29.910000
29.910000
29.910000
31.230000
31.230000
31.230000
31.230000
31.230000
31.230000
31.230000
31.230000
32.549999
32.549999
32.549999
32.549999
32.549999
33.860001
33.860001
33.860001
33.860001
33.860001
33.860001
33.860001
33.860001
33.860001
33.860001
33.860001
33.860001
33.860001
33.860001
35.180000
35.180000
35.180000
35.180000
35.180000
35.180000
35.180000
35.180000
35.180000
35.180000
36.500000
36.500000
36.500000
36.500000
36.500000
36.500000
36.500000
37.820000
37.820000
37.820000
37.820000
37.820000
37.820000
37.820000
37.820000
37.820000
37.820000
37.820000
37.820000
37.820000
39.130001
39.130001
39.130001
39.130001
39.130001
39.130001
40.450001
40.450001
40.450001
40.450001
40.450001
40.450001
40.450001
41.770000
41.770000
41.770000
41.770000
41.770000
41.770000
41.770000
41.770000
41.770000
43.090000
43.090000
43.090000
43.090000
43.090000
43.090000
43.090000
43.090000
43.090000
43.090000
43.090000
43.090000
43.090000
43.090000
43.090000
43.090000
43.090000
43.090000
43.090000
44.400002
44.400002
44.400002
44.400002
44.400002
44.400002
44.400002
44.400002
44.400002
44.400002
45.720001
45.720001
45.720001
45.720001
45.720001
45.720001
45.720001
45.720001
45.720001
45.720001
47.040001
47.040001
47.040001
47.040001
47.040001
47.040001
48.360001
48.360001
48.360001
48.360001
48.360001
48.360001
48.360001
48.360001
48.360001
48.360001
49.669998
49.669998
49.669998
49.669998
49.669998
49.669998
49.669998
49.669998
49.669998
49.669998
49.669998
49.669998
49.669998
50.990002
50.990002
50.990002
50.990002
50.990002
50.990002
50.990002
50.990002
50.990002
50.990002
50.990002
50.990002
50.990002
50.990002
52.310001
52.310001
52.310001
52.310001
52.310001
52.310001
52.310001
52.310001
52.310001
52.310001
52.310001
52.310001
52.310001
52.310001
52.310001
52.310001
53.630001
54.939999
54.939999
54.939999
54.939999
54.939999
54.939999
54.939999
54.939999
54.939999
56.259998
56.259998
56.259998
56.259998
56.259998
56.259998
56.259998
57.580002
57.580002
57.580002
57.580002
57.580002
57.580002
57.580002
57.580002
58.900002
58.900002
58.900002
58.900002
58.900002
58.900002
58.900002
60.209999
60.209999
60.209999
60.209999
60.209999
60.209999
60.209999
61.529999
61.529999
61.529999
61.529999
61.529999
61.529999
61.529999
61.529999
61.529999
61.529999
61.529999
61.529999
62.849998
62.849998
62.849998
62.849998
62.849998
62.849998
62.849998
62.849998
62.849998
62.849998
62.849998
64.169998
64.169998
64.169998
64.169998
64.169998
64.169998
64.169998
64.169998
64.169998
64.169998
64.169998
65.480003
65.480003
65.480003
65.480003
65.480003
65.480003
65.480003
65.480003
66.800003
66.800003
66.800003
66.800003
66.800003
66.800003
66.800003
66.800003
66.800003
66.800003
66.800003
66.800003
66.800003
66.800003
66.800003
66.800003
66.800003
66.800003
66.800003
66.800003
66.800003
66.800003
68.120003
68.120003
68.120003
68.120003
68.120003
68.120003
68.120003
68.120003
68.120003
68.120003
68.120003
68.120003
69.440002
69.440002
69.440002
69.440002
69.440002
69.440002
69.440002
69.440002
69.440002
69.440002
69.440002
69.440002
69.440002
70.750000
70.750000
70.750000
70.750000
70.750000
70.750000
70.750000
70.750000
70.750000
72.070000
72.070000
72.070000
72.070000
72.070000
72.070000
72.070000
73.389999
73.389999
73.389999
73.389999
73.389999
73.389999
73.389999
73.389999
73.389999
80.800003
80.800003
80.800003
80.800003
80.800003
80.800003
80.800003
88.209999
88.209999
88.209999
88.209999
88.209999
88.209999
88.209999
88.209999
95.610001
95.610001
95.610001
95.610001
95.610001
95.610001
95.610001
95.610001
95.610001
95.610001
95.610001
95.610001
103.000000
103.000000
103.000000
103.000000
103.000000
103.000000
103.000000
108.599998
108.599998
108.599998
108.599998
108.599998
108.599998
108.599998
108.599998
108.599998
108.599998
108.599998
108.599998
108.599998
108.599998
108.599998
108.599998
108.599998
108.599998
108.599998
108.599998
