0.000000
0.000000
0.000000
0.000000
0.000000
0.000000
0.000000
0.000000
0.000000
0.000000
0.000000
0.000000
0.000000
0.000000
0.000000
0.000000
0.000000
0.000000
0.000000
0.000000
0.000000
0.000000
0.000000
0.000000
0.000000
0.000000
0.000000
0.000000
0.000000
0.000000
0.000000
0.000000
0.000000
0.000000
0.000000
0.000000
0.000000
0.000000
0.000000
0.000000
0.000000
0.000000
0.000000
0.000000
0.000000
0.000000
0.000000
0.000000
0.000000
0.000000
0.000000
0.000000
0.000000
0.000000
0.000000
0.000000
0.000000
0.005646
0.005646
0.005646
0.005646
0.005646
0.005646
0.005646
0.005646
0.005646
0.005646
0.005646
0.032050
0.032050
0.032050
0.032050
0.032050
0.032050
0.032050
0.032050
0.058440
0.058440
0.058440
0.058440
0.058440
0.058440
0.058440
0.058440
0.058440
0.084840
0.084840
0.084840
0.084840
0.084840
0.084840
0.084840
0.084840
0.084840
0.111200
0.111200
0.111200
0.111200
0.111200
0.111200
0.111200
0.111200
0.111200
0.111200
0.137600
0.137600
0.137600
0.137600
0.137600
0.137600
0.137600
0.137600
0.137600
0.137600
0.164000
0.164000
0.164000
0.164000
0.164000
0.164000
0.164000
0.164000
0.190400
0.190400
0.190400
0.190400
0.190400
0.190400
0.190400
0.216800
0.216800
0.216800
0.216800
0.216800
0.216800
0.216800
0.216800
0.216800
0.216800
0.216800
0.216800
0.216800
0.216800
0.243200
0.243200
0.243200
0.243200
0.243200
0.243200
0.243200
0.243200
0.243200
0.243200
0.243200
0.243200
0.243200
0.269600
0.269600
0.269600
0.269600
0.269600
0.296000
0.296000
0.296000
0.296000
0.296000
0.296000
0.296000
0.322400
0.322400
0.322400
0.322400
0.322400
0.322400
0.322400
0.322400
0.322400
0.322400
0.322400
0.348800
0.348800
0.348800
0.348800
0.348800
0.348800
0.348800
0.348800
0.348800
0.348800
0.348800
0.348800
0.375200
0.375200
0.375200
0.375200
0.375200
0.375200
0.375200
0.375200
0.375200
0.375200
0.401600
0.401600
0.401600
0.401600
0.401600
0.401600
0.401600
0.401600
0.401600
0.401600
0.401600
0.401600
0.401600
0.401600
0.428000
0.428000
0.428000
0.428000
0.428000
0.428000
0.428000
0.428000
0.428000
0.428000
0.454400
0.454400
0.454400
0.454400
0.454400
0.454400
0.454400
0.454400
0.454400
0.454400
0.454400
0.454400
0.480800
0.480800
0.480800
0.480800
0.480800
0.480800
0.480800
0.480800
0.507200
0.507200
0.507200
0.507200
0.507200
0.507200
0.507200
0.507200
0.507200
0.533600
0.533600
0.533600
0.533600
0.533600
0.533600
0.533600
0.533600
0.533600
0.533600
0.533600
0.533600
0.533600
0.533600
0.533600
0.533600
0.560000
0.560000
0.560000
0.560000
0.560000
0.560000
0.560000
0.586400
0.586400
0.586400
0.586400
0.586400
0.586400
0.586400
0.612800
0.612800
0.612800
0.612800
0.612800
0.612800
0.612800
0.612800
0.612800
0.612800
0.639200
0.639200
0.639200
0.639200
0.639200
0.639200
0.665600
0.665600
0.665600
0.665600
0.665600
0.665600
0.692000
0.692000
0.692000
0.692000
0.692000
0.692000
0.692000
0.692000
0.692000
0.692000
0.718400
0.718400
0.718400
0.718400
0.718400
0.718400
0.718400
0.718400
0.718400
0.718400
0.744800
0.744800
0.744800
0.744800
0.744800
0.744800
0.744800
0.744800
0.744800
0.744800
0.744800
0.744800
0.744800
0.771200
0.771200
0.771200
0.771200
0.771200
0.771200
0.771200
0.771200
0.771200
0.771200
0.771200
0.771200
0.797600
0.797600
0.797600
0.797600
0.797600
0.797600
0.797600
0.797600
0.797600
0.797600
0.797600
0.824000
0.824000
0.824000
0.824000
0.824000
0.824000
0.824000
0.824000
0.824000
0.850400
0.850400
0.850400
0.850400
0.850400
0.850400
0.850400
0.850400
0.850400
0.850400
0.876800
0.876800
0.876800
0.876800
0.876800
0.876800
0.876800
0.903200
0.903200
0.903200
0.903200
0.903200
0.903200
0.903200
0.903200
0.903200
0.903200
0.903200
0.903200
0.929600
0.929600
0.929600
0.929600
0.929600
0.929600
0.929600
0.929600
0.929600
0.929600
0.929600
0.929600
0.956000
0.956000
0.956000
0.956000
0.956000
0.956000
0.956000
0.982400
0.982400
0.982400
0.982400
0.982400
0.982400
0.982400
0.982400
0.982400
0.982400
1.009000
1.009000
1.009000
1.009000
1.009000
1.009000
1.009000
1.009000
1.009000
1.009000
1.009000
1.009000
1.009000
1.035000
1.035000
1.035000
1.035000
1.062000
1.062000
1.062000
1.062000
1.062000
1.062000
1.062000
1.062000
1.062000
1.062000
1.062000
1.062000
1.062000
1.062000
1.088000
1.088000
1.088000
1.088000
1.088000
1.088000
1.088000
1.088000
1.088000
1.088000
1.088000
1.088000
1.114000
1.114000
1.114000
1.114000
1.114000
1.114000
1.114000
1.114000
1.114000
1.141000
1.141000
1.141000
1.141000
1.141000
1.141000
1.141000
1.141000
1.141000
1.141000
1.141000
1.141000
1.141000
1.141000
1.141000
1.167000
1.167000
1.167000
1.167000
1.167000
1.167000
1.167000
1.167000
1.167000
1.167000
1.167000
1.167000
1.167000
1.194000
1.194000
1.194000
1.194000
1.194000
1.194000
1.194000
1.194000
1.194000
1.194000
1.455000
1.455000
1.455000
1.455000
1.455000
1.455000
1.455000
1.455000
1.455000
1.455000
1.717000
1.717000
1.717000
1.717000
1.717000
1.717000
1.717000
1.717000
1.717000
1.717000
1.978000
1.978000
1.978000
1.978000
1.978000
1.978000
1.978000
1.978000
1.978000
2.240000
2.240000
2.240000
2.240000
2.240000
2.240000
2.240000
2.240000
2.240000
2.240000
2.501000
2.501000
2.501000
2.501000
2.501000
2.501000
2.762000
2.762000
2.762000
2.762000
2.762000
3.024000
3.024000
3.024000
3.024000
3.024000
3.024000
3.024000
3.024000
3.024000
3.024000
3.285000
3.285000
3.285000
3.285000
3.285000
3.285000
3.285000
3.285000
3.285000
3.285000
3.285000
3.285000
3.285000
3.285000
3.285000
3.285000
3.547000
3.547000
3.547000
3.547000
3.547000
3.547000
3.547000
3.547000
3.547000
3.547000
3.808000
3.808000
3.808000
3.808000
3.808000
3.808000
3.808000
3.808000
3.808000
3.808000
3.808000
3.808000
3.808000
3.808000
3.808000
4.070000
4.070000
4.070000
4.070000
4.070000
4.070000
4.070000
4.070000
4.070000
4.070000
4.070000
4.070000
4.070000
4.331000
4.331000
4.331000
4.331000
4.331000
4.331000
4.331000
4.331000
4.331000
4.331000
4.331000
4.331000
4.593000
4.593000
4.593000
4.593000
4.593000
4.593000
4.593000
4.854000
4.854000
4.854000
4.854000
4.854000
5.116000
5.116000
5.116000
5.116000
5.116000
5.116000
5.116000
5.116000
5.116000
5.377000
5.377000
5.377000
5.377000
5.377000
5.377000
5.377000
5.377000
5.639000
5.639000
5.639000
5.639000
5.639000
5.639000
5.639000
5.900000
5.900000
5.900000
5.900000
5.900000
5.900000
5.900000
5.900000
5.900000
5.900000
5.900000
5.900000
5.900000
6.162000
6.162000
6.162000
6.162000
6.162000
6.162000
6.162000
6.162000
6.162000
6.162000
6.162000
6.162000
6.162000
6.162000
6.162000
6.162000
6.423000
6.423000
6.423000
6.423000
6.423000
6.423000
6.423000
6.423000
6.423000
6.423000
6.423000
6.423000
6.685000
6.685000
6.685000
6.685000
6.685000
6.685000
6.685000
6.685000
6.685000
6.685000
6.685000
6.685000
6.685000
6.685000
6.685000
6.946000
6.946000
6.946000
6.946000
6.946000
6.946000
6.946000
6.946000
6.946000
6.946000
6.946000
6.946000
7.208000
7.208000
7.208000
7.208000
7.469000
7.469000
7.469000
7.469000
7.469000
7.469000
7.469000
7.469000
7.469000
7.469000
7.731000
7.731000
7.731000
7.731000
7.731000
7.731000
7.731000
7.731000
7.731000
7.731000
7.731000
7.731000
7.731000
7.992000
7.992000
7.992000
7.992000
7.992000
7.992000
7.992000
7.992000
7.992000
7.992000
8.254000
8.254000
8.254000
8.254000
8.254000
8.254000
8.254000
8.254000
8.515000
8.515000
8.515000
8.515000
8.515000
8.515000
8.515000
8.515000
8.776000
8.776000
8.776000
8.776000
8.776000
8.776000
8.776000
8.776000
8.776000
8.776000
8.776000
8.776000
8.776000
8.776000
8.776000
9.038000
9.038000
9.038000
9.038000
9.038000
9.038000
9.038000
9.299000
9.299000
9.299000
9.299000
9.299000
9.299000
9.299000
9.561000
9.561000
9.561000
9.561000
9.561000
9.561000
9.822000
9.822000
9.822000
9.822000
9.822000
9.822000
9.822000
9.822000
9.822000
10.080000
10.080000
10.080000
10.080000
10.080000
10.080000
10.080000
10.080000
10.080000
10.080000
10.350000
10.350000
10.350000
10.350000
10.350000
10.350000
10.350000
10.350000
10.610000
10.610000
10.610000
10.610000
10.610000
10.610000
10.610000
10.610000
10.610000
10.610000
10.610000
10.610000
10.870000
10.870000
10.870000
10.870000
10.870000
10.870000
10.870000
10.870000
11.130000
11.130000
11.130000
11.130000
11.130000
11.130000
11.130000
11.130000
11.130000
11.390000
11.390000
11.390000
11.390000
11.390000
11.650000
11.650000
11.650000
11.650000
11.650000
11.650000
11.910000
11.910000
11.910000
12.180000
12.180000
12.180000
12.180000
12.180000
12.180000
12.180000
12.180000
12.180000
12.440000
12.440000
12.440000
12.440000
12.440000
12.440000
12.440000
12.440000
12.440000
12.440000
12.440000
12.700000
12.700000
12.700000
12.700000
12.700000
12.700000
12.700000
12.700000
12.700000
12.700000
12.960000
12.960000
12.960000
12.960000
12.960000
12.960000
12.960000
12.960000
12.960000
12.960000
12.960000
12.960000
12.960000
12.960000
12.960000
12.960000
16.570000
16.570000
16.570000
16.570000
16.570000
16.570000
16.570000
16.570000
16.570000
16.570000
20.180000
20.180000
20.180000
20.180000
20.180000
20.180000
20.180000
20.180000
20.180000
20.180000
20.180000
20.180000
20.180000
23.790001
23.790001
23.790001
23.790001
27.400000
27.400000
27.400000
27.400000
27.400000
27.400000
27.400000
27.400000
30.110001
30.110001
30.110001
30.110001
30.110001
30.110001
30.110001
30.110001
30.110001
30.110001
30.110001
30.110001
