0.000000
0.000000
0.000000
0.000000
0.000000
0.000000
0.000000
0.000000
0.000000
0.000000
0.000000
0.000000
0.000000
0.000000
0.000000
0.000000
0.000000
0.000000
0.000000
0.000000
0.000000
0.000000
0.000000
0.000000
0.000000
0.000000
0.000000
0.000000
0.000000
0.000000
0.000000
0.000000
0.000000
0.000000
0.000000
0.000000
0.000000
0.000000
0.000000
0.000000
0.000000
0.000000
0.000000
0.000000
0.000000
0.000000
0.000000
0.000000
0.000000
0.000000
0.000000
0.000000
0.000000
0.000000
0.000000
0.000000
0.000000
0.000000
0.000000
0.000000
0.000000
0.000000
0.019020
0.019020
0.019020
0.019020
0.019020
0.127000
0.127000
0.127000
0.127000
0.127000
0.127000
0.127000
0.127000
0.127000
0.235100
0.235100
0.235100
0.235100
0.235100
0.235100
0.235100
0.235100
0.235100
0.235100
0.235100
0.235100
0.343100
0.343100
0.343100
0.343100
0.343100
0.343100
0.343100
0.343100
0.343100
0.343100
0.451100
0.451100
0.451100
0.451100
0.451100
0.451100
0.451100
0.451100
0.451100
0.451100
0.451100
0.451100
0.451100
0.451100
0.559200
0.559200
0.559200
0.559200
0.559200
0.559200
0.559200
0.559200
0.559200
0.559200
0.667200
0.667200
0.667200
0.667200
0.667200
0.667200
0.667200
0.667200
0.667200
0.667200
0.667200
0.667200
0.775200
0.775200
0.775200
0.775200
0.775200
0.775200
0.775200
0.883200
0.883200
0.883200
0.883200
0.883200
0.883200
0.883200
0.883200
0.883200
0.883200
0.991300
0.991300
0.991300
0.991300
0.991300
0.991300
0.991300
0.991300
0.991300
0.991300
0.991300
0.991300
0.991300
1.099000
1.099000
1.099000
1.099000
1.099000
1.099000
1.099000
1.099000
1.207000
1.207000
1.207000
1.207000
1.207000
1.207000
1.207000
1.207000
1.207000
1.207000
1.315000
1.315000
1.315000
1.315000
1.315000
1.315000
1.315000
1.315000
1.315000
1.315000
1.315000
1.315000
1.423000
1.423000
1.423000
1.423000
1.423000
1.423000
1.423000
1.531000
1.531000
1.531000
1.531000
1.531000
1.531000
1.531000
1.531000
1.639000
1.639000
1.639000
1.639000
1.639000
1.639000
1.747000
1.747000
1.747000
1.747000
1.747000
1.747000
1.747000
1.747000
1.747000
1.747000
1.855000
1.855000
1.855000
1.964000
1.964000
1.964000
1.964000
1.964000
1.964000
1.964000
2.072000
2.072000
2.072000
2.072000
2.072000
2.072000
2.072000
2.072000
2.180000
2.180000
2.180000
2.180000
2.180000
2.180000
2.180000
2.180000
2.180000
2.180000
2.180000
2.288000
2.288000
2.288000
2.288000
2.288000
2.288000
2.288000
2.396000
2.396000
2.396000
2.396000
2.396000
2.396000
2.396000
2.504000
2.504000
2.504000
2.504000
2.504000
2.504000
2.504000
2.504000
2.504000
2.504000
2.504000
2.612000
2.612000
2.612000
2.612000
2.612000
2.612000
2.612000
2.612000
2.612000
2.612000
2.612000
2.612000
2.612000
2.720000
2.720000
2.720000
2.720000
2.720000
2.720000
2.720000
2.828000
2.828000
2.828000
2.828000
2.828000
2.828000
2.828000
2.828000
2.828000
2.828000
2.828000
2.936000
2.936000
2.936000
2.936000
2.936000
2.936000
2.936000
2.936000
2.936000
3.044000
3.044000
3.044000
3.044000
3.044000
3.044000
3.044000
3.044000
3.044000
3.044000
3.044000
3.044000
3.152000
3.152000
3.152000
3.152000
3.152000
3.152000
3.152000
3.152000
3.152000
3.260000
3.260000
3.260000
3.260000
3.260000
3.260000
3.260000
3.260000
3.260000
3.260000
3.260000
3.368000
3.368000
3.368000
3.368000
3.368000
3.476000
3.476000
3.476000
3.476000
3.476000
3.476000
3.476000
3.476000
3.476000
3.584000
3.584000
3.584000
3.584000
3.584000
3.584000
3.692000
3.692000
3.692000
3.692000
3.692000
3.692000
3.692000
3.692000
3.692000
3.692000
3.692000
3.800000
3.800000
3.800000
3.800000
3.800000
3.800000
3.800000
3.800000
3.800000
3.800000
3.800000
3.908000
3.908000
3.908000
3.908000
3.908000
4.016000
4.016000
4.016000
4.016000
4.016000
4.016000
4.016000
4.016000
4.016000
4.016000
4.124000
4.124000
4.124000
4.124000
4.124000
4.124000
4.124000
4.124000
4.124000
4.124000
4.124000
4.124000
4.124000
4.124000
4.232000
4.232000
4.232000
4.232000
4.232000
4.232000
4.232000
4.232000
4.232000
4.232000
4.232000
4.232000
4.340000
4.340000
4.340000
4.340000
4.340000
4.340000
4.340000
4.340000
4.340000
4.340000
4.340000
4.340000
4.448000
4.448000
4.448000
4.448000
4.448000
4.448000
4.448000
4.448000
4.448000
4.448000
4.448000
4.448000
4.448000
4.448000
4.448000
4.448000
4.556000
4.556000
4.556000
4.556000
4.556000
4.556000
4.556000
4.556000
4.556000
4.556000
4.556000
4.556000
4.556000
4.664000
4.664000
4.664000
4.664000
4.664000
4.664000
4.664000
4.664000
4.664000
4.664000
4.664000
4.664000
4.772000
4.772000
4.772000
4.772000
4.772000
4.772000
4.772000
4.772000
4.772000
4.772000
4.772000
4.880000
4.880000
4.880000
4.880000
4.880000
4.880000
5.205000
5.205000
5.205000
5.205000
5.205000
5.205000
5.205000
5.205000
5.205000
5.205000
5.205000
5.205000
5.205000
5.529000
5.529000
5.529000
5.529000
5.529000
5.529000
5.529000
5.529000
5.529000
5.529000
5.529000
5.529000
5.529000
5.529000
5.529000
5.529000
5.529000
5.854000
5.854000
5.854000
5.854000
5.854000
5.854000
5.854000
5.854000
5.854000
5.854000
5.854000
5.854000
5.854000
6.178000
6.178000
6.178000
6.178000
6.178000
6.178000
6.178000
6.178000
6.178000
6.178000
6.178000
6.178000
6.178000
6.178000
6.503000
6.503000
6.503000
6.503000
6.503000
6.503000
6.503000
6.503000
6.503000
6.827000
6.827000
6.827000
6.827000
6.827000
6.827000
7.152000
7.152000
7.152000
7.152000
7.152000
7.152000
7.152000
7.152000
7.152000
7.152000
7.152000
7.152000
7.152000
7.152000
7.476000
7.476000
7.476000
7.476000
7.476000
7.801000
7.801000
7.801000
7.801000
7.801000
7.801000
7.801000
8.125000
8.125000
8.125000
8.125000
8.125000
8.125000
8.125000
8.125000
8.125000
8.125000
8.125000
8.125000
8.125000
8.450000
8.450000
8.450000
8.450000
8.450000
8.450000
8.450000
8.450000
8.450000
8.450000
8.450000
8.450000
8.450000
8.450000
8.774000
8.774000
8.774000
8.774000
8.774000
8.774000
8.774000
8.774000
8.774000
8.774000
8.774000
9.099000
9.099000
9.099000
9.099000
9.099000
9.099000
9.099000
9.423000
9.423000
9.423000
9.423000
9.423000
9.423000
9.423000
9.423000
9.423000
9.748000
9.748000
9.748000
9.748000
9.748000
9.748000
9.748000
9.748000
9.748000
9.748000
9.748000
10.070000
10.070000
10.070000
10.070000
10.070000
10.070000
10.070000
10.070000
10.070000
10.400000
10.400000
10.400000
10.400000
10.400000
10.400000
10.400000
10.400000
10.400000
10.720000
10.720000
10.720000
10.720000
10.720000
10.720000
10.720000
10.720000
11.050000
11.050000
11.050000
11.050000
11.050000
11.050000
11.370000
11.370000
11.370000
11.370000
11.370000
11.370000
11.370000
11.370000
11.370000
11.370000
11.370000
11.690000
11.690000
11.690000
11.690000
11.690000
12.020000
12.020000
12.020000
12.020000
12.020000
12.020000
12.020000
12.020000
12.020000
12.020000
12.020000
12.020000
12.020000
12.020000
12.020000
12.020000
12.340000
12.340000
12.340000
12.340000
12.340000
12.340000
12.340000
12.340000
12.340000
12.670000
12.670000
12.670000
12.670000
12.670000
12.670000
12.670000
12.670000
12.670000
12.670000
12.670000
12.990000
12.990000
12.990000
12.990000
12.990000
12.990000
12.990000
12.990000
12.990000
12.990000
12.990000
12.990000
13.320000
13.320000
13.320000
13.320000
13.320000
13.640000
13.640000
13.640000
13.640000
13.640000
13.640000
13.640000
13.640000
13.970000
13.970000
13.970000
13.970000
13.970000
13.970000
13.970000
13.970000
14.290000
14.290000
14.290000
14.290000
14.290000
14.290000
14.290000
14.290000
14.290000
14.290000
14.290000
14.290000
14.620000
14.620000
14.620000
14.620000
14.620000
14.620000
14.620000
14.620000
14.940000
14.940000
14.940000
14.940000
14.940000
14.940000
14.940000
14.940000
14.940000
14.940000
14.940000
14.940000
14.940000
14.940000
15.260000
15.260000
15.260000
15.260000
15.260000
15.260000
15.260000
15.260000
15.260000
15.590000
15.590000
15.590000
15.590000
15.590000
15.590000
15.590000
15.590000
15.590000
15.590000
15.590000
15.910000
15.910000
15.910000
15.910000
15.910000
15.910000
15.910000
15.910000
15.910000
15.910000
16.240000
16.240000
16.240000
16.240000
16.240000
16.240000
16.240000
16.240000
16.559999
16.559999
16.559999
16.559999
16.559999
16.559999
16.889999
16.889999
16.889999
16.889999
16.889999
16.889999
16.889999
17.209999
17.209999
17.209999
17.209999
17.209999
17.209999
17.209999
17.209999
17.209999
17.209999
17.209999
17.540001
17.540001
17.540001
17.540001
17.540001
17.540001
17.540001
17.540001
17.540001
17.540001
17.540001
17.540001
17.860001
17.860001
17.860001
17.860001
17.860001
17.860001
17.860001
17.860001
17.860001
17.860001
17.860001
18.180000
18.180000
18.180000
18.180000
18.180000
18.180000
18.180000
18.180000
18.180000
18.180000
18.180000
18.510000
18.510000
18.510000
18.510000
18.510000
18.510000
18.510000
18.510000
18.510000
18.510000
18.510000
18.510000
18.830000
18.830000
18.830000
18.830000
18.830000
18.830000
18.830000
18.830000
18.830000
18.830000
18.830000
19.160000
19.160000
19.160000
19.160000
19.160000
19.160000
19.160000
19.160000
19.160000
19.480000
19.480000
19.480000
19.480000
19.480000
19.480000
19.480000
19.480000
19.480000
19.480000
19.480000
19.480000
22.330000
22.330000
22.330000
22.330000
22.330000
22.330000
22.330000
22.330000
22.330000
22.330000
25.170000
25.170000
25.170000
25.170000
25.170000
25.170000
25.170000
25.170000
25.170000
25.170000
25.170000
25.170000
28.020000
28.020000
28.020000
28.020000
28.020000
28.020000
28.020000
28.020000
30.870001
30.870001
30.870001
30.870001
30.870001
30.870001
30.870001
33.000000
33.000000
33.000000
33.000000
33.000000
