0.000000
0.000000
0.000000
0.000000
0.000000
0.000000
0.000000
0.000000
0.000000
0.000000
0.000000
0.000000
0.000000
0.000000
0.000000
0.000000
0.000000
0.000000
0.000000
0.000000
0.000000
0.000000
0.000000
0.000000
0.000000
0.000000
0.000000
0.000000
0.000000
0.000000
0.000000
0.000000
0.000000
0.000000
0.000000
0.000000
0.000000
0.000000
0.000000
0.000000
0.000000
0.000000
0.000000
0.000000
0.000000
0.000000
0.000000
1.446000
1.446000
1.446000
1.446000
1.446000
1.446000
1.446000
1.446000
1.781000
1.781000
1.781000
1.781000
1.781000
1.781000
1.781000
1.781000
1.781000
1.781000
1.781000
2.116000
2.116000
2.116000
2.116000
2.116000
2.116000
2.116000
2.452000
2.452000
2.452000
2.787000
2.787000
2.787000
2.787000
2.787000
2.787000
2.787000
2.787000
2.787000
2.787000
2.787000
2.787000
3.122000
3.122000
3.122000
3.122000
3.122000
3.122000
3.122000
3.122000
3.122000
3.457000
3.457000
3.457000
3.457000
3.457000
3.457000
3.457000
3.457000
3.792000
3.792000
3.792000
3.792000
3.792000
3.792000
3.792000
4.127000
4.127000
4.127000
4.127000
4.127000
4.127000
4.127000
4.127000
4.127000
4.127000
4.127000
4.462000
4.462000
4.462000
4.462000
4.462000
4.462000
4.462000
4.462000
4.462000
4.462000
4.462000
4.462000
4.797000
4.797000
4.797000
4.797000
4.797000
4.797000
4.797000
4.797000
5.133000
5.133000
5.133000
5.133000
5.133000
5.133000
5.133000
5.133000
5.133000
5.133000
5.133000
5.468000
5.468000
5.468000
5.468000
5.468000
5.468000
5.468000
5.468000
5.468000
5.468000
5.468000
5.803000
5.803000
5.803000
5.803000
5.803000
5.803000
5.803000
5.803000
5.803000
5.803000
5.803000
5.803000
6.138000
6.138000
6.138000
6.138000
6.138000
6.138000
6.138000
6.138000
6.138000
6.473000
6.473000
6.473000
6.473000
6.473000
6.473000
6.473000
6.473000
6.473000
6.473000
6.473000
6.473000
6.473000
6.808000
6.808000
6.808000
6.808000
6.808000
6.808000
6.808000
6.808000
6.808000
7.143000
7.143000
7.143000
7.143000
7.143000
7.143000
7.143000
7.143000
7.143000
7.143000
7.478000
7.478000
7.478000
7.478000
7.478000
7.478000
7.478000
7.478000
7.478000
7.478000
7.478000
7.478000
7.478000
7.478000
7.478000
7.814000
7.814000
7.814000
7.814000
7.814000
7.814000
7.814000
7.814000
7.814000
7.814000
7.814000
7.814000
8.149000
8.149000
8.149000
8.149000
8.149000
8.149000
8.149000
8.149000
8.149000
8.149000
8.149000
8.484000
8.484000
8.484000
8.484000
8.484000
8.484000
8.484000
8.484000
8.484000
8.484000
8.484000
8.484000
8.484000
8.484000
8.484000
8.484000
8.484000
8.484000
8.819000
8.819000
8.819000
8.819000
8.819000
8.819000
8.819000
8.819000
9.154000
9.154000
9.154000
9.154000
9.154000
9.489000
9.489000
9.489000
9.489000
9.489000
9.489000
9.489000
9.489000
9.489000
9.489000
9.489000
9.489000
9.489000
9.489000
9.824000
9.824000
9.824000
9.824000
9.824000
10.160000
10.160000
10.160000
10.160000
10.160000
10.160000
10.160000
10.160000
10.160000
10.160000
10.160000
10.160000
10.160000
10.160000
10.160000
10.160000
10.490000
10.490000
10.490000
10.490000
10.490000
10.490000
10.490000
10.490000
10.490000
10.490000
10.490000
10.830000
10.830000
10.830000
10.830000
10.830000
10.830000
10.830000
10.830000
10.830000
10.830000
10.830000
10.830000
10.830000
11.160000
11.160000
11.160000
11.160000
11.160000
11.160000
11.160000
11.160000
11.160000
11.160000
11.160000
11.160000
11.500000
11.500000
11.500000
11.500000
11.500000
11.500000
11.500000
11.500000
11.830000
11.830000
11.830000
11.830000
11.830000
11.830000
11.830000
11.830000
11.830000
11.830000
11.830000
11.830000
11.830000
11.830000
11.830000
11.830000
11.830000
11.830000
11.830000
11.830000
11.830000
12.170000
12.170000
12.170000
12.170000
12.170000
12.170000
12.170000
12.170000
12.170000
12.170000
12.170000
12.170000
12.510000
12.510000
12.510000
12.510000
12.510000
12.510000
12.510000
12.510000
12.840000
12.840000
12.840000
12.840000
12.840000
12.840000
12.840000
12.840000
13.180000
13.180000
13.180000
13.180000
13.180000
13.180000
13.180000
13.180000
13.180000
13.180000
13.180000
13.510000
13.510000
13.510000
13.510000
13.510000
13.510000
13.510000
13.510000
13.510000
13.510000
13.510000
13.850000
13.850000
13.850000
13.850000
13.850000
13.850000
13.850000
13.850000
13.850000
13.850000
13.850000
14.180000
14.180000
14.180000
14.180000
14.180000
14.180000
14.180000
14.180000
14.180000
14.180000
14.520000
14.520000
14.520000
14.520000
14.520000
14.520000
14.520000
14.850000
14.850000
14.850000
14.850000
14.850000
14.850000
14.850000
14.850000
14.850000
14.850000
15.190000
15.190000
15.190000
15.190000
15.190000
15.190000
15.190000
15.190000
15.190000
15.190000
15.190000
15.520000
15.520000
15.520000
15.520000
15.520000
15.520000
15.520000
15.520000
15.860000
15.860000
15.860000
15.860000
15.860000
15.860000
15.860000
15.860000
15.860000
15.860000
16.190001
16.190001
16.190001
16.190001
16.190001
16.190001
16.530001
16.530001
16.530001
16.530001
16.530001
16.530001
16.530001
16.530001
16.530001
16.530001
16.530001
16.530001
16.530001
17.549999
17.549999
17.549999
17.549999
17.549999
17.549999
17.549999
17.549999
17.549999
18.580000
18.580000
18.580000
18.580000
18.580000
18.580000
18.580000
18.580000
18.580000
18.580000
18.580000
18.580000
19.600000
19.600000
19.600000
19.600000
19.600000
19.600000
20.629999
20.629999
20.629999
20.629999
20.629999
20.629999
20.629999
20.629999
20.629999
20.629999
20.629999
20.629999
20.629999
20.629999
21.650000
21.650000
21.650000
21.650000
21.650000
22.670000
22.670000
22.670000
22.670000
22.670000
22.670000
22.670000
23.700001
23.700001
23.700001
23.700001
24.719999
24.719999
24.719999
24.719999
24.719999
24.719999
24.719999
24.719999
24.719999
25.750000
25.750000
25.750000
25.750000
25.750000
25.750000
25.750000
25.750000
25.750000
25.750000
25.750000
25.750000
25.750000
25.750000
26.770000
26.770000
26.770000
26.770000
26.770000
26.770000
26.770000
26.770000
26.770000
26.770000
26.770000
26.770000
26.770000
27.799999
27.799999
27.799999
27.799999
27.799999
27.799999
27.799999
27.799999
27.799999
27.799999
27.799999
27.799999
27.799999
27.799999
27.799999
27.799999
27.799999
27.799999
28.820000
28.820000
28.820000
28.820000
29.850000
29.850000
29.850000
29.850000
29.850000
29.850000
29.850000
29.850000
29.850000
29.850000
29.850000
29.850000
30.870001
30.870001
30.870001
30.870001
30.870001
30.870001
31.900000
31.900000
31.900000
31.900000
31.900000
31.900000
31.900000
31.900000
31.900000
31.900000
31.900000
32.919998
32.919998
32.919998
32.919998
32.919998
32.919998
33.950001
33.950001
33.950001
33.950001
33.950001
33.950001
33.950001
33.950001
33.950001
33.950001
33.950001
34.970001
34.970001
34.970001
34.970001
34.970001
34.970001
34.970001
34.970001
34.970001
34.970001
34.970001
34.970001
34.970001
34.970001
34.970001
36.000000
36.000000
36.000000
36.000000
36.000000
36.000000
36.000000
36.000000
36.000000
36.000000
37.020000
37.020000
37.020000
37.020000
37.020000
37.020000
37.020000
37.020000
37.020000
37.020000
37.020000
37.020000
37.020000
37.020000
37.020000
37.020000
38.049999
38.049999
38.049999
38.049999
38.049999
38.049999
38.049999
38.049999
38.049999
38.049999
39.070000
39.070000
39.070000
39.070000
39.070000
40.090000
40.090000
40.090000
40.090000
40.090000
40.090000
40.090000
40.090000
40.090000
40.090000
40.090000
40.090000
40.090000
41.119999
41.119999
41.119999
41.119999
41.119999
41.119999
41.119999
42.139999
42.139999
42.139999
42.139999
42.139999
42.139999
42.139999
42.139999
42.139999
42.139999
43.169998
43.169998
43.169998
43.169998
43.169998
43.169998
43.169998
43.169998
43.169998
43.169998
44.189999
44.189999
44.189999
44.189999
44.189999
45.220001
45.220001
45.220001
45.220001
45.220001
45.220001
45.220001
45.220001
45.220001
45.220001
46.240002
46.240002
46.240002
46.240002
46.240002
46.240002
46.240002
47.270000
47.270000
47.270000
47.270000
47.270000
47.270000
47.270000
47.270000
48.290001
48.290001
48.290001
48.290001
48.290001
48.290001
48.290001
48.290001
48.290001
48.290001
49.320000
49.320000
49.320000
49.320000
49.320000
49.320000
49.320000
50.340000
50.340000
50.340000
50.340000
50.340000
50.340000
50.340000
50.340000
50.340000
50.340000
50.340000
50.340000
51.369999
51.369999
51.369999
51.369999
51.369999
51.369999
51.369999
52.389999
52.389999
52.389999
52.389999
52.389999
52.389999
52.389999
53.419998
53.419998
53.419998
53.419998
53.419998
53.419998
53.419998
54.439999
54.439999
54.439999
54.439999
54.439999
54.439999
54.439999
54.439999
54.439999
54.439999
54.439999
54.439999
54.439999
54.439999
55.470001
55.470001
55.470001
55.470001
55.470001
55.470001
55.470001
55.470001
55.470001
55.470001
56.490002
56.490002
56.490002
56.490002
56.490002
56.490002
56.490002
56.490002
57.509998
57.509998
57.509998
57.509998
57.509998
57.509998
57.509998
57.509998
57.509998
57.509998
57.509998
57.509998
57.509998
58.540001
58.540001
58.540001
58.540001
58.540001
58.540001
59.560001
59.560001
59.560001
59.560001
59.560001
59.560001
60.590000
60.590000
60.590000
60.590000
60.590000
60.590000
60.590000
60.590000
60.590000
61.610001
61.610001
61.610001
61.610001
61.610001
61.610001
61.610001
61.610001
61.610001
61.610001
61.610001
61.610001
61.610001
61.610001
61.610001
62.639999
62.639999
62.639999
62.639999
62.639999
62.639999
62.639999
62.639999
62.639999
62.639999
70.290001
70.290001
70.290001
70.290001
70.290001
70.290001
70.290001
77.949997
77.949997
77.949997
77.949997
77.949997
77.949997
77.949997
77.949997
77.949997
77.949997
77.949997
77.949997
85.599998
85.599998
85.599998
85.599998
85.599998
85.599998
85.599998
85.599998
85.599998
93.260002
93.260002
93.260002
93.260002
93.260002
93.260002
93.260002
93.260002
93.260002
93.260002
99.000000
99.000000
99.000000
99.000000
99.000000
99.000000
99.000000
99.000000
99.000000
99.000000
99.000000
