0.000000
0.000000
0.000000
0.000000
0.000000
0.000000
0.000000
0.000000
0.000000
0.000000
0.000000
0.000000
0.000000
0.000000
0.000000
0.000000
0.000000
0.000000
0.000000
0.000000
0.000000
0.000000
0.000000
0.000000
0.000000
0.000000
0.000000
0.000000
0.000000
0.000000
0.000000
0.000000
0.000000
0.000000
0.000000
0.000000
0.000000
0.000000
0.000000
0.000000
0.000000
0.000000
0.414300
0.414300
0.414300
0.414300
0.414300
0.414300
0.414300
0.414300
0.414300
0.622000
0.622000
0.622000
0.622000
0.622000
0.622000
0.622000
0.622000
0.622000
0.622000
0.622000
0.622000
0.622000
0.622000
0.829600
0.829600
0.829600
0.829600
0.829600
0.829600
0.829600
0.829600
0.829600
0.829600
0.829600
0.829600
1.037000
1.037000
1.037000
1.037000
1.037000
1.037000
1.037000
1.037000
1.037000
1.245000
1.245000
1.245000
1.245000
1.245000
1.245000
1.245000
1.245000
1.245000
1.245000
1.452000
1.452000
1.452000
1.452000
1.452000
1.452000
1.452000
1.452000
1.660000
1.660000
1.660000
1.868000
1.868000
1.868000
1.868000
1.868000
1.868000
1.868000
1.868000
1.868000
1.868000
1.868000
1.868000
1.868000
1.868000
1.868000
1.868000
2.075000
2.075000
2.075000
2.075000
2.075000
2.075000
2.075000
2.075000
2.075000
2.075000
2.283000
2.283000
2.283000
2.283000
2.283000
2.283000
2.283000
2.283000
2.283000
2.283000
2.283000
2.283000
2.283000
2.491000
2.491000
2.491000
2.491000
2.491000
2.491000
2.491000
2.698000
2.698000
2.698000
2.698000
2.698000
2.698000
2.698000
2.698000
2.698000
2.698000
2.698000
2.698000
2.698000
2.698000
2.698000
2.698000
2.906000
2.906000
2.906000
2.906000
2.906000
2.906000
2.906000
2.906000
2.906000
2.906000
2.906000
2.906000
2.906000
2.906000
3.113000
3.113000
3.113000
3.113000
3.113000
3.113000
3.321000
3.321000
3.321000
3.321000
3.321000
3.321000
3.321000
3.321000
3.321000
3.321000
3.321000
3.321000
3.321000
3.529000
3.529000
3.529000
3.529000
3.529000
3.529000
3.529000
3.529000
3.529000
3.529000
3.529000
3.529000
3.529000
3.529000
3.529000
3.529000
3.529000
3.529000
3.736000
3.736000
3.736000
3.736000
3.736000
3.736000
3.736000
3.736000
3.736000
3.944000
3.944000
3.944000
3.944000
3.944000
3.944000
3.944000
3.944000
3.944000
3.944000
3.944000
3.944000
4.152000
4.152000
4.152000
4.359000
4.359000
4.359000
4.359000
4.359000
4.359000
4.359000
4.359000
4.359000
4.567000
4.567000
4.567000
4.567000
4.567000
4.567000
4.567000
4.567000
4.567000
4.567000
4.567000
4.567000
4.774000
4.774000
4.774000
4.774000
4.774000
4.774000
4.982000
4.982000
4.982000
4.982000
4.982000
4.982000
4.982000
4.982000
4.982000
5.190000
5.190000
5.190000
5.190000
5.190000
5.190000
5.190000
5.190000
5.190000
5.190000
5.397000
5.397000
5.397000
5.397000
5.397000
5.397000
5.397000
5.397000
5.397000
5.605000
5.605000
5.605000
5.605000
5.605000
5.605000
5.605000
5.605000
5.605000
5.605000
5.605000
5.605000
5.605000
5.605000
5.813000
5.813000
5.813000
5.813000
5.813000
5.813000
5.813000
5.813000
5.813000
5.813000
5.813000
6.020000
6.020000
6.020000
6.020000
6.020000
6.020000
6.020000
6.228000
6.228000
6.228000
6.228000
6.228000
6.228000
6.228000
6.228000
6.228000
6.228000
6.435000
6.435000
6.435000
6.435000
6.435000
6.435000
6.435000
6.435000
6.435000
6.435000
6.435000
6.435000
6.435000
6.643000
6.643000
6.643000
6.643000
6.643000
6.851000
6.851000
6.851000
6.851000
6.851000
6.851000
6.851000
6.851000
6.851000
6.851000
6.851000
7.058000
7.058000
7.058000
7.058000
7.058000
7.058000
7.058000
7.058000
7.058000
7.266000
7.266000
7.266000
7.266000
7.266000
7.473000
7.473000
7.473000
7.473000
7.473000
7.473000
7.473000
7.473000
7.473000
7.473000
7.473000
7.473000
7.473000
7.473000
7.473000
7.473000
7.681000
7.681000
7.681000
7.681000
7.681000
7.681000
7.681000
7.681000
7.681000
7.681000
7.681000
7.681000
7.681000
7.681000
7.681000
7.889000
7.889000
7.889000
7.889000
7.889000
7.889000
7.889000
7.889000
7.889000
7.889000
7.889000
7.889000
8.096000
8.096000
8.096000
8.096000
8.096000
8.096000
8.304000
8.304000
8.304000
8.304000
8.304000
8.304000
8.304000
8.304000
8.304000
8.304000
8.304000
8.304000
8.304000
8.304000
8.512000
8.512000
8.512000
8.512000
8.512000
8.512000
8.719000
8.719000
8.719000
8.719000
8.719000
8.719000
8.719000
8.719000
8.719000
8.719000
8.719000
8.719000
8.927000
8.927000
8.927000
8.927000
8.927000
8.927000
8.927000
8.927000
8.927000
8.927000
8.927000
8.927000
8.927000
9.134000
9.134000
9.134000
9.134000
9.134000
9.134000
9.134000
9.134000
9.134000
9.342000
9.342000
9.342000
9.342000
9.342000
9.550000
9.550000
9.550000
9.550000
9.550000
9.550000
9.550000
9.550000
9.550000
9.550000
9.550000
9.550000
9.550000
9.757000
9.757000
9.757000
9.757000
9.757000
9.757000
9.757000
9.757000
9.757000
9.757000
10.630000
10.630000
10.630000
10.630000
10.630000
11.500000
11.500000
11.500000
11.500000
11.500000
11.500000
11.500000
11.500000
11.500000
11.500000
11.500000
11.500000
12.370000
12.370000
12.370000
12.370000
12.370000
12.370000
12.370000
12.370000
12.370000
12.370000
12.370000
12.370000
13.230000
13.230000
13.230000
13.230000
13.230000
13.230000
13.230000
14.100000
14.100000
14.100000
14.100000
14.100000
14.100000
14.100000
14.100000
14.100000
14.100000
14.970000
14.970000
14.970000
14.970000
14.970000
14.970000
14.970000
15.840000
15.840000
15.840000
15.840000
15.840000
15.840000
15.840000
15.840000
15.840000
16.709999
16.709999
16.709999
16.709999
16.709999
16.709999
16.709999
16.709999
16.709999
16.709999
17.580000
17.580000
17.580000
17.580000
17.580000
18.450001
18.450001
18.450001
18.450001
18.450001
18.450001
18.450001
18.450001
19.320000
19.320000
19.320000
19.320000
19.320000
19.320000
19.320000
20.190001
20.190001
20.190001
20.190001
20.190001
20.190001
20.190001
20.190001
20.190001
20.190001
20.190001
20.190001
20.190001
20.190001
20.190001
20.190001
21.059999
21.059999
21.059999
21.059999
21.059999
21.059999
21.059999
21.059999
21.059999
21.059999
21.059999
21.059999
21.930000
21.930000
21.930000
21.930000
21.930000
21.930000
21.930000
21.930000
22.799999
22.799999
22.799999
22.799999
22.799999
22.799999
22.799999
22.799999
22.799999
22.799999
22.799999
22.799999
22.799999
22.799999
22.799999
22.799999
23.670000
23.670000
23.670000
23.670000
23.670000
23.670000
23.670000
23.670000
23.670000
23.670000
23.670000
23.670000
23.670000
24.540001
24.540001
24.540001
24.540001
24.540001
24.540001
24.540001
24.540001
25.410000
25.410000
25.410000
25.410000
25.410000
26.270000
26.270000
26.270000
26.270000
26.270000
26.270000
26.270000
26.270000
27.139999
27.139999
27.139999
27.139999
27.139999
27.139999
27.139999
27.139999
27.139999
27.139999
27.139999
28.010000
28.010000
28.010000
28.010000
28.010000
28.010000
28.010000
28.010000
28.010000
28.010000
28.010000
28.010000
28.879999
28.879999
28.879999
28.879999
28.879999
28.879999
28.879999
28.879999
28.879999
28.879999
28.879999
28.879999
28.879999
29.750000
29.750000
29.750000
29.750000
29.750000
29.750000
29.750000
29.750000
29.750000
29.750000
29.750000
30.620001
30.620001
30.620001
30.620001
30.620001
30.620001
30.620001
30.620001
30.620001
30.620001
30.620001
31.490000
31.490000
31.490000
31.490000
31.490000
31.490000
31.490000
31.490000
31.490000
32.360001
32.360001
32.360001
32.360001
32.360001
32.360001
32.360001
32.360001
32.360001
32.360001
32.360001
33.230000
33.230000
33.230000
33.230000
33.230000
33.230000
33.230000
33.230000
34.099998
34.099998
34.099998
34.099998
34.099998
34.099998
34.099998
34.099998
34.099998
34.099998
34.970001
34.970001
34.970001
34.970001
34.970001
34.970001
35.840000
35.840000
35.840000
35.840000
35.840000
35.840000
35.840000
35.840000
36.709999
36.709999
36.709999
36.709999
36.709999
36.709999
36.709999
36.709999
36.709999
36.709999
36.709999
36.709999
36.709999
36.709999
36.709999
36.709999
36.709999
37.580002
37.580002
37.580002
37.580002
37.580002
37.580002
37.580002
37.580002
37.580002
38.450001
38.450001
38.450001
38.450001
38.450001
38.450001
38.450001
38.450001
39.320000
39.320000
39.320000
39.320000
39.320000
39.320000
39.320000
40.180000
40.180000
40.180000
40.180000
40.180000
40.180000
40.180000
40.180000
40.180000
41.049999
41.049999
41.049999
41.049999
41.049999
41.049999
41.049999
41.919998
41.919998
41.919998
41.919998
41.919998
41.919998
41.919998
41.919998
41.919998
41.919998
41.919998
42.790001
42.790001
42.790001
42.790001
42.790001
43.660000
43.660000
43.660000
43.660000
43.660000
43.660000
43.660000
43.660000
43.660000
43.660000
43.660000
44.529999
44.529999
44.529999
44.529999
44.529999
44.529999
44.529999
44.529999
44.529999
44.529999
44.529999
44.529999
44.529999
44.529999
44.529999
44.529999
45.400002
45.400002
45.400002
45.400002
45.400002
45.400002
45.400002
45.400002
45.400002
45.400002
45.400002
45.400002
45.400002
46.270000
46.270000
46.270000
46.270000
46.270000
46.270000
46.270000
46.270000
46.270000
46.270000
47.139999
47.139999
47.139999
47.139999
47.139999
47.139999
47.139999
47.139999
47.139999
48.009998
48.009998
48.009998
48.009998
48.009998
48.009998
48.009998
48.009998
48.009998
48.009998
48.009998
48.009998
48.880001
48.880001
48.880001
48.880001
48.880001
48.880001
48.880001
48.880001
48.880001
56.590000
56.590000
56.590000
56.590000
56.590000
56.590000
56.590000
56.590000
56.590000
56.590000
64.300003
64.300003
64.300003
64.300003
64.300003
64.300003
64.300003
72.010002
72.010002
72.010002
72.010002
72.010002
72.010002
72.010002
72.010002
72.010002
79.720001
79.720001
79.720001
79.720001
79.720001
79.720001
79.720001
79.720001
79.720001
79.720001
85.500000
85.500000
85.500000
85.500000
85.500000
85.500000
85.500000
85.500000
