0.000000
0.000000
0.000000
0.000000
0.000000
0.000000
0.000000
0.000000
0.000000
0.000000
0.000000
0.000000
0.000000
0.000000
0.000000
0.000000
0.000000
0.000000
0.000000
0.000000
0.000000
0.000000
0.000000
0.000000
0.000000
0.000000
0.000000
0.000000
0.000000
0.000000
0.000000
0.000000
0.000000
0.000000
0.000000
0.000000
0.000000
0.000000
0.000000
0.000000
0.000000
0.000000
0.000000
0.000000
0.000000
0.000000
0.385500
0.385500
0.385500
0.385500
0.385500
0.385500
0.385500
0.385500
0.385500
0.385500
0.385500
0.491100
0.491100
0.491100
0.491100
0.491100
0.491100
0.491100
0.491100
0.491100
0.491100
0.596700
0.596700
0.596700
0.596700
0.596700
0.596700
0.596700
0.702400
0.702400
0.702400
0.702400
0.702400
0.702400
0.702400
0.702400
0.702400
0.808000
0.808000
0.808000
0.808000
0.808000
0.808000
0.808000
0.808000
0.808000
0.808000
0.808000
0.913600
0.913600
0.913600
0.913600
0.913600
0.913600
0.913600
0.913600
0.913600
0.913600
0.913600
0.913600
0.913600
0.913600
1.019000
1.019000
1.019000
1.019000
1.019000
1.019000
1.019000
1.019000
1.019000
1.019000
1.019000
1.125000
1.125000
1.125000
1.125000
1.125000
1.125000
1.125000
1.125000
1.125000
1.125000
1.125000
1.125000
1.231000
1.231000
1.231000
1.231000
1.231000
1.231000
1.231000
1.231000
1.231000
1.231000
1.231000
1.231000
1.336000
1.336000
1.336000
1.336000
1.336000
1.336000
1.336000
1.442000
1.442000
1.442000
1.442000
1.442000
1.442000
1.442000
1.442000
1.442000
1.442000
1.442000
1.442000
1.442000
1.547000
1.547000
1.547000
1.547000
1.547000
1.547000
1.547000
1.547000
1.547000
1.547000
1.547000
1.653000
1.653000
1.653000
1.653000
1.653000
1.653000
1.759000
1.759000
1.759000
1.759000
1.759000
1.759000
1.864000
1.864000
1.864000
1.864000
1.864000
1.864000
1.864000
1.864000
1.864000
1.864000
1.864000
1.864000
1.864000
1.970000
1.970000
1.970000
1.970000
1.970000
1.970000
2.076000
2.076000
2.076000
2.076000
2.076000
2.076000
2.076000
2.076000
2.076000
2.076000
2.076000
2.181000
2.181000
2.181000
2.181000
2.181000
2.287000
2.287000
2.287000
2.287000
2.287000
2.287000
2.287000
2.287000
2.287000
2.287000
2.392000
2.392000
2.392000
2.392000
2.392000
2.392000
2.392000
2.392000
2.498000
2.498000
2.498000
2.498000
2.498000
2.498000
2.498000
2.498000
2.498000
2.498000
2.604000
2.604000
2.604000
2.604000
2.604000
2.709000
2.709000
2.709000
2.709000
2.709000
2.709000
2.709000
2.709000
2.709000
2.709000
2.709000
2.709000
2.815000
2.815000
2.815000
2.815000
2.815000
2.815000
2.815000
2.815000
2.815000
2.815000
2.815000
2.815000
2.815000
2.815000
2.815000
2.815000
2.921000
2.921000
2.921000
2.921000
2.921000
2.921000
2.921000
2.921000
2.921000
3.026000
3.026000
3.026000
3.026000
3.026000
3.026000
3.026000
3.026000
3.026000
3.026000
3.026000
3.026000
3.132000
3.132000
3.132000
3.132000
3.132000
3.132000
3.132000
3.132000
3.132000
3.238000
3.238000
3.238000
3.238000
3.238000
3.238000
3.238000
3.238000
3.238000
3.238000
3.238000
3.238000
3.343000
3.343000
3.343000
3.343000
3.343000
3.343000
3.343000
3.343000
3.343000
3.343000
3.343000
3.343000
3.449000
3.449000
3.449000
3.449000
3.449000
3.449000
3.449000
3.449000
3.449000
3.449000
3.449000
3.449000
3.449000
3.449000
3.554000
3.554000
3.554000
3.554000
3.554000
3.554000
3.554000
3.554000
3.554000
3.554000
3.554000
3.660000
3.660000
3.660000
3.660000
3.660000
3.660000
3.660000
3.660000
3.766000
3.766000
3.766000
3.766000
3.766000
3.766000
3.766000
3.766000
3.766000
3.871000
3.871000
3.871000
3.871000
3.871000
3.871000
3.871000
3.871000
3.871000
3.871000
3.871000
3.871000
3.871000
3.977000
3.977000
3.977000
3.977000
3.977000
3.977000
3.977000
3.977000
3.977000
3.977000
3.977000
4.083000
4.083000
4.083000
4.083000
4.083000
4.083000
4.083000
4.083000
4.083000
4.083000
4.083000
4.083000
4.083000
4.083000
4.083000
4.083000
4.083000
4.188000
4.188000
4.188000
4.188000
4.188000
4.188000
4.188000
4.188000
4.188000
4.188000
4.188000
4.188000
4.188000
4.188000
4.188000
4.294000
4.294000
4.294000
4.294000
4.294000
4.294000
4.400000
4.400000
4.400000
4.400000
4.400000
4.400000
4.400000
4.400000
4.400000
4.400000
4.505000
4.505000
4.505000
4.505000
4.505000
4.505000
4.505000
4.505000
4.505000
4.505000
4.505000
4.505000
4.505000
4.611000
4.611000
4.611000
4.611000
4.611000
4.611000
4.611000
4.716000
4.716000
4.716000
4.716000
4.716000
4.716000
4.716000
4.716000
4.716000
4.716000
4.822000
4.822000
4.822000
4.822000
4.822000
4.822000
4.822000
4.822000
4.822000
4.822000
4.822000
4.822000
4.822000
4.822000
4.822000
4.822000
4.822000
4.822000
4.822000
4.822000
4.822000
4.822000
4.928000
4.928000
4.928000
4.928000
4.928000
4.928000
4.928000
4.928000
4.928000
4.928000
4.928000
5.033000
5.033000
5.033000
5.033000
5.033000
5.033000
5.033000
5.033000
5.033000
5.033000
5.033000
5.033000
5.033000
5.033000
5.033000
5.139000
5.139000
5.139000
5.139000
5.139000
5.139000
5.139000
5.490000
5.490000
5.490000
5.490000
5.490000
5.490000
5.490000
5.490000
5.490000
5.841000
5.841000
5.841000
5.841000
5.841000
5.841000
5.841000
6.193000
6.193000
6.193000
6.193000
6.193000
6.193000
6.193000
6.193000
6.193000
6.193000
6.193000
6.193000
6.544000
6.544000
6.544000
6.544000
6.544000
6.544000
6.544000
6.544000
6.544000
6.544000
6.895000
6.895000
6.895000
6.895000
6.895000
6.895000
6.895000
6.895000
6.895000
6.895000
6.895000
6.895000
6.895000
7.246000
7.246000
7.246000
7.246000
7.246000
7.246000
7.246000
7.246000
7.246000
7.246000
7.597000
7.597000
7.597000
7.597000
7.597000
7.597000
7.597000
7.597000
7.597000
7.597000
7.597000
7.597000
7.597000
7.949000
7.949000
7.949000
7.949000
7.949000
7.949000
7.949000
7.949000
7.949000
7.949000
7.949000
7.949000
7.949000
7.949000
8.300000
8.300000
8.300000
8.300000
8.300000
8.300000
8.300000
8.300000
8.300000
8.300000
8.651000
8.651000
8.651000
8.651000
8.651000
8.651000
9.002000
9.002000
9.002000
9.002000
9.002000
9.002000
9.353000
9.353000
9.353000
9.353000
9.353000
9.353000
9.353000
9.353000
9.353000
9.705000
9.705000
9.705000
9.705000
9.705000
9.705000
9.705000
9.705000
9.705000
9.705000
9.705000
9.705000
9.705000
10.060000
10.060000
10.060000
10.060000
10.060000
10.060000
10.060000
10.060000
10.060000
10.060000
10.410000
10.410000
10.410000
10.410000
10.760000
10.760000
10.760000
10.760000
10.760000
10.760000
10.760000
10.760000
10.760000
10.760000
10.760000
11.110000
11.110000
11.110000
11.110000
11.110000
11.110000
11.110000
11.110000
11.110000
11.110000
11.110000
11.110000
11.110000
11.460000
11.460000
11.460000
11.460000
11.460000
11.460000
11.460000
11.460000
11.460000
11.810000
11.810000
11.810000
11.810000
11.810000
11.810000
11.810000
12.160000
12.160000
12.160000
12.160000
12.160000
12.160000
12.160000
12.510000
12.510000
12.510000
12.510000
12.510000
12.510000
12.510000
12.510000
12.510000
12.510000
12.870000
12.870000
12.870000
12.870000
12.870000
12.870000
12.870000
12.870000
13.220000
13.220000
13.220000
13.220000
13.220000
13.220000
13.220000
13.220000
13.220000
13.220000
13.220000
13.570000
13.570000
13.570000
13.570000
13.570000
13.570000
13.570000
13.570000
13.570000
13.570000
13.920000
13.920000
13.920000
13.920000
13.920000
13.920000
13.920000
13.920000
13.920000
13.920000
13.920000
13.920000
13.920000
14.270000
14.270000
14.270000
14.270000
14.270000
14.270000
14.620000
14.620000
14.620000
14.620000
14.620000
14.620000
14.620000
14.970000
14.970000
14.970000
14.970000
14.970000
14.970000
15.320000
15.320000
15.320000
15.320000
15.320000
15.320000
15.320000
15.320000
15.680000
15.680000
15.680000
15.680000
15.680000
15.680000
15.680000
15.680000
16.030001
16.030001
16.030001
16.030001
16.030001
16.030001
16.030001
16.379999
16.379999
16.379999
16.379999
16.379999
16.379999
16.379999
16.379999
16.379999
16.379999
16.730000
16.730000
16.730000
16.730000
16.730000
16.730000
16.730000
16.730000
16.730000
16.730000
16.730000
16.730000
17.080000
17.080000
17.080000
17.080000
17.080000
17.080000
17.080000
17.080000
17.080000
17.080000
17.430000
17.430000
17.430000
17.430000
17.430000
17.430000
17.430000
17.430000
17.780001
17.780001
17.780001
17.780001
17.780001
17.780001
17.780001
17.780001
17.780001
17.780001
18.129999
18.129999
18.129999
18.129999
18.129999
18.129999
18.129999
18.129999
18.129999
18.129999
18.480000
18.480000
18.480000
18.480000
18.480000
18.480000
18.480000
18.480000
18.480000
18.480000
18.840000
18.840000
18.840000
18.840000
19.190001
19.190001
19.190001
19.190001
19.190001
19.540001
19.540001
19.540001
19.540001
19.540001
19.540001
19.540001
19.540001
19.540001
19.889999
19.889999
19.889999
19.889999
19.889999
19.889999
19.889999
19.889999
19.889999
19.889999
20.240000
20.240000
20.240000
20.240000
20.240000
20.240000
20.240000
20.590000
20.590000
20.590000
20.590000
20.590000
20.590000
20.590000
20.590000
20.590000
20.590000
20.590000
20.590000
20.590000
20.590000
20.940001
20.940001
20.940001
20.940001
20.940001
20.940001
20.940001
23.480000
23.480000
23.480000
23.480000
23.480000
23.480000
23.480000
23.480000
23.480000
23.480000
23.480000
26.020000
26.020000
26.020000
26.020000
26.020000
26.020000
26.020000
28.559999
28.559999
28.559999
28.559999
28.559999
28.559999
28.559999
28.559999
28.559999
28.559999
28.559999
28.559999
28.559999
28.559999
28.559999
31.100000
31.100000
31.100000
31.100000
31.100000
31.100000
31.100000
31.100000
31.100000
33.000000
33.000000
33.000000
33.000000
33.000000
33.000000
33.000000
33.000000
33.000000
33.000000
