0.000000
0.000000
0.000000
0.000000
0.000000
0.000000
0.000000
0.000000
0.000000
0.000000
0.000000
0.000000
0.000000
0.000000
0.000000
0.000000
0.000000
0.000000
0.000000
0.000000
0.000000
0.000000
0.000000
0.000000
0.000000
0.000000
0.000000
0.000000
0.000000
0.000000
0.000000
0.000000
0.000000
0.000000
0.000000
0.000000
0.000000
0.000000
0.000000
0.000000
0.000000
0.000000
0.000000
0.956100
0.956100
0.956100
0.956100
0.956100
0.956100
0.956100
0.956100
0.956100
0.956100
0.956100
0.956100
0.956100
0.956100
1.232000
1.232000
1.232000
1.232000
1.232000
1.232000
1.232000
1.508000
1.508000
1.508000
1.508000
1.508000
1.508000
1.508000
1.784000
1.784000
1.784000
1.784000
1.784000
1.784000
1.784000
1.784000
1.784000
1.784000
2.059000
2.059000
2.059000
2.059000
2.059000
2.059000
2.059000
2.059000
2.059000
2.059000
2.059000
2.059000
2.059000
2.059000
2.335000
2.335000
2.335000
2.611000
2.611000
2.611000
2.611000
2.611000
2.611000
2.611000
2.611000
2.611000
2.611000
2.611000
2.887000
2.887000
2.887000
2.887000
2.887000
2.887000
2.887000
2.887000
2.887000
2.887000
2.887000
3.163000
3.163000
3.163000
3.163000
3.163000
3.163000
3.439000
3.439000
3.439000
3.439000
3.439000
3.439000
3.439000
3.439000
3.439000
3.714000
3.714000
3.990000
3.990000
3.990000
3.990000
3.990000
3.990000
3.990000
3.990000
3.990000
4.266000
4.266000
4.266000
4.266000
4.266000
4.266000
4.266000
4.266000
4.266000
4.266000
4.266000
4.266000
4.266000
4.266000
4.266000
4.542000
4.542000
4.542000
4.542000
4.542000
4.542000
4.542000
4.542000
4.542000
4.542000
4.542000
4.542000
4.542000
4.542000
4.542000
4.818000
4.818000
4.818000
4.818000
4.818000
4.818000
4.818000
4.818000
4.818000
4.818000
4.818000
4.818000
5.093000
5.093000
5.093000
5.093000
5.093000
5.093000
5.093000
5.093000
5.093000
5.093000
5.093000
5.093000
5.369000
5.369000
5.369000
5.369000
5.369000
5.369000
5.369000
5.369000
5.369000
5.369000
5.369000
5.369000
5.369000
5.645000
5.645000
5.645000
5.645000
5.645000
5.645000
5.645000
5.645000
5.645000
5.645000
5.645000
5.645000
5.645000
5.921000
5.921000
5.921000
5.921000
5.921000
5.921000
5.921000
5.921000
5.921000
6.197000
6.197000
6.197000
6.197000
6.197000
6.197000
6.197000
6.473000
6.473000
6.473000
6.473000
6.473000
6.748000
6.748000
6.748000
6.748000
6.748000
6.748000
6.748000
6.748000
6.748000
6.748000
6.748000
6.748000
7.024000
7.024000
7.024000
7.024000
7.024000
7.024000
7.024000
7.024000
7.300000
7.300000
7.300000
7.300000
7.576000
7.576000
7.576000
7.576000
7.576000
7.852000
7.852000
7.852000
7.852000
7.852000
7.852000
7.852000
7.852000
7.852000
7.852000
7.852000
8.128000
8.128000
8.128000
8.128000
8.128000
8.128000
8.128000
8.128000
8.128000
8.403000
8.403000
8.403000
8.403000
8.679000
8.679000
8.679000
8.679000
8.679000
8.679000
8.679000
8.679000
8.679000
8.955000
8.955000
8.955000
8.955000
8.955000
8.955000
8.955000
8.955000
8.955000
8.955000
8.955000
9.231000
9.231000
9.231000
9.231000
9.231000
9.231000
9.231000
9.231000
9.507000
9.507000
9.507000
9.507000
9.507000
9.507000
9.507000
9.507000
9.507000
9.507000
9.782000
9.782000
9.782000
9.782000
9.782000
9.782000
9.782000
9.782000
9.782000
9.782000
9.782000
9.782000
10.060000
10.060000
10.060000
10.060000
10.060000
10.060000
10.060000
10.060000
10.060000
10.060000
10.060000
10.060000
10.330000
10.330000
10.330000
10.330000
10.330000
10.330000
10.610000
10.610000
10.610000
10.610000
10.610000
10.610000
10.610000
10.610000
10.610000
10.610000
10.610000
10.610000
10.890000
10.890000
10.890000
10.890000
10.890000
10.890000
10.890000
10.890000
10.890000
10.890000
10.890000
10.890000
11.160000
11.160000
11.160000
11.160000
11.160000
11.160000
11.160000
11.160000
11.160000
11.160000
11.440000
11.440000
11.440000
11.440000
11.440000
11.440000
11.440000
11.440000
11.710000
11.710000
11.710000
11.710000
11.710000
11.990000
11.990000
11.990000
11.990000
11.990000
11.990000
11.990000
11.990000
11.990000
11.990000
11.990000
11.990000
11.990000
11.990000
12.260000
12.260000
12.260000
12.260000
12.260000
12.260000
12.260000
12.260000
12.260000
12.540000
12.540000
12.540000
12.540000
12.540000
12.540000
12.540000
12.540000
12.540000
12.540000
12.540000
12.540000
12.540000
12.540000
12.540000
12.540000
12.540000
12.820000
12.820000
12.820000
12.820000
12.820000
12.820000
12.820000
12.820000
12.820000
12.820000
12.820000
12.820000
12.820000
12.820000
12.820000
13.090000
13.090000
13.090000
13.090000
13.370000
13.370000
13.370000
13.370000
13.370000
13.370000
13.370000
13.370000
13.370000
13.370000
13.370000
13.370000
14.050000
14.050000
14.050000
14.050000
14.050000
14.050000
14.730000
14.730000
14.730000
14.730000
14.730000
14.730000
14.730000
15.400000
15.400000
15.400000
15.400000
15.400000
15.400000
15.400000
15.400000
15.400000
15.400000
15.400000
16.080000
16.080000
16.080000
16.080000
16.080000
16.080000
16.080000
16.080000
16.760000
16.760000
16.760000
16.760000
16.760000
16.760000
16.760000
16.760000
16.760000
16.760000
16.760000
16.760000
17.440001
17.440001
17.440001
17.440001
17.440001
17.440001
17.440001
17.440001
18.120001
18.120001
18.120001
18.120001
18.120001
18.120001
18.120001
18.799999
18.799999
18.799999
18.799999
18.799999
18.799999
18.799999
18.799999
18.799999
19.480000
19.480000
19.480000
19.480000
19.480000
20.160000
20.160000
20.160000
20.160000
20.160000
20.160000
20.160000
20.160000
20.160000
20.160000
20.160000
20.160000
20.160000
20.160000
20.160000
20.160000
20.160000
20.160000
20.830000
20.830000
20.830000
20.830000
20.830000
20.830000
20.830000
20.830000
20.830000
20.830000
21.510000
21.510000
21.510000
21.510000
21.510000
21.510000
21.510000
21.510000
21.510000
21.510000
22.190001
22.190001
22.190001
22.190001
22.190001
22.190001
22.190001
22.190001
22.190001
22.190001
22.870001
22.870001
22.870001
22.870001
22.870001
22.870001
22.870001
23.549999
23.549999
23.549999
23.549999
23.549999
23.549999
23.549999
23.549999
23.549999
23.549999
23.549999
24.230000
24.230000
24.230000
24.230000
24.230000
24.230000
24.230000
24.230000
24.230000
24.230000
24.230000
24.230000
24.230000
24.910000
24.910000
24.910000
24.910000
24.910000
24.910000
24.910000
24.910000
25.590000
25.590000
25.590000
25.590000
25.590000
25.590000
25.590000
25.590000
25.590000
25.590000
26.270000
26.270000
26.270000
26.270000
26.270000
26.270000
26.270000
26.270000
26.270000
26.270000
26.270000
26.940001
26.940001
26.940001
26.940001
26.940001
26.940001
26.940001
26.940001
26.940001
26.940001
26.940001
26.940001
26.940001
26.940001
26.940001
26.940001
26.940001
27.620001
27.620001
27.620001
27.620001
27.620001
27.620001
27.620001
27.620001
27.620001
27.620001
27.620001
27.620001
27.620001
27.620001
28.299999
28.299999
28.299999
28.299999
28.299999
28.299999
28.299999
28.299999
28.299999
28.980000
28.980000
28.980000
28.980000
28.980000
29.660000
29.660000
29.660000
29.660000
29.660000
29.660000
29.660000
29.660000
29.660000
29.660000
30.340000
30.340000
30.340000
30.340000
30.340000
30.340000
30.340000
30.340000
31.020000
31.020000
31.020000
31.020000
31.020000
31.020000
31.020000
31.020000
31.020000
31.020000
31.020000
31.020000
31.020000
31.020000
31.020000
31.020000
31.020000
31.020000
31.020000
31.700001
31.700001
31.700001
31.700001
31.700001
31.700001
31.700001
31.700001
31.700001
31.700001
32.369999
32.369999
32.369999
32.369999
32.369999
32.369999
33.049999
33.049999
33.049999
33.049999
33.049999
33.049999
33.049999
33.049999
33.049999
33.049999
33.730000
33.730000
33.730000
33.730000
33.730000
33.730000
33.730000
33.730000
33.730000
33.730000
33.730000
34.410000
34.410000
34.410000
34.410000
34.410000
34.410000
34.410000
34.410000
34.410000
34.410000
34.410000
34.410000
34.410000
34.410000
35.090000
35.090000
35.090000
35.090000
35.090000
35.090000
35.090000
35.090000
35.090000
35.090000
35.770000
35.770000
35.770000
35.770000
35.770000
35.770000
35.770000
35.770000
36.450001
36.450001
36.450001
36.450001
36.450001
36.450001
36.450001
36.450001
36.450001
36.450001
36.450001
36.450001
36.450001
36.450001
37.130001
37.130001
37.130001
37.130001
37.130001
37.799999
37.799999
37.799999
37.799999
37.799999
37.799999
37.799999
37.799999
38.480000
38.480000
38.480000
38.480000
38.480000
38.480000
38.480000
38.480000
38.480000
38.480000
38.480000
38.480000
38.480000
38.480000
38.480000
38.480000
38.480000
39.160000
39.160000
39.160000
39.160000
39.160000
39.160000
39.160000
39.160000
39.160000
39.160000
39.160000
39.160000
39.160000
39.160000
39.160000
39.160000
39.840000
39.840000
39.840000
39.840000
39.840000
39.840000
39.840000
39.840000
39.840000
39.840000
39.840000
39.840000
40.520000
40.520000
40.520000
40.520000
40.520000
40.520000
40.520000
40.520000
40.520000
40.520000
40.520000
41.200001
41.200001
41.200001
41.200001
41.200001
41.200001
41.200001
41.200001
41.200001
41.880001
41.880001
41.880001
41.880001
41.880001
41.880001
41.880001
41.880001
42.560001
42.560001
42.560001
42.560001
42.560001
42.560001
42.560001
42.560001
42.560001
43.230000
43.230000
43.230000
43.230000
43.230000
43.230000
43.230000
43.230000
43.230000
43.910000
43.910000
43.910000
43.910000
43.910000
43.910000
43.910000
43.910000
43.910000
43.910000
43.910000
43.910000
48.560001
48.560001
48.560001
48.560001
48.560001
48.560001
48.560001
48.560001
48.560001
48.560001
53.209999
53.209999
53.209999
53.209999
53.209999
53.209999
53.209999
53.209999
53.209999
53.209999
53.209999
57.860001
57.860001
57.860001
57.860001
57.860001
57.860001
57.860001
57.860001
57.860001
57.860001
57.860001
62.509998
62.509998
62.509998
62.509998
62.509998
62.509998
62.509998
62.509998
62.509998
62.509998
62.509998
62.509998
62.509998
62.509998
62.509998
62.509998
66.000000
66.000000
66.000000
66.000000
