0.000000
0.000000
0.000000
0.000000
0.000000
0.000000
0.000000
0.000000
0.000000
0.000000
0.000000
0.000000
0.000000
0.000000
0.000000
0.000000
0.000000
0.000000
0.000000
0.000000
0.000000
0.000000
0.000000
0.000000
0.000000
0.000000
0.000000
0.000000
0.000000
0.000000
0.000000
0.000000
0.000000
0.000000
0.000000
0.000000
0.000000
0.000000
0.000000
0.000000
0.000000
0.000000
0.000000
0.000000
0.000000
0.000000
0.000000
0.000000
0.000000
0.000000
0.000000
0.000000
0.000000
0.030390
0.030390
0.030390
0.030390
0.030390
0.030390
0.093860
0.093860
0.093860
0.093860
0.093860
0.093860
0.093860
0.093860
0.093860
0.093860
0.093860
0.093860
0.093860
0.157300
0.157300
0.157300
0.157300
0.157300
0.157300
0.157300
0.157300
0.157300
0.157300
0.220800
0.220800
0.220800
0.220800
0.220800
0.220800
0.220800
0.220800
0.220800
0.220800
0.284300
0.284300
0.284300
0.284300
0.284300
0.284300
0.284300
0.284300
0.284300
0.284300
0.284300
0.284300
0.347800
0.347800
0.347800
0.347800
0.347800
0.347800
0.347800
0.347800
0.411200
0.411200
0.411200
0.411200
0.411200
0.411200
0.411200
0.411200
0.411200
0.411200
0.474700
0.474700
0.474700
0.474700
0.474700
0.538200
0.538200
0.538200
0.538200
0.538200
0.538200
0.538200
0.538200
0.538200
0.538200
0.538200
0.538200
0.538200
0.601600
0.601600
0.601600
0.601600
0.601600
0.601600
0.601600
0.601600
0.601600
0.601600
0.601600
0.665100
0.665100
0.665100
0.665100
0.665100
0.728600
0.728600
0.728600
0.728600
0.728600
0.728600
0.728600
0.728600
0.792100
0.792100
0.792100
0.792100
0.792100
0.855500
0.855500
0.855500
0.855500
0.855500
0.855500
0.855500
0.855500
0.855500
0.855500
0.855500
0.855500
0.855500
0.919000
0.919000
0.919000
0.919000
0.919000
0.919000
0.919000
0.919000
0.919000
0.982500
0.982500
0.982500
0.982500
0.982500
0.982500
0.982500
0.982500
0.982500
0.982500
0.982500
0.982500
0.982500
1.046000
1.046000
1.046000
1.046000
1.046000
1.046000
1.109000
1.109000
1.109000
1.109000
1.109000
1.109000
1.109000
1.109000
1.109000
1.173000
1.173000
1.173000
1.173000
1.173000
1.173000
1.173000
1.173000
1.173000
1.236000
1.236000
1.236000
1.236000
1.236000
1.236000
1.236000
1.236000
1.236000
1.236000
1.236000
1.236000
1.300000
1.300000
1.300000
1.300000
1.300000
1.300000
1.300000
1.300000
1.300000
1.363000
1.363000
1.363000
1.363000
1.363000
1.363000
1.363000
1.363000
1.363000
1.427000
1.427000
1.427000
1.427000
1.427000
1.427000
1.427000
1.427000
1.490000
1.490000
1.490000
1.490000
1.490000
1.490000
1.490000
1.490000
1.490000
1.490000
1.490000
1.490000
1.490000
1.490000
1.490000
1.490000
1.490000
1.554000
1.554000
1.554000
1.554000
1.554000
1.554000
1.554000
1.554000
1.554000
1.554000
1.554000
1.554000
1.617000
1.617000
1.617000
1.617000
1.617000
1.617000
1.617000
1.617000
1.617000
1.617000
1.617000
1.617000
1.681000
1.681000
1.681000
1.681000
1.681000
1.681000
1.681000
1.681000
1.681000
1.681000
1.681000
1.744000
1.744000
1.744000
1.744000
1.744000
1.744000
1.808000
1.808000
1.808000
1.808000
1.808000
1.808000
1.808000
1.871000
1.871000
1.871000
1.871000
1.871000
1.871000
1.871000
1.871000
1.935000
1.935000
1.935000
1.935000
1.935000
1.935000
1.935000
1.935000
1.935000
1.935000
1.935000
1.935000
1.935000
1.998000
1.998000
1.998000
1.998000
1.998000
1.998000
1.998000
1.998000
1.998000
1.998000
2.062000
2.062000
2.062000
2.062000
2.062000
2.062000
2.062000
2.062000
2.062000
2.062000
2.062000
2.062000
2.062000
2.062000
2.062000
2.125000
2.125000
2.125000
2.125000
2.125000
2.125000
2.125000
2.125000
2.125000
2.125000
2.125000
2.125000
2.188000
2.188000
2.188000
2.188000
2.188000
2.188000
2.188000
2.188000
2.188000
2.188000
2.188000
2.188000
2.188000
2.188000
2.188000
2.188000
2.188000
2.252000
2.252000
2.252000
2.252000
2.252000
2.252000
2.252000
2.315000
2.315000
2.315000
2.315000
2.315000
2.315000
2.379000
2.379000
2.379000
2.379000
2.379000
2.379000
2.379000
2.442000
2.442000
2.442000
2.442000
2.442000
2.442000
2.442000
2.442000
2.442000
2.442000
2.442000
2.506000
2.506000
2.506000
2.506000
2.506000
2.506000
2.506000
2.569000
2.569000
2.569000
2.569000
2.569000
2.569000
2.569000
2.569000
2.569000
2.569000
2.633000
2.633000
2.633000
2.633000
2.633000
2.633000
2.633000
2.633000
2.633000
2.633000
2.633000
2.633000
2.696000
2.696000
2.696000
2.696000
2.696000
2.696000
2.760000
2.760000
2.760000
2.760000
2.760000
2.760000
2.760000
2.760000
2.760000
2.760000
2.760000
2.760000
2.760000
2.823000
2.823000
2.823000
2.823000
2.823000
2.823000
2.823000
2.823000
2.823000
2.823000
2.823000
2.887000
2.887000
2.887000
2.887000
2.887000
2.887000
2.887000
2.887000
3.723000
3.723000
3.723000
3.723000
3.723000
3.723000
3.723000
3.723000
3.723000
3.723000
4.559000
4.559000
4.559000
4.559000
4.559000
4.559000
4.559000
4.559000
4.559000
5.395000
5.395000
5.395000
5.395000
5.395000
5.395000
5.395000
5.395000
5.395000
5.395000
5.395000
5.395000
5.395000
5.395000
6.231000
6.231000
6.231000
6.231000
6.231000
6.231000
6.231000
6.231000
7.067000
7.067000
7.067000
7.067000
7.067000
7.067000
7.067000
7.067000
7.067000
7.067000
7.903000
7.903000
7.903000
7.903000
7.903000
7.903000
7.903000
7.903000
7.903000
8.740000
8.740000
8.740000
8.740000
8.740000
8.740000
8.740000
8.740000
8.740000
8.740000
8.740000
9.576000
9.576000
9.576000
9.576000
9.576000
9.576000
9.576000
9.576000
9.576000
10.410000
10.410000
10.410000
10.410000
10.410000
10.410000
10.410000
10.410000
11.250000
11.250000
11.250000
11.250000
11.250000
11.250000
11.250000
11.250000
11.250000
11.250000
12.080000
12.080000
12.080000
12.080000
12.080000
12.080000
12.080000
12.080000
12.080000
12.080000
12.080000
12.080000
12.920000
12.920000
12.920000
12.920000
12.920000
12.920000
12.920000
13.760000
13.760000
13.760000
13.760000
13.760000
13.760000
13.760000
13.760000
13.760000
14.590000
14.590000
14.590000
14.590000
14.590000
15.430000
15.430000
15.430000
15.430000
15.430000
15.430000
15.430000
15.430000
15.430000
15.430000
16.260000
16.260000
16.260000
16.260000
16.260000
16.260000
16.260000
17.100000
17.100000
17.100000
17.100000
17.100000
17.100000
17.100000
17.100000
17.100000
17.100000
17.940001
17.940001
17.940001
17.940001
17.940001
17.940001
17.940001
17.940001
17.940001
17.940001
17.940001
17.940001
17.940001
18.770000
18.770000
18.770000
18.770000
18.770000
18.770000
18.770000
18.770000
18.770000
18.770000
19.610001
19.610001
19.610001
19.610001
19.610001
19.610001
19.610001
19.610001
19.610001
19.610001
19.610001
19.610001
20.450001
20.450001
20.450001
20.450001
20.450001
20.450001
20.450001
20.450001
20.450001
20.450001
20.450001
20.450001
20.450001
21.280001
21.280001
21.280001
21.280001
21.280001
21.280001
21.280001
21.280001
21.280001
21.280001
21.280001
22.120001
22.120001
22.120001
22.120001
22.120001
22.120001
22.120001
22.120001
22.120001
22.950001
22.950001
22.950001
22.950001
22.950001
22.950001
22.950001
22.950001
22.950001
22.950001
23.790001
23.790001
23.790001
23.790001
23.790001
23.790001
23.790001
23.790001
23.790001
23.790001
23.790001
23.790001
23.790001
24.629999
24.629999
24.629999
24.629999
24.629999
24.629999
24.629999
24.629999
24.629999
25.459999
25.459999
25.459999
25.459999
25.459999
25.459999
25.459999
26.299999
26.299999
26.299999
26.299999
26.299999
26.299999
26.299999
26.299999
26.299999
26.299999
26.299999
26.299999
27.129999
27.129999
27.129999
27.129999
27.129999
27.129999
27.129999
27.129999
27.129999
27.969999
27.969999
27.969999
27.969999
27.969999
27.969999
28.809999
28.809999
28.809999
28.809999
28.809999
28.809999
29.639999
29.639999
29.639999
29.639999
29.639999
29.639999
29.639999
29.639999
29.639999
29.639999
29.639999
30.480000
30.480000
30.480000
30.480000
30.480000
30.480000
30.480000
30.480000
30.480000
30.480000
30.480000
31.309999
31.309999
31.309999
31.309999
31.309999
31.309999
31.309999
31.309999
32.150002
32.150002
32.150002
32.150002
32.150002
32.150002
32.150002
32.150002
32.150002
32.150002
32.990002
32.990002
32.990002
32.990002
32.990002
32.990002
32.990002
33.820000
33.820000
33.820000
33.820000
33.820000
33.820000
34.660000
34.660000
34.660000
34.660000
34.660000
34.660000
34.660000
35.500000
35.500000
35.500000
35.500000
35.500000
35.500000
35.500000
35.500000
35.500000
35.500000
35.500000
35.500000
35.500000
35.500000
35.500000
36.330002
36.330002
36.330002
36.330002
36.330002
36.330002
36.330002
36.330002
36.330002
36.330002
36.330002
36.330002
37.169998
37.169998
37.169998
37.169998
37.169998
37.169998
37.169998
37.169998
37.169998
37.169998
37.169998
37.169998
38.000000
38.000000
38.000000
38.000000
38.000000
38.000000
38.840000
38.840000
38.840000
38.840000
38.840000
38.840000
38.840000
38.840000
38.840000
38.840000
38.840000
38.840000
38.840000
38.840000
38.840000
39.680000
39.680000
39.680000
39.680000
39.680000
39.680000
39.680000
39.680000
39.680000
39.680000
39.680000
40.509998
40.509998
40.509998
40.509998
40.509998
40.509998
40.509998
54.480000
54.480000
54.480000
54.480000
54.480000
54.480000
54.480000
54.480000
54.480000
54.480000
54.480000
54.480000
68.449997
68.449997
68.449997
68.449997
68.449997
68.449997
68.449997
68.449997
82.410004
82.410004
82.410004
82.410004
82.410004
82.410004
82.410004
82.410004
82.410004
82.410004
82.410004
82.410004
82.410004
82.410004
96.379997
96.379997
96.379997
96.379997
96.379997
96.379997
96.379997
96.379997
96.379997
96.379997
96.379997
96.379997
96.379997
96.379997
96.379997
106.900002
106.900002
106.900002
106.900002
106.900002
106.900002
106.900002
106.900002
106.900002
106.900002
106.900002
