0.000000
0.000000
0.000000
0.000000
0.000000
0.000000
0.000000
0.000000
0.000000
0.000000
0.000000
0.000000
0.000000
0.000000
0.000000
0.000000
0.000000
0.000000
0.000000
0.000000
0.000000
0.000000
0.000000
0.000000
0.000000
0.000000
0.000000
0.000000
0.000000
0.000000
0.000000
0.000000
0.000000
0.000000
0.000000
0.000000
0.000000
0.000000
0.000000
0.000000
0.000000
0.000000
0.000000
0.000000
0.000000
0.000000
0.000000
0.000000
0.000000
0.000000
0.000000
0.000000
0.000000
0.000000
0.000000
0.103300
0.103300
0.103300
0.103300
0.103300
0.103300
0.103300
0.103300
0.103300
0.103300
0.103300
0.103300
0.103300
0.103300
0.103300
0.103300
0.103300
0.103300
0.103300
0.103300
0.103300
0.103300
0.103300
0.103300
0.103300
0.176000
0.176000
0.176000
0.176000
0.176000
0.176000
0.176000
0.176000
0.176000
0.176000
0.176000
0.176000
0.176000
0.176000
0.176000
0.176000
0.176000
0.248600
0.248600
0.248600
0.248600
0.248600
0.248600
0.248600
0.248600
0.248600
0.248600
0.248600
0.248600
0.248600
0.321300
0.321300
0.321300
0.321300
0.321300
0.321300
0.321300
0.321300
0.321300
0.393900
0.393900
0.393900
0.393900
0.393900
0.393900
0.393900
0.393900
0.393900
0.393900
0.466500
0.466500
0.466500
0.466500
0.466500
0.466500
0.466500
0.466500
0.539200
0.539200
0.539200
0.539200
0.539200
0.539200
0.539200
0.539200
0.539200
0.611800
0.611800
0.611800
0.611800
0.684500
0.684500
0.684500
0.684500
0.684500
0.684500
0.684500
0.684500
0.757100
0.757100
0.757100
0.757100
0.757100
0.757100
0.757100
0.757100
0.757100
0.829700
0.829700
0.829700
0.829700
0.829700
0.829700
0.829700
0.829700
0.829700
0.902400
0.902400
0.902400
0.902400
0.902400
0.902400
0.902400
0.902400
0.902400
0.902400
0.975000
0.975000
0.975000
0.975000
0.975000
0.975000
0.975000
0.975000
0.975000
0.975000
0.975000
0.975000
0.975000
0.975000
1.048000
1.048000
1.048000
1.048000
1.048000
1.048000
1.048000
1.048000
1.048000
1.120000
1.120000
1.120000
1.120000
1.120000
1.120000
1.120000
1.120000
1.120000
1.120000
1.120000
1.193000
1.193000
1.193000
1.193000
1.193000
1.193000
1.193000
1.193000
1.193000
1.193000
1.193000
1.193000
1.266000
1.266000
1.266000
1.266000
1.266000
1.266000
1.266000
1.266000
1.266000
1.266000
1.266000
1.266000
1.266000
1.338000
1.338000
1.338000
1.338000
1.338000
1.338000
1.338000
1.338000
1.338000
1.338000
1.338000
1.338000
1.338000
1.411000
1.411000
1.411000
1.411000
1.411000
1.411000
1.411000
1.411000
1.411000
1.411000
1.411000
1.411000
1.484000
1.484000
1.484000
1.484000
1.484000
1.484000
1.556000
1.556000
1.556000
1.556000
1.556000
1.556000
1.556000
1.556000
1.629000
1.629000
1.629000
1.629000
1.629000
1.629000
1.701000
1.701000
1.701000
1.701000
1.701000
1.701000
1.701000
1.701000
1.701000
1.701000
1.701000
1.701000
1.774000
1.774000
1.774000
1.774000
1.774000
1.774000
1.847000
1.847000
1.847000
1.847000
1.847000
1.847000
1.847000
1.847000
1.847000
1.847000
1.847000
1.919000
1.919000
1.919000
1.919000
1.919000
1.919000
1.992000
1.992000
1.992000
1.992000
1.992000
1.992000
1.992000
1.992000
1.992000
1.992000
1.992000
1.992000
1.992000
2.065000
2.065000
2.065000
2.065000
2.065000
2.065000
2.065000
2.065000
2.065000
2.065000
2.137000
2.137000
2.137000
2.137000
2.137000
2.137000
2.210000
2.210000
2.210000
2.210000
2.210000
2.210000
2.210000
2.210000
2.210000
2.210000
2.210000
2.210000
2.210000
2.210000
2.210000
2.210000
2.210000
2.283000
2.283000
2.283000
2.283000
2.283000
2.283000
2.283000
2.283000
2.283000
2.283000
2.283000
2.355000
2.355000
2.355000
2.355000
2.355000
2.355000
2.355000
2.355000
2.355000
2.355000
2.428000
2.428000
2.428000
2.428000
2.428000
2.428000
2.428000
2.428000
2.428000
2.500000
2.500000
2.500000
2.500000
2.500000
2.500000
2.500000
2.500000
2.500000
2.500000
2.573000
2.573000
2.573000
2.573000
2.573000
2.573000
2.573000
2.573000
2.573000
2.573000
2.573000
2.573000
2.573000
2.573000
2.573000
2.573000
2.646000
2.646000
2.646000
2.646000
2.646000
2.646000
2.646000
2.646000
2.646000
2.646000
2.646000
2.646000
2.718000
2.718000
2.718000
2.718000
2.718000
2.718000
2.791000
2.791000
2.791000
2.791000
2.791000
2.791000
2.864000
2.864000
2.864000
2.864000
2.864000
2.864000
2.864000
2.864000
2.864000
2.864000
2.936000
2.936000
2.936000
3.009000
3.009000
3.009000
3.082000
3.082000
3.082000
3.082000
3.082000
3.082000
3.082000
3.082000
3.082000
3.082000
3.082000
3.154000
3.154000
3.154000
3.154000
3.154000
3.154000
3.154000
3.154000
3.154000
3.154000
3.227000
3.227000
3.227000
3.227000
3.227000
3.227000
3.227000
3.227000
3.227000
3.227000
3.227000
3.227000
3.227000
3.227000
3.227000
3.227000
3.227000
3.300000
3.300000
3.300000
3.300000
3.300000
3.300000
3.300000
3.300000
3.300000
3.300000
3.300000
3.300000
3.300000
3.372000
3.372000
3.372000
3.372000
3.372000
3.372000
3.372000
3.372000
3.372000
3.837000
3.837000
3.837000
3.837000
3.837000
3.837000
3.837000
4.302000
4.302000
4.302000
4.302000
4.302000
4.302000
4.768000
4.768000
4.768000
4.768000
4.768000
4.768000
4.768000
5.233000
5.233000
5.233000
5.233000
5.233000
5.233000
5.233000
5.233000
5.233000
5.698000
5.698000
5.698000
5.698000
5.698000
5.698000
5.698000
5.698000
5.698000
5.698000
6.163000
6.163000
6.163000
6.163000
6.163000
6.163000
6.163000
6.163000
6.163000
6.163000
6.163000
6.163000
6.163000
6.163000
6.628000
6.628000
6.628000
6.628000
6.628000
6.628000
6.628000
6.628000
6.628000
6.628000
6.628000
6.628000
7.093000
7.093000
7.093000
7.093000
7.093000
7.093000
7.559000
7.559000
7.559000
7.559000
7.559000
7.559000
7.559000
7.559000
7.559000
7.559000
8.024000
8.024000
8.024000
8.024000
8.024000
8.024000
8.024000
8.024000
8.024000
8.024000
8.024000
8.024000
8.024000
8.024000
8.024000
8.489000
8.489000
8.489000
8.489000
8.489000
8.489000
8.489000
8.489000
8.954000
8.954000
9.419000
9.419000
9.419000
9.419000
9.419000
9.419000
9.419000
9.884000
9.884000
9.884000
9.884000
9.884000
9.884000
9.884000
9.884000
9.884000
9.884000
10.350000
10.350000
10.350000
10.350000
10.350000
10.350000
10.350000
10.810000
10.810000
10.810000
10.810000
10.810000
10.810000
10.810000
10.810000
10.810000
11.280000
11.280000
11.280000
11.280000
11.280000
11.280000
11.280000
11.280000
11.280000
11.280000
11.750000
11.750000
11.750000
11.750000
11.750000
11.750000
11.750000
11.750000
11.750000
12.210000
12.210000
12.210000
12.210000
12.210000
12.210000
12.210000
12.210000
12.210000
12.210000
12.680000
12.680000
12.680000
12.680000
12.680000
12.680000
12.680000
12.680000
12.680000
13.140000
13.140000
13.140000
13.140000
13.140000
13.140000
13.140000
13.140000
13.140000
13.610000
13.610000
13.610000
13.610000
13.610000
13.610000
14.070000
14.070000
14.070000
14.070000
14.070000
14.070000
14.070000
14.070000
14.070000
14.070000
14.070000
14.070000
14.540000
14.540000
14.540000
14.540000
14.540000
14.540000
14.540000
14.540000
15.000000
15.000000
15.000000
15.000000
15.000000
15.000000
15.000000
15.470000
15.470000
15.470000
15.470000
15.470000
15.470000
15.470000
15.470000
15.470000
15.470000
15.470000
15.470000
15.470000
15.470000
15.930000
15.930000
15.930000
15.930000
15.930000
15.930000
15.930000
15.930000
15.930000
15.930000
16.400000
16.400000
16.400000
16.400000
16.400000
16.400000
16.400000
16.400000
16.400000
16.400000
16.860001
16.860001
16.860001
16.860001
16.860001
16.860001
16.860001
16.860001
16.860001
16.860001
16.860001
17.330000
17.330000
17.330000
17.330000
17.330000
17.330000
17.330000
17.330000
17.330000
17.330000
17.790001
17.790001
17.790001
17.790001
17.790001
17.790001
17.790001
17.790001
17.790001
17.790001
18.260000
18.260000
18.260000
18.260000
18.260000
18.260000
18.260000
18.260000
18.719999
18.719999
18.719999
18.719999
18.719999
18.719999
18.719999
18.719999
18.719999
19.190001
19.190001
19.190001
19.190001
19.190001
19.190001
19.190001
19.190001
19.190001
19.190001
19.190001
19.650000
19.650000
19.650000
19.650000
19.650000
19.650000
19.650000
20.120001
20.120001
20.120001
20.120001
20.120001
20.120001
20.120001
20.120001
20.120001
20.120001
20.120001
20.120001
20.120001
20.120001
20.120001
20.120001
20.120001
20.120001
20.580000
20.580000
20.580000
20.580000
20.580000
20.580000
21.049999
21.049999
21.049999
21.049999
21.049999
21.049999
21.049999
21.049999
21.049999
21.049999
21.049999
21.049999
21.049999
21.510000
21.510000
21.510000
21.510000
21.510000
21.510000
21.510000
21.510000
21.510000
21.510000
21.980000
21.980000
21.980000
21.980000
21.980000
21.980000
21.980000
21.980000
22.440001
22.440001
22.440001
22.440001
22.440001
22.440001
22.440001
22.440001
22.440001
22.440001
22.440001
22.910000
22.910000
22.910000
22.910000
22.910000
22.910000
22.910000
22.910000
22.910000
22.910000
22.910000
22.910000
23.370001
23.370001
23.370001
23.370001
23.370001
23.370001
23.370001
23.370001
23.370001
23.840000
23.840000
23.840000
23.840000
23.840000
23.840000
23.840000
23.840000
23.840000
23.840000
23.840000
23.840000
24.299999
24.299999
24.299999
24.299999
24.299999
24.299999
28.620001
28.620001
28.620001
28.620001
28.620001
28.620001
28.620001
28.620001
28.620001
28.620001
28.620001
28.620001
32.930000
32.930000
32.930000
32.930000
32.930000
32.930000
37.240002
37.240002
37.240002
37.240002
37.240002
37.240002
37.240002
37.240002
37.240002
37.240002
41.549999
41.549999
41.549999
41.549999
41.549999
41.549999
41.549999
41.549999
44.790001
44.790001
44.790001
44.790001
44.790001
44.790001
44.790001
44.790001
44.790001
44.790001
44.790001
44.790001
44.790001
