0.000000
0.000000
0.000000
0.000000
0.000000
0.000000
0.000000
0.000000
0.000000
0.000000
0.000000
0.000000
0.000000
0.000000
0.000000
0.000000
0.000000
0.000000
0.000000
0.000000
0.000000
0.000000
0.000000
0.000000
0.000000
0.000000
0.000000
0.000000
0.000000
0.000000
0.000000
0.000000
0.000000
0.000000
0.000000
0.000000
0.000000
0.000000
0.000000
0.000000
0.000000
0.000000
0.000000
0.000000
0.000000
0.967300
0.967300
0.967300
0.967300
0.967300
0.967300
0.967300
0.967300
1.240000
1.240000
1.240000
1.240000
1.240000
1.240000
1.240000
1.240000
1.240000
1.240000
1.240000
1.240000
1.240000
1.512000
1.512000
1.512000
1.512000
1.512000
1.512000
1.512000
1.512000
1.512000
1.512000
1.512000
1.785000
1.785000
1.785000
1.785000
1.785000
1.785000
1.785000
1.785000
2.057000
2.057000
2.057000
2.057000
2.057000
2.057000
2.057000
2.057000
2.057000
2.057000
2.057000
2.329000
2.329000
2.329000
2.329000
2.329000
2.329000
2.329000
2.329000
2.329000
2.329000
2.329000
2.329000
2.329000
2.329000
2.329000
2.329000
2.329000
2.602000
2.602000
2.602000
2.602000
2.602000
2.602000
2.602000
2.602000
2.602000
2.602000
2.874000
2.874000
2.874000
2.874000
2.874000
2.874000
2.874000
2.874000
2.874000
2.874000
2.874000
3.147000
3.147000
3.147000
3.147000
3.147000
3.147000
3.147000
3.147000
3.147000
3.147000
3.147000
3.147000
3.147000
3.147000
3.419000
3.419000
3.419000
3.419000
3.419000
3.419000
3.419000
3.692000
3.692000
3.692000
3.692000
3.692000
3.692000
3.692000
3.692000
3.964000
3.964000
3.964000
3.964000
3.964000
3.964000
3.964000
4.236000
4.236000
4.236000
4.236000
4.236000
4.236000
4.236000
4.236000
4.236000
4.236000
4.509000
4.509000
4.509000
4.509000
4.509000
4.509000
4.509000
4.509000
4.509000
4.509000
4.509000
4.509000
4.781000
4.781000
4.781000
4.781000
4.781000
4.781000
4.781000
4.781000
4.781000
4.781000
4.781000
5.054000
5.054000
5.054000
5.054000
5.054000
5.054000
5.054000
5.054000
5.054000
5.054000
5.054000
5.054000
5.054000
5.054000
5.054000
5.326000
5.326000
5.326000
5.326000
5.326000
5.326000
5.326000
5.326000
5.326000
5.599000
5.599000
5.599000
5.599000
5.599000
5.599000
5.599000
5.599000
5.599000
5.599000
5.599000
5.599000
5.599000
5.599000
5.871000
5.871000
5.871000
5.871000
5.871000
5.871000
5.871000
5.871000
5.871000
6.143000
6.143000
6.143000
6.143000
6.143000
6.143000
6.143000
6.143000
6.143000
6.143000
6.143000
6.143000
6.143000
6.143000
6.143000
6.143000
6.416000
6.416000
6.416000
6.416000
6.416000
6.416000
6.416000
6.416000
6.416000
6.416000
6.416000
6.688000
6.688000
6.688000
6.688000
6.688000
6.961000
6.961000
6.961000
6.961000
6.961000
6.961000
6.961000
6.961000
6.961000
7.233000
7.233000
7.233000
7.233000
7.233000
7.506000
7.506000
7.506000
7.506000
7.506000
7.506000
7.506000
7.778000
7.778000
7.778000
7.778000
7.778000
7.778000
7.778000
7.778000
7.778000
7.778000
8.050000
8.050000
8.050000
8.050000
8.050000
8.050000
8.050000
8.050000
8.050000
8.050000
8.050000
8.323000
8.323000
8.323000
8.323000
8.323000
8.323000
8.323000
8.323000
8.323000
8.323000
8.323000
8.323000
8.595000
8.595000
8.595000
8.595000
8.595000
8.595000
8.595000
8.595000
8.868000
8.868000
8.868000
8.868000
8.868000
8.868000
8.868000
8.868000
8.868000
8.868000
8.868000
8.868000
9.140000
9.140000
9.140000
9.140000
9.140000
9.140000
9.413000
9.413000
9.413000
9.413000
9.413000
9.413000
9.413000
9.413000
9.413000
9.413000
9.413000
9.413000
9.413000
9.413000
9.413000
9.413000
9.685000
9.685000
9.685000
9.685000
9.685000
9.685000
9.685000
9.685000
9.685000
9.685000
9.685000
9.957000
9.957000
10.230000
10.230000
10.230000
10.230000
10.230000
10.230000
10.230000
10.230000
10.230000
10.230000
10.230000
10.230000
10.230000
10.230000
10.500000
10.500000
10.500000
10.500000
10.500000
10.500000
10.500000
10.500000
10.500000
10.500000
10.500000
10.770000
10.770000
10.770000
10.770000
10.770000
10.770000
10.770000
10.770000
10.770000
10.770000
11.050000
11.050000
11.050000
11.050000
11.050000
11.050000
11.050000
11.050000
11.050000
11.050000
11.050000
11.050000
11.050000
11.050000
11.050000
11.050000
11.050000
11.050000
11.320000
11.320000
11.320000
11.320000
11.320000
11.320000
11.320000
11.320000
11.590000
11.590000
11.590000
11.590000
11.590000
11.860000
11.860000
11.860000
11.860000
11.860000
11.860000
11.860000
11.860000
11.860000
11.860000
11.860000
11.860000
11.860000
11.860000
11.860000
12.140000
12.140000
12.140000
12.140000
12.140000
12.140000
12.140000
12.140000
12.140000
12.410000
12.410000
12.410000
12.410000
12.410000
12.410000
12.410000
12.410000
12.680000
12.680000
12.680000
12.680000
12.680000
12.950000
12.950000
12.950000
12.950000
12.950000
12.950000
12.950000
12.950000
12.950000
13.230000
13.230000
13.230000
13.230000
13.230000
13.230000
13.230000
14.260000
14.260000
14.260000
14.260000
14.260000
14.260000
14.260000
14.260000
14.260000
14.260000
14.260000
14.260000
14.260000
15.300000
15.300000
15.300000
15.300000
15.300000
15.300000
15.300000
15.300000
15.300000
16.340000
16.340000
16.340000
16.340000
16.340000
16.340000
16.340000
16.340000
16.340000
16.340000
16.340000
16.340000
17.379999
17.379999
17.379999
17.379999
17.379999
17.379999
17.379999
17.379999
17.379999
17.379999
18.420000
18.420000
18.420000
18.420000
18.420000
19.459999
19.459999
19.459999
19.459999
19.459999
19.459999
19.459999
19.459999
19.459999
19.459999
19.459999
19.459999
19.459999
20.490000
20.490000
20.490000
20.490000
20.490000
20.490000
20.490000
20.490000
20.490000
20.490000
20.490000
20.490000
21.530001
21.530001
21.530001
21.530001
21.530001
21.530001
21.530001
21.530001
21.530001
21.530001
21.530001
21.530001
22.570000
22.570000
22.570000
22.570000
22.570000
23.610001
23.610001
23.610001
23.610001
23.610001
23.610001
23.610001
23.610001
23.610001
23.610001
23.610001
24.650000
24.650000
24.650000
24.650000
24.650000
24.650000
24.650000
24.650000
24.650000
25.680000
25.680000
25.680000
25.680000
25.680000
25.680000
25.680000
25.680000
25.680000
25.680000
25.680000
25.680000
25.680000
26.719999
26.719999
26.719999
26.719999
26.719999
26.719999
26.719999
26.719999
26.719999
27.760000
27.760000
27.760000
27.760000
27.760000
27.760000
27.760000
27.760000
27.760000
27.760000
27.760000
27.760000
27.760000
27.760000
28.799999
28.799999
28.799999
28.799999
28.799999
28.799999
28.799999
28.799999
28.799999
29.840000
29.840000
29.840000
29.840000
29.840000
29.840000
29.840000
29.840000
30.870001
30.870001
30.870001
30.870001
30.870001
30.870001
30.870001
30.870001
30.870001
30.870001
30.870001
31.910000
31.910000
31.910000
31.910000
31.910000
31.910000
31.910000
31.910000
31.910000
32.950001
32.950001
32.950001
32.950001
32.950001
32.950001
32.950001
32.950001
32.950001
32.950001
33.990002
33.990002
33.990002
33.990002
33.990002
33.990002
33.990002
33.990002
33.990002
33.990002
33.990002
33.990002
35.029999
35.029999
35.029999
35.029999
35.029999
35.029999
35.029999
35.029999
35.029999
35.029999
35.029999
36.070000
36.070000
36.070000
36.070000
36.070000
36.070000
36.070000
36.070000
36.070000
36.070000
36.070000
36.070000
36.070000
36.070000
36.070000
36.070000
37.099998
37.099998
37.099998
37.099998
37.099998
37.099998
37.099998
37.099998
38.139999
38.139999
38.139999
38.139999
38.139999
38.139999
38.139999
38.139999
38.139999
38.139999
38.139999
38.139999
38.139999
39.180000
39.180000
39.180000
39.180000
39.180000
39.180000
39.180000
39.180000
39.180000
39.180000
39.180000
39.180000
39.180000
39.180000
39.180000
39.180000
39.180000
40.220001
40.220001
40.220001
40.220001
40.220001
40.220001
40.220001
40.220001
40.220001
41.259998
41.259998
41.259998
41.259998
41.259998
41.259998
41.259998
41.259998
41.259998
41.259998
41.259998
42.290001
42.290001
42.290001
42.290001
42.290001
42.290001
42.290001
42.290001
42.290001
42.290001
43.330002
43.330002
43.330002
43.330002
43.330002
43.330002
43.330002
43.330002
43.330002
43.330002
43.330002
44.369999
44.369999
44.369999
44.369999
44.369999
44.369999
44.369999
44.369999
44.369999
45.410000
45.410000
45.410000
46.450001
46.450001
46.450001
46.450001
46.450001
46.450001
47.480000
47.480000
47.480000
47.480000
47.480000
47.480000
47.480000
47.480000
47.480000
47.480000
47.480000
47.480000
47.480000
47.480000
47.480000
48.520000
48.520000
48.520000
48.520000
48.520000
49.560001
49.560001
49.560001
49.560001
49.560001
50.599998
50.599998
50.599998
50.599998
50.599998
50.599998
50.599998
50.599998
50.599998
50.599998
51.639999
51.639999
51.639999
51.639999
52.680000
52.680000
52.680000
52.680000
52.680000
52.680000
52.680000
52.680000
52.680000
52.680000
52.680000
53.709999
53.709999
53.709999
53.709999
53.709999
53.709999
53.709999
53.709999
54.750000
54.750000
54.750000
54.750000
54.750000
54.750000
55.790001
55.790001
55.790001
55.790001
55.790001
55.790001
55.790001
55.790001
56.830002
56.830002
56.830002
56.830002
56.830002
56.830002
56.830002
56.830002
56.830002
57.869999
57.869999
57.869999
57.869999
57.869999
57.869999
57.869999
57.869999
57.869999
57.869999
57.869999
57.869999
58.900002
58.900002
58.900002
58.900002
58.900002
58.900002
58.900002
58.900002
58.900002
58.900002
58.900002
59.939999
59.939999
59.939999
59.939999
59.939999
59.939999
59.939999
59.939999
59.939999
59.939999
59.939999
59.939999
59.939999
67.010002
67.010002
67.010002
67.010002
67.010002
67.010002
67.010002
67.010002
67.010002
67.010002
74.070000
74.070000
74.070000
74.070000
74.070000
74.070000
74.070000
74.070000
81.139999
81.139999
81.139999
81.139999
81.139999
81.139999
81.139999
81.139999
81.139999
81.139999
88.199997
88.199997
88.199997
88.199997
88.199997
88.199997
88.199997
93.500000
93.500000
93.500000
93.500000
93.500000
93.500000
93.500000
93.500000
