0.000000
0.000000
0.000000
0.000000
0.000000
0.000000
0.000000
0.000000
0.000000
0.000000
0.000000
0.000000
0.000000
0.000000
0.000000
0.000000
0.000000
0.000000
0.000000
0.000000
0.000000
0.000000
0.000000
0.000000
0.000000
0.000000
0.000000
0.000000
0.000000
0.000000
0.000000
0.000000
0.000000
0.000000
0.000000
0.000000
0.000000
0.000000
0.000000
0.000000
0.000000
0.000000
0.000000
0.000000
0.000000
0.000000
0.000000
0.000000
0.000000
0.000000
0.000000
0.000000
0.000000
0.000000
0.000000
0.000000
0.000000
0.000000
0.000000
0.000000
0.968700
0.968700
0.968700
0.968700
0.968700
0.968700
0.968700
0.968700
0.968700
0.968700
0.968700
0.968700
1.322000
1.322000
1.322000
1.322000
1.322000
1.322000
1.322000
1.322000
1.322000
1.322000
1.322000
1.322000
1.674000
1.674000
1.674000
1.674000
1.674000
1.674000
2.027000
2.027000
2.027000
2.027000
2.027000
2.027000
2.027000
2.027000
2.380000
2.380000
2.380000
2.380000
2.380000
2.380000
2.380000
2.380000
2.380000
2.380000
2.733000
2.733000
2.733000
2.733000
2.733000
2.733000
2.733000
2.733000
2.733000
2.733000
2.733000
3.086000
3.086000
3.086000
3.086000
3.086000
3.086000
3.086000
3.086000
3.086000
3.086000
3.086000
3.439000
3.439000
3.439000
3.439000
3.439000
3.439000
3.439000
3.792000
3.792000
3.792000
3.792000
3.792000
3.792000
3.792000
4.145000
4.145000
4.145000
4.145000
4.145000
4.145000
4.145000
4.145000
4.145000
4.145000
4.497000
4.497000
4.497000
4.497000
4.497000
4.497000
4.497000
4.497000
4.497000
4.850000
4.850000
4.850000
4.850000
4.850000
4.850000
4.850000
4.850000
5.203000
5.203000
5.203000
5.203000
5.203000
5.203000
5.203000
5.203000
5.203000
5.203000
5.556000
5.556000
5.556000
5.556000
5.556000
5.556000
5.556000
5.556000
5.556000
5.909000
5.909000
5.909000
5.909000
5.909000
5.909000
5.909000
5.909000
5.909000
5.909000
5.909000
5.909000
5.909000
6.262000
6.262000
6.262000
6.262000
6.262000
6.262000
6.262000
6.262000
6.262000
6.262000
6.615000
6.615000
6.615000
6.615000
6.615000
6.615000
6.615000
6.615000
6.615000
6.615000
6.615000
6.615000
6.968000
6.968000
6.968000
6.968000
6.968000
6.968000
6.968000
6.968000
6.968000
6.968000
7.320000
7.320000
7.320000
7.320000
7.320000
7.320000
7.320000
7.320000
7.320000
7.320000
7.320000
7.320000
7.673000
7.673000
7.673000
7.673000
7.673000
7.673000
7.673000
7.673000
7.673000
7.673000
7.673000
8.026000
8.026000
8.026000
8.026000
8.026000
8.026000
8.026000
8.026000
8.026000
8.026000
8.026000
8.026000
8.379000
8.379000
8.379000
8.379000
8.379000
8.379000
8.379000
8.379000
8.379000
8.379000
8.732000
8.732000
8.732000
8.732000
8.732000
8.732000
8.732000
8.732000
8.732000
8.732000
8.732000
9.085000
9.085000
9.085000
9.085000
9.085000
9.085000
9.085000
9.085000
9.085000
9.085000
9.085000
9.085000
9.085000
9.438000
9.438000
9.438000
9.438000
9.438000
9.438000
9.791000
9.791000
9.791000
9.791000
9.791000
9.791000
9.791000
9.791000
9.791000
9.791000
9.791000
9.791000
9.791000
9.791000
9.791000
10.140000
10.140000
10.140000
10.140000
10.140000
10.140000
10.140000
10.140000
10.500000
10.500000
10.500000
10.500000
10.500000
10.500000
10.500000
10.850000
10.850000
10.850000
10.850000
10.850000
10.850000
11.200000
11.200000
11.200000
11.200000
11.200000
11.200000
11.200000
11.200000
11.200000
11.200000
11.200000
11.200000
11.200000
11.200000
11.200000
11.200000
11.200000
11.560000
11.560000
11.560000
11.560000
11.560000
11.560000
11.560000
11.560000
11.560000
11.560000
11.560000
11.560000
11.910000
11.910000
11.910000
11.910000
11.910000
11.910000
11.910000
11.910000
11.910000
11.910000
11.910000
12.260000
12.260000
12.260000
12.260000
12.260000
12.260000
12.260000
12.260000
12.260000
12.260000
12.260000
12.260000
12.260000
12.260000
12.610000
12.610000
12.610000
12.610000
12.610000
12.970000
12.970000
12.970000
12.970000
12.970000
12.970000
12.970000
13.320000
13.320000
13.320000
13.320000
13.320000
13.320000
13.320000
13.320000
13.320000
13.320000
13.670000
13.670000
13.670000
13.670000
13.670000
13.670000
13.670000
13.670000
13.670000
13.670000
14.030000
14.030000
14.030000
14.030000
14.030000
14.030000
14.030000
14.030000
14.030000
14.030000
14.030000
14.030000
14.030000
14.380000
14.380000
14.380000
14.380000
14.380000
14.380000
14.380000
14.380000
14.380000
14.380000
14.380000
14.730000
14.730000
14.730000
14.730000
14.730000
14.730000
14.730000
14.730000
14.730000
14.730000
14.730000
15.080000
15.080000
15.080000
15.080000
15.080000
15.080000
15.080000
15.440000
15.440000
15.440000
15.440000
15.440000
15.440000
15.440000
15.440000
15.440000
15.440000
15.440000
15.790000
15.790000
15.790000
15.790000
15.790000
15.790000
15.790000
15.790000
15.790000
15.790000
16.139999
16.139999
16.139999
16.139999
16.139999
16.139999
16.500000
16.500000
16.500000
16.500000
16.500000
16.500000
16.500000
16.500000
16.500000
16.500000
16.500000
16.500000
16.500000
16.500000
16.850000
16.850000
16.850000
16.850000
16.850000
16.850000
16.850000
16.850000
16.850000
16.850000
16.850000
18.010000
18.010000
18.010000
18.010000
18.010000
18.010000
18.010000
18.010000
18.010000
18.010000
18.010000
19.170000
19.170000
19.170000
19.170000
19.170000
19.170000
19.170000
20.340000
20.340000
20.340000
20.340000
20.340000
20.340000
21.500000
21.500000
21.500000
21.500000
21.500000
21.500000
21.500000
21.500000
21.500000
21.500000
21.500000
21.500000
21.500000
21.500000
21.500000
21.500000
21.500000
22.660000
22.660000
22.660000
22.660000
22.660000
22.660000
22.660000
22.660000
22.660000
23.820000
23.820000
23.820000
23.820000
23.820000
23.820000
23.820000
23.820000
24.990000
24.990000
24.990000
24.990000
24.990000
24.990000
24.990000
24.990000
24.990000
24.990000
24.990000
26.150000
26.150000
26.150000
26.150000
26.150000
26.150000
26.150000
26.150000
27.309999
27.309999
27.309999
27.309999
27.309999
27.309999
27.309999
27.309999
27.309999
27.309999
27.309999
28.469999
28.469999
28.469999
28.469999
28.469999
28.469999
28.469999
29.639999
29.639999
29.639999
29.639999
29.639999
29.639999
29.639999
29.639999
29.639999
29.639999
30.799999
30.799999
30.799999
30.799999
30.799999
30.799999
30.799999
30.799999
31.959999
31.959999
33.119999
33.119999
33.119999
33.119999
33.119999
33.119999
33.119999
33.119999
34.290001
34.290001
34.290001
34.290001
34.290001
34.290001
34.290001
34.290001
35.450001
35.450001
35.450001
35.450001
35.450001
35.450001
35.450001
35.450001
35.450001
35.450001
35.450001
36.610001
36.610001
36.610001
36.610001
36.610001
36.610001
36.610001
36.610001
36.610001
36.610001
36.610001
36.610001
36.610001
36.610001
36.610001
36.610001
37.770000
37.770000
37.770000
37.770000
37.770000
37.770000
37.770000
37.770000
37.770000
37.770000
37.770000
38.939999
38.939999
38.939999
38.939999
38.939999
38.939999
38.939999
38.939999
38.939999
38.939999
38.939999
38.939999
40.099998
40.099998
40.099998
40.099998
40.099998
40.099998
41.259998
41.259998
41.259998
41.259998
41.259998
41.259998
41.259998
41.259998
41.259998
41.259998
41.259998
41.259998
41.259998
42.419998
42.419998
42.419998
42.419998
42.419998
42.419998
42.419998
42.419998
42.419998
42.419998
43.590000
43.590000
43.590000
43.590000
43.590000
43.590000
43.590000
43.590000
43.590000
43.590000
43.590000
44.750000
44.750000
44.750000
44.750000
44.750000
44.750000
44.750000
44.750000
44.750000
44.750000
44.750000
44.750000
44.750000
45.910000
45.910000
45.910000
45.910000
45.910000
45.910000
45.910000
45.910000
45.910000
47.070000
47.070000
47.070000
47.070000
47.070000
47.070000
47.070000
47.070000
47.070000
47.070000
47.070000
47.070000
48.240002
48.240002
48.240002
48.240002
48.240002
48.240002
48.240002
48.240002
48.240002
48.240002
48.240002
48.240002
49.400002
49.400002
49.400002
49.400002
49.400002
49.400002
50.560001
50.560001
50.560001
50.560001
50.560001
50.560001
50.560001
50.560001
51.720001
51.720001
51.720001
51.720001
51.720001
52.889999
52.889999
52.889999
52.889999
52.889999
52.889999
52.889999
52.889999
52.889999
52.889999
52.889999
52.889999
54.049999
54.049999
54.049999
54.049999
54.049999
54.049999
54.049999
54.049999
54.049999
55.209999
55.209999
55.209999
55.209999
55.209999
55.209999
55.209999
55.209999
55.209999
55.209999
55.209999
56.369999
56.369999
56.369999
56.369999
56.369999
56.369999
56.369999
56.369999
56.369999
56.369999
56.369999
56.369999
56.369999
56.369999
56.369999
56.369999
57.540001
57.540001
57.540001
57.540001
57.540001
57.540001
57.540001
57.540001
57.540001
57.540001
57.540001
58.700001
58.700001
58.700001
58.700001
58.700001
58.700001
58.700001
58.700001
58.700001
59.860001
59.860001
59.860001
59.860001
59.860001
59.860001
59.860001
59.860001
59.860001
59.860001
59.860001
59.860001
59.860001
61.020000
61.020000
61.020000
61.020000
61.020000
61.020000
61.020000
62.189999
62.189999
62.189999
62.189999
62.189999
62.189999
62.189999
62.189999
62.189999
62.189999
62.189999
62.189999
63.349998
63.349998
63.349998
63.349998
63.349998
63.349998
63.349998
63.349998
63.349998
63.349998
64.510002
64.510002
64.510002
64.510002
64.510002
64.510002
64.510002
64.510002
64.510002
64.510002
64.510002
64.510002
64.510002
65.669998
65.669998
65.669998
65.669998
65.669998
65.669998
65.669998
66.839996
66.839996
66.839996
66.839996
66.839996
66.839996
66.839996
68.000000
68.000000
68.000000
68.000000
68.000000
68.000000
68.000000
68.000000
69.160004
69.160004
69.160004
69.160004
69.160004
69.160004
77.760002
77.760002
77.760002
77.760002
77.760002
86.360001
86.360001
86.360001
86.360001
86.360001
86.360001
94.949997
94.949997
94.949997
94.949997
94.949997
94.949997
94.949997
94.949997
94.949997
94.949997
103.599998
103.599998
103.599998
103.599998
103.599998
103.599998
103.599998
110.000000
110.000000
110.000000
110.000000
110.000000
110.000000
110.000000
110.000000
110.000000
