0.000000
0.000000
0.000000
0.000000
0.000000
0.000000
0.000000
0.000000
0.000000
0.000000
0.000000
0.000000
0.000000
0.000000
0.000000
0.000000
0.000000
0.000000
0.000000
0.000000
0.000000
0.000000
0.000000
0.000000
0.000000
0.000000
0.000000
0.000000
0.000000
0.000000
0.000000
0.000000
0.000000
0.000000
0.000000
0.000000
0.000000
0.000000
0.000000
0.000000
0.000000
0.000000
0.000000
0.000000
0.000000
0.000000
0.000000
0.000000
0.000000
0.000000
0.000000
0.252000
0.252000
0.252000
0.252000
0.252000
0.252000
0.252000
0.252000
0.252000
0.252000
0.252000
0.252000
0.252000
0.252000
0.395500
0.395500
0.395500
0.395500
0.395500
0.395500
0.395500
0.395500
0.395500
0.395500
0.395500
0.539000
0.539000
0.539000
0.539000
0.539000
0.539000
0.539000
0.539000
0.682500
0.682500
0.682500
0.682500
0.682500
0.682500
0.682500
0.682500
0.682500
0.682500
0.682500
0.682500
0.682500
0.825900
0.825900
0.825900
0.825900
0.825900
0.825900
0.825900
0.825900
0.825900
0.825900
0.825900
0.825900
0.825900
0.825900
0.825900
0.825900
0.825900
0.825900
0.969400
0.969400
0.969400
0.969400
0.969400
0.969400
0.969400
0.969400
0.969400
0.969400
0.969400
0.969400
1.113000
1.113000
1.113000
1.113000
1.113000
1.113000
1.113000
1.113000
1.113000
1.113000
1.113000
1.256000
1.256000
1.256000
1.256000
1.256000
1.400000
1.400000
1.400000
1.400000
1.400000
1.400000
1.400000
1.400000
1.400000
1.400000
1.400000
1.543000
1.543000
1.543000
1.543000
1.543000
1.543000
1.687000
1.687000
1.687000
1.687000
1.687000
1.687000
1.687000
1.687000
1.687000
1.687000
1.830000
1.830000
1.830000
1.830000
1.830000
1.830000
1.830000
1.830000
1.830000
1.830000
1.830000
1.974000
1.974000
1.974000
1.974000
1.974000
1.974000
1.974000
1.974000
1.974000
1.974000
1.974000
1.974000
1.974000
1.974000
2.117000
2.117000
2.117000
2.117000
2.117000
2.117000
2.117000
2.117000
2.117000
2.117000
2.261000
2.261000
2.261000
2.261000
2.261000
2.261000
2.261000
2.261000
2.261000
2.261000
2.261000
2.404000
2.404000
2.404000
2.404000
2.404000
2.404000
2.404000
2.404000
2.404000
2.404000
2.404000
2.404000
2.548000
2.548000
2.548000
2.548000
2.548000
2.548000
2.548000
2.548000
2.548000
2.548000
2.548000
2.548000
2.548000
2.548000
2.691000
2.691000
2.691000
2.691000
2.691000
2.691000
2.691000
2.691000
2.691000
2.691000
2.691000
2.691000
2.691000
2.691000
2.691000
2.691000
2.835000
2.835000
2.835000
2.835000
2.835000
2.835000
2.835000
2.835000
2.835000
2.978000
2.978000
2.978000
2.978000
2.978000
2.978000
2.978000
3.122000
3.122000
3.122000
3.122000
3.122000
3.122000
3.122000
3.122000
3.122000
3.265000
3.265000
3.265000
3.265000
3.265000
3.409000
3.409000
3.409000
3.409000
3.409000
3.409000
3.409000
3.409000
3.409000
3.409000
3.409000
3.409000
3.552000
3.552000
3.552000
3.552000
3.552000
3.552000
3.552000
3.552000
3.552000
3.696000
3.696000
3.696000
3.696000
3.839000
3.839000
3.839000
3.839000
3.839000
3.839000
3.839000
3.839000
3.839000
3.983000
3.983000
3.983000
3.983000
3.983000
3.983000
3.983000
3.983000
4.126000
4.126000
4.126000
4.126000
4.126000
4.126000
4.126000
4.126000
4.270000
4.270000
4.270000
4.270000
4.270000
4.270000
4.270000
4.270000
4.270000
4.270000
4.270000
4.413000
4.413000
4.413000
4.413000
4.413000
4.413000
4.413000
4.413000
4.413000
4.413000
4.413000
4.556000
4.556000
4.556000
4.556000
4.556000
4.556000
4.556000
4.556000
4.556000
4.556000
4.556000
4.700000
4.700000
4.700000
4.700000
4.700000
4.700000
4.700000
4.700000
4.843000
4.843000
4.843000
4.843000
4.843000
4.843000
4.843000
4.843000
4.843000
4.843000
4.987000
4.987000
4.987000
5.130000
5.130000
5.130000
5.130000
5.130000
5.130000
5.130000
5.130000
5.130000
5.274000
5.274000
5.274000
5.274000
5.274000
5.274000
5.274000
5.274000
5.274000
5.274000
5.274000
5.274000
5.274000
5.274000
5.274000
5.274000
5.417000
5.417000
5.417000
5.417000
5.417000
5.417000
5.417000
5.417000
5.561000
5.561000
5.561000
5.561000
5.561000
5.561000
5.561000
5.561000
5.561000
5.561000
5.561000
5.561000
5.704000
5.704000
5.704000
5.704000
5.704000
5.704000
5.704000
5.704000
5.704000
5.848000
5.848000
5.848000
5.848000
5.848000
5.848000
5.848000
5.991000
5.991000
5.991000
5.991000
5.991000
5.991000
5.991000
5.991000
5.991000
5.991000
6.135000
6.135000
6.135000
6.135000
6.135000
6.135000
6.135000
6.135000
6.278000
6.278000
6.278000
6.278000
6.278000
6.278000
6.278000
6.278000
6.278000
6.422000
6.422000
6.422000
6.422000
6.422000
6.422000
6.422000
6.422000
6.422000
6.422000
6.565000
6.565000
6.565000
6.565000
6.565000
6.565000
6.709000
6.709000
6.709000
6.709000
6.709000
6.709000
6.709000
6.709000
6.709000
6.709000
7.653000
7.653000
7.653000
7.653000
7.653000
7.653000
7.653000
7.653000
7.653000
7.653000
8.596000
8.596000
8.596000
8.596000
8.596000
8.596000
8.596000
8.596000
8.596000
8.596000
8.596000
9.540000
9.540000
9.540000
9.540000
9.540000
9.540000
9.540000
9.540000
9.540000
9.540000
9.540000
9.540000
9.540000
9.540000
10.480000
10.480000
10.480000
10.480000
10.480000
11.430000
11.430000
11.430000
11.430000
11.430000
11.430000
11.430000
11.430000
11.430000
11.430000
11.430000
11.430000
11.430000
12.370000
12.370000
12.370000
12.370000
12.370000
12.370000
12.370000
12.370000
12.370000
13.320000
13.320000
13.320000
13.320000
13.320000
13.320000
13.320000
13.320000
13.320000
14.260000
14.260000
14.260000
14.260000
14.260000
14.260000
14.260000
14.260000
15.200000
15.200000
15.200000
15.200000
15.200000
16.150000
16.150000
16.150000
16.150000
16.150000
16.150000
16.150000
17.090000
17.090000
17.090000
17.090000
17.090000
17.090000
17.090000
17.090000
17.090000
17.090000
17.090000
17.090000
18.030001
18.030001
18.030001
18.030001
18.030001
18.030001
18.030001
18.030001
18.030001
18.030001
18.980000
18.980000
18.980000
18.980000
18.980000
18.980000
18.980000
18.980000
18.980000
19.920000
19.920000
19.920000
19.920000
19.920000
20.870001
20.870001
20.870001
20.870001
20.870001
20.870001
20.870001
20.870001
20.870001
20.870001
20.870001
21.809999
21.809999
21.809999
21.809999
21.809999
21.809999
21.809999
21.809999
21.809999
21.809999
21.809999
21.809999
21.809999
22.750000
22.750000
22.750000
22.750000
22.750000
22.750000
22.750000
22.750000
22.750000
23.700001
23.700001
23.700001
23.700001
23.700001
23.700001
23.700001
23.700001
24.639999
24.639999
24.639999
24.639999
24.639999
24.639999
24.639999
24.639999
24.639999
24.639999
24.639999
25.590000
25.590000
25.590000
25.590000
25.590000
25.590000
25.590000
25.590000
25.590000
25.590000
25.590000
25.590000
25.590000
26.530001
26.530001
26.530001
26.530001
26.530001
26.530001
26.530001
26.530001
26.530001
26.530001
26.530001
26.530001
27.469999
27.469999
27.469999
27.469999
27.469999
27.469999
27.469999
27.469999
28.420000
28.420000
28.420000
28.420000
28.420000
28.420000
28.420000
28.420000
29.360001
29.360001
29.360001
29.360001
29.360001
29.360001
29.360001
29.360001
30.309999
30.309999
30.309999
30.309999
30.309999
30.309999
30.309999
30.309999
30.309999
30.309999
31.250000
31.250000
31.250000
31.250000
31.250000
31.250000
31.250000
31.250000
31.250000
31.250000
32.189999
32.189999
32.189999
32.189999
32.189999
32.189999
32.189999
32.189999
32.189999
32.189999
33.139999
33.139999
33.139999
33.139999
33.139999
33.139999
33.139999
33.139999
33.139999
33.139999
33.139999
33.139999
34.080002
34.080002
34.080002
34.080002
34.080002
34.080002
34.080002
34.080002
34.080002
34.080002
34.080002
34.080002
35.020000
35.020000
35.020000
35.020000
35.020000
35.020000
35.020000
35.020000
35.970001
35.970001
35.970001
35.970001
35.970001
35.970001
35.970001
35.970001
35.970001
36.910000
36.910000
36.910000
36.910000
36.910000
36.910000
36.910000
36.910000
36.910000
37.860001
37.860001
37.860001
37.860001
37.860001
37.860001
37.860001
37.860001
37.860001
37.860001
38.799999
38.799999
38.799999
38.799999
38.799999
38.799999
38.799999
38.799999
38.799999
39.740002
39.740002
39.740002
39.740002
39.740002
39.740002
40.689999
40.689999
40.689999
40.689999
40.689999
40.689999
40.689999
40.689999
41.630001
41.630001
41.630001
41.630001
41.630001
41.630001
41.630001
41.630001
42.580002
42.580002
42.580002
42.580002
42.580002
42.580002
42.580002
42.580002
42.580002
42.580002
42.580002
42.580002
42.580002
42.580002
42.580002
43.520000
43.520000
43.520000
43.520000
43.520000
43.520000
43.520000
43.520000
43.520000
44.459999
44.459999
44.459999
44.459999
44.459999
44.459999
44.459999
44.459999
44.459999
44.459999
45.410000
45.410000
45.410000
45.410000
45.410000
45.410000
45.410000
45.410000
45.410000
45.410000
45.410000
46.349998
46.349998
46.349998
46.349998
46.349998
46.349998
46.349998
46.349998
46.349998
47.290001
47.290001
47.290001
47.290001
47.290001
47.290001
47.290001
47.290001
47.290001
47.290001
48.240002
48.240002
48.240002
48.240002
48.240002
48.240002
48.240002
48.240002
48.240002
48.240002
48.240002
49.180000
49.180000
49.180000
49.180000
49.180000
49.180000
49.180000
49.180000
49.180000
49.180000
49.180000
49.180000
49.180000
49.180000
60.599998
60.599998
60.599998
60.599998
60.599998
60.599998
60.599998
60.599998
60.599998
60.599998
60.599998
60.599998
60.599998
60.599998
72.010002
72.010002
72.010002
72.010002
72.010002
72.010002
72.010002
72.010002
72.010002
72.010002
83.430000
83.430000
83.430000
83.430000
83.430000
83.430000
83.430000
83.430000
83.430000
83.430000
83.430000
94.839996
94.839996
94.839996
94.839996
94.839996
94.839996
94.839996
94.839996
94.839996
94.839996
94.839996
103.400002
103.400002
103.400002
103.400002
103.400002
103.400002
103.400002
103.400002
103.400002
103.400002
