0.000000
0.000000
0.000000
0.000000
0.000000
0.000000
0.000000
0.000000
0.000000
0.000000
0.000000
0.000000
0.000000
0.000000
0.000000
0.000000
0.000000
0.000000
0.000000
0.000000
0.000000
0.000000
0.000000
0.000000
0.000000
0.000000
0.000000
0.000000
0.000000
0.000000
0.000000
0.000000
0.000000
0.000000
0.000000
0.000000
0.000000
0.000000
0.000000
0.000000
0.000000
0.000000
0.000000
0.000000
0.000000
0.044130
0.044130
0.044130
0.044130
0.044130
0.044130
0.044130
0.044130
0.044130
0.044130
0.100700
0.100700
0.100700
0.100700
0.100700
0.100700
0.100700
0.157200
0.157200
0.157200
0.157200
0.157200
0.157200
0.157200
0.157200
0.157200
0.157200
0.213700
0.213700
0.213700
0.213700
0.213700
0.213700
0.213700
0.213700
0.213700
0.213700
0.213700
0.213700
0.213700
0.213700
0.213700
0.213700
0.213700
0.213700
0.213700
0.270200
0.270200
0.270200
0.270200
0.270200
0.270200
0.270200
0.270200
0.326700
0.326700
0.326700
0.326700
0.326700
0.326700
0.326700
0.326700
0.383300
0.383300
0.383300
0.383300
0.383300
0.383300
0.383300
0.383300
0.383300
0.383300
0.383300
0.439800
0.439800
0.439800
0.439800
0.439800
0.439800
0.439800
0.439800
0.439800
0.439800
0.439800
0.496300
0.496300
0.496300
0.496300
0.496300
0.496300
0.496300
0.496300
0.496300
0.496300
0.496300
0.552800
0.552800
0.552800
0.552800
0.552800
0.552800
0.552800
0.552800
0.552800
0.552800
0.552800
0.609300
0.609300
0.609300
0.609300
0.609300
0.609300
0.609300
0.609300
0.609300
0.609300
0.609300
0.609300
0.609300
0.609300
0.665900
0.665900
0.665900
0.665900
0.665900
0.665900
0.665900
0.665900
0.665900
0.722400
0.722400
0.722400
0.722400
0.722400
0.722400
0.722400
0.722400
0.722400
0.722400
0.722400
0.722400
0.722400
0.722400
0.722400
0.722400
0.722400
0.722400
0.778900
0.778900
0.778900
0.778900
0.778900
0.778900
0.778900
0.778900
0.778900
0.778900
0.778900
0.778900
0.835400
0.835400
0.835400
0.835400
0.835400
0.835400
0.835400
0.835400
0.835400
0.835400
0.835400
0.835400
0.891900
0.891900
0.891900
0.891900
0.891900
0.891900
0.891900
0.891900
0.891900
0.891900
0.891900
0.891900
0.948500
0.948500
1.005000
1.005000
1.005000
1.005000
1.005000
1.005000
1.005000
1.005000
1.061000
1.061000
1.061000
1.061000
1.061000
1.061000
1.061000
1.061000
1.061000
1.061000
1.061000
1.061000
1.061000
1.118000
1.118000
1.118000
1.118000
1.118000
1.118000
1.118000
1.118000
1.175000
1.175000
1.175000
1.175000
1.175000
1.175000
1.175000
1.175000
1.231000
1.231000
1.231000
1.231000
1.231000
1.231000
1.231000
1.231000
1.231000
1.231000
1.288000
1.288000
1.288000
1.288000
1.288000
1.288000
1.288000
1.344000
1.344000
1.344000
1.344000
1.344000
1.344000
1.344000
1.344000
1.344000
1.344000
1.401000
1.401000
1.401000
1.401000
1.401000
1.401000
1.401000
1.401000
1.401000
1.401000
1.401000
1.401000
1.401000
1.457000
1.457000
1.457000
1.457000
1.457000
1.457000
1.457000
1.457000
1.457000
1.514000
1.514000
1.514000
1.514000
1.514000
1.514000
1.514000
1.514000
1.514000
1.514000
1.514000
1.514000
1.570000
1.570000
1.570000
1.570000
1.570000
1.570000
1.570000
1.570000
1.627000
1.627000
1.627000
1.627000
1.683000
1.683000
1.683000
1.683000
1.740000
1.740000
1.740000
1.740000
1.740000
1.740000
1.740000
1.740000
1.740000
1.740000
1.740000
1.740000
1.796000
1.796000
1.796000
1.796000
1.796000
1.796000
1.796000
1.796000
1.796000
1.796000
1.796000
1.853000
1.853000
1.853000
1.853000
1.853000
1.853000
1.853000
1.909000
1.909000
1.909000
1.909000
1.909000
1.909000
1.909000
1.909000
1.909000
1.966000
1.966000
1.966000
1.966000
1.966000
1.966000
1.966000
1.966000
1.966000
1.966000
1.966000
1.966000
1.966000
1.966000
1.966000
1.966000
2.022000
2.022000
2.022000
2.022000
2.022000
2.022000
2.022000
2.022000
2.022000
2.022000
2.079000
2.079000
2.079000
2.079000
2.079000
2.079000
2.079000
2.079000
2.079000
2.079000
2.079000
2.079000
2.079000
2.135000
2.135000
2.135000
2.135000
2.135000
2.135000
2.135000
2.192000
2.192000
2.192000
2.192000
2.192000
2.192000
2.192000
2.192000
2.192000
2.192000
2.192000
2.248000
2.248000
2.248000
2.248000
2.248000
2.248000
2.248000
2.248000
2.305000
2.305000
2.305000
2.305000
2.305000
2.305000
2.305000
2.305000
2.305000
2.305000
2.305000
2.361000
2.361000
2.361000
2.361000
2.361000
2.361000
2.361000
2.361000
2.361000
2.361000
2.361000
2.361000
2.361000
2.361000
2.418000
2.418000
2.418000
2.418000
2.418000
2.418000
2.418000
2.418000
2.418000
2.418000
2.418000
2.418000
2.475000
2.475000
2.475000
2.475000
2.475000
2.475000
2.475000
2.475000
2.475000
2.475000
2.531000
2.531000
2.531000
2.531000
2.531000
2.588000
2.588000
2.588000
2.588000
2.588000
2.588000
2.588000
2.588000
2.949000
2.949000
2.949000
2.949000
2.949000
2.949000
2.949000
3.311000
3.311000
3.311000
3.311000
3.311000
3.311000
3.311000
3.311000
3.311000
3.311000
3.311000
3.311000
3.311000
3.311000
3.311000
3.672000
3.672000
3.672000
3.672000
3.672000
3.672000
3.672000
3.672000
3.672000
3.672000
3.672000
3.672000
3.672000
3.672000
4.033000
4.033000
4.033000
4.033000
4.033000
4.033000
4.033000
4.033000
4.033000
4.033000
4.395000
4.395000
4.395000
4.395000
4.395000
4.395000
4.395000
4.395000
4.395000
4.756000
4.756000
4.756000
4.756000
4.756000
4.756000
4.756000
4.756000
4.756000
4.756000
4.756000
4.756000
4.756000
4.756000
4.756000
5.118000
5.118000
5.118000
5.118000
5.118000
5.118000
5.118000
5.118000
5.479000
5.479000
5.479000
5.479000
5.479000
5.479000
5.479000
5.479000
5.479000
5.479000
5.841000
5.841000
5.841000
6.202000
6.202000
6.202000
6.202000
6.202000
6.202000
6.202000
6.202000
6.202000
6.202000
6.202000
6.202000
6.202000
6.564000
6.564000
6.564000
6.564000
6.564000
6.564000
6.564000
6.564000
6.564000
6.564000
6.564000
6.925000
6.925000
6.925000
6.925000
6.925000
6.925000
6.925000
6.925000
7.287000
7.287000
7.287000
7.287000
7.287000
7.287000
7.287000
7.287000
7.287000
7.648000
7.648000
7.648000
7.648000
7.648000
8.010000
8.010000
8.010000
8.010000
8.010000
8.010000
8.010000
8.010000
8.010000
8.010000
8.010000
8.371000
8.371000
8.371000
8.371000
8.371000
8.371000
8.733000
8.733000
8.733000
8.733000
8.733000
8.733000
8.733000
8.733000
8.733000
8.733000
8.733000
8.733000
8.733000
9.094000
9.094000
9.094000
9.094000
9.094000
9.094000
9.094000
9.094000
9.094000
9.456000
9.456000
9.456000
9.456000
9.456000
9.456000
9.456000
9.456000
9.456000
9.456000
9.456000
9.456000
9.456000
9.456000
9.817000
9.817000
9.817000
9.817000
9.817000
9.817000
9.817000
9.817000
9.817000
9.817000
9.817000
10.180000
10.180000
10.180000
10.180000
10.180000
10.180000
10.180000
10.180000
10.540000
10.540000
10.540000
10.540000
10.540000
10.540000
10.540000
10.540000
10.540000
10.540000
10.540000
10.900000
10.900000
10.900000
11.260000
11.260000
11.260000
11.260000
11.260000
11.260000
11.260000
11.260000
11.260000
11.260000
11.260000
11.620000
11.620000
11.620000
11.620000
11.620000
11.620000
11.620000
11.620000
11.620000
11.620000
11.620000
11.990000
11.990000
11.990000
11.990000
11.990000
11.990000
11.990000
11.990000
11.990000
11.990000
11.990000
11.990000
12.350000
12.350000
12.350000
12.350000
12.350000
12.710000
12.710000
12.710000
12.710000
12.710000
12.710000
12.710000
12.710000
12.710000
13.070000
13.070000
13.070000
13.070000
13.070000
13.070000
13.070000
13.070000
13.070000
13.070000
13.070000
13.430000
13.430000
13.430000
13.430000
13.430000
13.430000
13.790000
13.790000
13.790000
13.790000
13.790000
13.790000
13.790000
13.790000
13.790000
13.790000
13.790000
13.790000
13.790000
14.160000
14.160000
14.160000
14.160000
14.160000
14.160000
14.160000
14.160000
14.520000
14.520000
14.520000
14.520000
14.520000
14.520000
14.520000
14.520000
14.520000
14.520000
14.520000
14.520000
14.520000
14.880000
14.880000
14.880000
14.880000
14.880000
14.880000
14.880000
14.880000
14.880000
15.240000
15.240000
15.240000
15.240000
15.240000
15.240000
15.240000
15.240000
15.240000
15.600000
15.600000
15.600000
15.600000
15.600000
15.600000
15.600000
15.960000
15.960000
15.960000
15.960000
15.960000
16.320000
16.320000
16.320000
16.320000
16.320000
16.320000
16.320000
16.320000
16.320000
16.320000
16.320000
16.320000
16.690001
16.690001
16.690001
16.690001
16.690001
16.690001
16.690001
16.690001
17.049999
17.049999
17.049999
17.049999
17.049999
17.049999
17.049999
17.049999
17.049999
17.049999
17.049999
17.410000
17.410000
17.410000
17.410000
17.410000
17.410000
17.410000
17.410000
17.410000
17.410000
17.770000
17.770000
17.770000
17.770000
17.770000
17.770000
17.770000
17.770000
17.770000
17.770000
17.770000
18.129999
18.129999
18.129999
18.129999
18.129999
18.129999
18.129999
18.129999
18.129999
18.129999
18.129999
18.490000
18.490000
18.490000
18.490000
18.490000
18.850000
18.850000
18.850000
18.850000
18.850000
18.850000
18.850000
18.850000
18.850000
18.850000
18.850000
18.850000
18.850000
18.850000
22.010000
22.010000
22.010000
22.010000
22.010000
22.010000
22.010000
22.010000
22.010000
22.010000
22.010000
22.010000
22.010000
22.010000
22.010000
22.010000
25.170000
25.170000
25.170000
25.170000
25.170000
25.170000
25.170000
25.170000
25.170000
25.170000
28.320000
28.320000
28.320000
28.320000
28.320000
28.320000
28.320000
28.320000
28.320000
28.320000
28.320000
28.320000
28.320000
31.480000
31.480000
31.480000
31.480000
31.480000
31.480000
31.480000
31.480000
31.480000
31.480000
33.849998
33.849998
33.849998
33.849998
33.849998
33.849998
33.849998
33.849998
33.849998
