0.000000
0.000000
0.000000
0.000000
0.000000
0.000000
0.000000
0.000000
0.000000
0.000000
0.000000
0.000000
0.000000
0.000000
0.000000
0.000000
0.000000
0.000000
0.000000
0.000000
0.000000
0.000000
0.000000
0.000000
0.000000
0.000000
0.000000
0.000000
0.000000
0.000000
0.000000
0.000000
0.000000
0.000000
0.000000
0.000000
0.000000
0.000000
0.000000
0.000000
0.000000
0.000000
0.000000
0.000000
0.000000
0.000000
0.000000
0.000000
0.000000
0.154600
0.154600
0.154600
0.154600
0.154600
0.240400
0.240400
0.240400
0.240400
0.240400
0.240400
0.240400
0.240400
0.240400
0.240400
0.240400
0.240400
0.240400
0.240400
0.240400
0.240400
0.326300
0.326300
0.326300
0.326300
0.326300
0.326300
0.326300
0.326300
0.326300
0.326300
0.412100
0.412100
0.412100
0.412100
0.412100
0.412100
0.497900
0.497900
0.497900
0.497900
0.497900
0.497900
0.497900
0.497900
0.497900
0.583700
0.583700
0.583700
0.583700
0.583700
0.583700
0.583700
0.583700
0.583700
0.669600
0.669600
0.669600
0.669600
0.669600
0.669600
0.669600
0.669600
0.669600
0.669600
0.669600
0.669600
0.755400
0.755400
0.755400
0.755400
0.755400
0.841200
0.841200
0.841200
0.841200
0.841200
0.841200
0.841200
0.841200
0.927100
0.927100
0.927100
0.927100
0.927100
0.927100
0.927100
1.013000
1.013000
1.013000
1.013000
1.013000
1.013000
1.013000
1.013000
1.013000
1.099000
1.099000
1.099000
1.099000
1.099000
1.099000
1.099000
1.099000
1.099000
1.099000
1.185000
1.185000
1.185000
1.185000
1.185000
1.185000
1.185000
1.185000
1.185000
1.185000
1.185000
1.185000
1.185000
1.185000
1.270000
1.270000
1.270000
1.270000
1.270000
1.270000
1.270000
1.270000
1.270000
1.270000
1.270000
1.270000
1.270000
1.356000
1.356000
1.356000
1.356000
1.356000
1.356000
1.356000
1.356000
1.356000
1.356000
1.442000
1.442000
1.442000
1.442000
1.442000
1.442000
1.442000
1.442000
1.442000
1.528000
1.528000
1.528000
1.528000
1.528000
1.528000
1.528000
1.528000
1.528000
1.528000
1.528000
1.528000
1.614000
1.614000
1.614000
1.614000
1.614000
1.614000
1.614000
1.614000
1.614000
1.700000
1.700000
1.700000
1.700000
1.700000
1.700000
1.700000
1.700000
1.785000
1.785000
1.785000
1.785000
1.785000
1.785000
1.785000
1.785000
1.785000
1.785000
1.785000
1.785000
1.871000
1.871000
1.871000
1.871000
1.871000
1.871000
1.871000
1.871000
1.871000
1.871000
1.871000
1.871000
1.871000
1.871000
1.871000
1.871000
1.871000
1.871000
1.871000
1.871000
1.957000
1.957000
1.957000
1.957000
1.957000
1.957000
1.957000
1.957000
1.957000
1.957000
1.957000
2.043000
2.043000
2.043000
2.043000
2.043000
2.043000
2.043000
2.129000
2.129000
2.129000
2.129000
2.129000
2.129000
2.129000
2.129000
2.129000
2.129000
2.129000
2.129000
2.129000
2.215000
2.215000
2.215000
2.215000
2.215000
2.215000
2.215000
2.215000
2.300000
2.300000
2.300000
2.300000
2.300000
2.300000
2.300000
2.300000
2.300000
2.300000
2.300000
2.300000
2.300000
2.300000
2.300000
2.386000
2.386000
2.386000
2.386000
2.386000
2.386000
2.386000
2.386000
2.386000
2.386000
2.386000
2.386000
2.386000
2.386000
2.472000
2.472000
2.472000
2.472000
2.472000
2.472000
2.472000
2.472000
2.472000
2.472000
2.558000
2.558000
2.558000
2.558000
2.558000
2.558000
2.644000
2.644000
2.644000
2.644000
2.644000
2.644000
2.644000
2.644000
2.644000
2.644000
2.644000
2.644000
2.729000
2.729000
2.729000
2.729000
2.729000
2.729000
2.729000
2.729000
2.729000
2.729000
2.729000
2.815000
2.815000
2.815000
2.815000
2.815000
2.815000
2.815000
2.815000
2.815000
2.815000
2.815000
2.901000
2.987000
2.987000
2.987000
2.987000
2.987000
2.987000
2.987000
3.073000
3.073000
3.073000
3.073000
3.073000
3.073000
3.159000
3.159000
3.159000
3.159000
3.159000
3.244000
3.244000
3.244000
3.244000
3.244000
3.244000
3.244000
3.244000
3.244000
3.330000
3.330000
3.330000
3.330000
3.330000
3.330000
3.330000
3.330000
3.330000
3.330000
3.416000
3.416000
3.416000
3.416000
3.416000
3.416000
3.416000
3.416000
3.416000
3.416000
3.416000
3.416000
3.416000
3.416000
3.502000
3.502000
3.502000
3.502000
3.502000
3.502000
3.502000
3.588000
3.588000
3.588000
3.588000
3.588000
3.588000
3.588000
3.588000
3.588000
3.674000
3.674000
3.674000
3.674000
3.674000
3.674000
3.674000
3.674000
3.674000
3.674000
3.674000
3.759000
3.759000
3.759000
3.759000
3.759000
3.759000
3.759000
3.759000
3.845000
3.845000
3.845000
3.845000
3.845000
3.845000
3.845000
3.845000
3.845000
3.845000
3.845000
3.845000
3.845000
3.931000
3.931000
3.931000
3.931000
3.931000
3.931000
3.931000
4.017000
4.017000
4.017000
4.017000
4.017000
4.017000
4.017000
4.017000
4.017000
4.017000
4.017000
4.017000
4.017000
4.017000
4.017000
4.017000
4.017000
4.017000
4.017000
4.017000
4.356000
4.356000
4.356000
4.356000
4.356000
4.356000
4.356000
4.356000
4.356000
4.694000
4.694000
4.694000
4.694000
4.694000
4.694000
4.694000
4.694000
4.694000
4.694000
4.694000
4.694000
5.033000
5.033000
5.033000
5.033000
5.033000
5.033000
5.033000
5.033000
5.033000
5.371000
5.371000
5.371000
5.371000
5.371000
5.371000
5.371000
5.371000
5.710000
5.710000
5.710000
5.710000
5.710000
5.710000
5.710000
5.710000
5.710000
6.049000
6.049000
6.049000
6.049000
6.049000
6.049000
6.049000
6.049000
6.049000
6.049000
6.387000
6.387000
6.387000
6.387000
6.387000
6.387000
6.387000
6.387000
6.387000
6.387000
6.387000
6.387000
6.387000
6.387000
6.387000
6.726000
6.726000
6.726000
6.726000
6.726000
6.726000
6.726000
6.726000
6.726000
6.726000
6.726000
6.726000
6.726000
6.726000
6.726000
7.065000
7.065000
7.065000
7.065000
7.065000
7.065000
7.065000
7.065000
7.403000
7.403000
7.403000
7.403000
7.403000
7.403000
7.403000
7.403000
7.742000
7.742000
7.742000
7.742000
7.742000
7.742000
7.742000
7.742000
7.742000
7.742000
7.742000
7.742000
7.742000
7.742000
8.081000
8.081000
8.081000
8.081000
8.081000
8.081000
8.081000
8.081000
8.081000
8.081000
8.081000
8.081000
8.081000
8.081000
8.081000
8.081000
8.419000
8.419000
8.419000
8.419000
8.419000
8.419000
8.419000
8.419000
8.419000
8.419000
8.758000
8.758000
8.758000
8.758000
8.758000
8.758000
8.758000
8.758000
8.758000
8.758000
9.096000
9.096000
9.096000
9.096000
9.096000
9.096000
9.096000
9.096000
9.096000
9.435000
9.435000
9.435000
9.435000
9.435000
9.435000
9.435000
9.435000
9.435000
9.435000
9.435000
9.435000
9.774000
9.774000
9.774000
9.774000
9.774000
9.774000
9.774000
9.774000
9.774000
9.774000
10.110000
10.110000
10.110000
10.110000
10.110000
10.110000
10.110000
10.110000
10.110000
10.110000
10.110000
10.110000
10.450000
10.450000
10.450000
10.450000
10.450000
10.450000
10.450000
10.450000
10.450000
10.450000
10.450000
10.790000
10.790000
10.790000
10.790000
10.790000
11.130000
11.130000
11.130000
11.130000
11.130000
11.130000
11.470000
11.470000
11.470000
11.470000
11.470000
11.470000
11.470000
11.470000
11.470000
11.470000
11.470000
11.810000
11.810000
11.810000
12.140000
12.140000
12.140000
12.140000
12.140000
12.140000
12.140000
12.140000
12.140000
12.140000
12.140000
12.140000
12.140000
12.480000
12.480000
12.480000
12.480000
12.480000
12.480000
12.480000
12.820000
12.820000
12.820000
12.820000
12.820000
12.820000
12.820000
12.820000
12.820000
13.160000
13.160000
13.160000
13.160000
13.160000
13.160000
13.160000
13.160000
13.160000
13.160000
13.160000
13.160000
13.500000
13.500000
13.500000
13.500000
13.500000
13.500000
13.500000
13.840000
13.840000
13.840000
13.840000
13.840000
13.840000
13.840000
13.840000
13.840000
13.840000
13.840000
13.840000
13.840000
13.840000
14.180000
14.180000
14.180000
14.180000
14.180000
14.180000
14.180000
14.180000
14.180000
14.180000
14.510000
14.510000
14.510000
14.510000
14.510000
14.850000
14.850000
14.850000
14.850000
14.850000
14.850000
15.190000
15.190000
15.190000
15.190000
15.190000
15.190000
15.190000
15.530000
15.530000
15.530000
15.530000
15.870000
15.870000
15.870000
15.870000
15.870000
15.870000
15.870000
15.870000
15.870000
15.870000
15.870000
15.870000
15.870000
15.870000
15.870000
15.870000
15.870000
15.870000
16.209999
16.209999
16.209999
16.209999
16.209999
16.209999
16.209999
16.209999
16.209999
16.549999
16.549999
16.549999
16.549999
16.549999
16.549999
16.549999
16.549999
16.549999
16.549999
16.549999
16.549999
16.549999
16.889999
16.889999
16.889999
16.889999
16.889999
16.889999
16.889999
17.219999
17.219999
17.219999
17.219999
17.219999
17.219999
17.219999
17.219999
17.219999
17.219999
17.219999
17.559999
17.559999
17.559999
17.559999
17.559999
17.559999
17.559999
17.559999
17.559999
17.559999
17.900000
17.900000
17.900000
17.900000
17.900000
17.900000
18.240000
18.240000
18.240000
18.240000
18.240000
18.240000
18.240000
18.240000
18.240000
18.240000
18.240000
18.580000
18.580000
18.580000
18.580000
18.580000
18.580000
18.580000
18.580000
18.580000
18.580000
18.920000
18.920000
18.920000
18.920000
18.920000
18.920000
18.920000
18.920000
18.920000
19.260000
19.260000
19.260000
19.260000
19.260000
19.260000
19.260000
19.260000
19.260000
21.190001
21.190001
21.190001
21.190001
21.190001
21.190001
21.190001
21.190001
21.190001
23.129999
23.129999
23.129999
23.129999
23.129999
23.129999
23.129999
23.129999
23.129999
23.129999
23.129999
23.129999
23.129999
23.129999
23.129999
23.129999
25.070000
25.070000
25.070000
25.070000
25.070000
27.010000
27.010000
27.010000
27.010000
27.010000
27.010000
27.010000
27.010000
27.010000
27.010000
28.459999
28.459999
28.459999
28.459999
28.459999
28.459999
28.459999
28.459999
28.459999
28.459999
28.459999
28.459999
28.459999
28.459999
