0.000000
0.000000
0.000000
0.000000
0.000000
0.000000
0.000000
0.000000
0.000000
0.000000
0.000000
0.000000
0.000000
0.000000
0.000000
0.000000
0.000000
0.000000
0.000000
0.000000
0.000000
0.000000
0.000000
0.000000
0.000000
0.000000
0.000000
0.000000
0.000000
0.000000
0.000000
0.000000
0.000000
0.000000
0.000000
0.000000
0.000000
0.000000
0.000000
0.000000
0.000000
0.000000
0.000000
0.000000
0.000000
0.000000
0.000000
0.000000
0.000000
0.000000
0.000000
0.000000
0.000000
0.000000
0.000000
0.000000
0.000000
0.000000
0.000000
0.000000
0.000000
0.000000
0.000000
0.000000
0.000000
0.000000
0.034470
0.034470
0.034470
0.034470
0.034470
0.034470
0.034470
0.034470
0.034470
0.034470
0.133100
0.133100
0.133100
0.133100
0.133100
0.133100
0.133100
0.133100
0.133100
0.133100
0.133100
0.231800
0.231800
0.231800
0.231800
0.231800
0.231800
0.231800
0.330500
0.330500
0.330500
0.330500
0.330500
0.330500
0.330500
0.330500
0.330500
0.330500
0.330500
0.330500
0.330500
0.330500
0.330500
0.429200
0.429200
0.429200
0.429200
0.429200
0.527800
0.527800
0.527800
0.527800
0.527800
0.527800
0.527800
0.527800
0.527800
0.527800
0.527800
0.527800
0.527800
0.527800
0.626500
0.626500
0.626500
0.626500
0.626500
0.626500
0.626500
0.626500
0.626500
0.626500
0.626500
0.626500
0.626500
0.626500
0.626500
0.725200
0.725200
0.725200
0.725200
0.725200
0.725200
0.725200
0.725200
0.725200
0.823800
0.823800
0.823800
0.823800
0.823800
0.922500
0.922500
0.922500
0.922500
0.922500
0.922500
0.922500
0.922500
1.021000
1.021000
1.021000
1.021000
1.021000
1.021000
1.120000
1.120000
1.120000
1.120000
1.120000
1.120000
1.120000
1.120000
1.219000
1.219000
1.219000
1.219000
1.219000
1.219000
1.219000
1.317000
1.317000
1.317000
1.317000
1.317000
1.317000
1.317000
1.317000
1.317000
1.317000
1.416000
1.416000
1.416000
1.416000
1.416000
1.416000
1.416000
1.416000
1.416000
1.416000
1.515000
1.515000
1.515000
1.515000
1.515000
1.515000
1.515000
1.515000
1.515000
1.515000
1.613000
1.613000
1.613000
1.613000
1.613000
1.613000
1.613000
1.613000
1.613000
1.613000
1.613000
1.613000
1.613000
1.613000
1.613000
1.613000
1.613000
1.712000
1.712000
1.712000
1.712000
1.712000
1.712000
1.712000
1.811000
1.811000
1.811000
1.811000
1.811000
1.811000
1.811000
1.811000
1.811000
1.811000
1.909000
1.909000
1.909000
1.909000
1.909000
1.909000
1.909000
1.909000
1.909000
1.909000
2.008000
2.008000
2.008000
2.008000
2.008000
2.008000
2.008000
2.008000
2.008000
2.008000
2.107000
2.107000
2.107000
2.107000
2.107000
2.107000
2.107000
2.205000
2.205000
2.205000
2.205000
2.205000
2.205000
2.205000
2.205000
2.205000
2.205000
2.205000
2.205000
2.304000
2.304000
2.304000
2.304000
2.304000
2.304000
2.304000
2.304000
2.304000
2.304000
2.304000
2.304000
2.403000
2.403000
2.403000
2.403000
2.403000
2.403000
2.403000
2.403000
2.403000
2.403000
2.403000
2.501000
2.501000
2.501000
2.501000
2.501000
2.501000
2.501000
2.501000
2.501000
2.501000
2.501000
2.600000
2.600000
2.600000
2.600000
2.600000
2.600000
2.600000
2.600000
2.600000
2.600000
2.600000
2.600000
2.600000
2.600000
2.600000
2.600000
2.600000
2.699000
2.699000
2.699000
2.699000
2.699000
2.699000
2.699000
2.699000
2.699000
2.797000
2.797000
2.797000
2.797000
2.797000
2.797000
2.797000
2.797000
2.797000
2.797000
2.797000
2.896000
2.896000
2.896000
2.896000
2.896000
2.896000
2.896000
2.896000
2.896000
2.896000
2.896000
2.896000
2.896000
2.995000
2.995000
2.995000
2.995000
2.995000
2.995000
2.995000
3.093000
3.093000
3.093000
3.093000
3.093000
3.093000
3.093000
3.093000
3.093000
3.093000
3.093000
3.093000
3.192000
3.192000
3.192000
3.192000
3.192000
3.192000
3.192000
3.192000
3.192000
3.192000
3.192000
3.192000
3.291000
3.291000
3.291000
3.291000
3.291000
3.291000
3.291000
3.291000
3.389000
3.389000
3.389000
3.389000
3.389000
3.389000
3.389000
3.389000
3.389000
3.389000
3.389000
3.389000
3.389000
3.389000
3.488000
3.488000
3.488000
3.587000
3.587000
3.587000
3.587000
3.587000
3.587000
3.587000
3.587000
3.587000
3.587000
3.685000
3.685000
3.685000
3.685000
3.685000
3.685000
3.685000
3.685000
3.685000
3.685000
3.685000
3.685000
3.784000
3.784000
3.784000
3.784000
3.784000
3.784000
3.784000
3.883000
3.883000
3.883000
3.883000
3.883000
3.883000
3.883000
3.883000
3.883000
3.981000
3.981000
3.981000
3.981000
3.981000
3.981000
3.981000
3.981000
4.080000
4.080000
4.080000
4.080000
4.080000
4.080000
4.080000
4.080000
4.080000
4.080000
4.080000
4.179000
4.179000
4.179000
4.179000
4.179000
4.179000
4.179000
4.179000
4.179000
4.179000
4.179000
4.179000
4.179000
4.179000
4.277000
4.277000
4.277000
4.277000
4.277000
4.277000
4.277000
4.277000
4.277000
4.277000
4.277000
4.277000
4.277000
4.376000
4.376000
4.376000
4.376000
4.376000
4.376000
4.376000
4.376000
4.376000
4.475000
4.475000
4.475000
4.475000
4.475000
4.475000
5.499000
5.499000
5.499000
5.499000
5.499000
5.499000
5.499000
5.499000
5.499000
6.524000
6.524000
6.524000
6.524000
6.524000
6.524000
6.524000
6.524000
6.524000
6.524000
6.524000
6.524000
6.524000
7.549000
7.549000
7.549000
7.549000
7.549000
7.549000
7.549000
7.549000
7.549000
7.549000
7.549000
7.549000
7.549000
7.549000
7.549000
7.549000
8.573000
8.573000
8.573000
8.573000
8.573000
8.573000
8.573000
8.573000
8.573000
8.573000
9.598000
9.598000
9.598000
9.598000
9.598000
9.598000
10.620000
10.620000
10.620000
10.620000
10.620000
10.620000
10.620000
10.620000
11.650000
11.650000
11.650000
11.650000
11.650000
11.650000
11.650000
11.650000
11.650000
11.650000
12.670000
12.670000
12.670000
12.670000
12.670000
12.670000
12.670000
12.670000
12.670000
13.700000
13.700000
13.700000
13.700000
13.700000
13.700000
13.700000
13.700000
13.700000
14.720000
14.720000
14.720000
14.720000
14.720000
14.720000
14.720000
14.720000
15.750000
15.750000
15.750000
15.750000
15.750000
16.770000
16.770000
16.770000
16.770000
16.770000
16.770000
16.770000
16.770000
16.770000
16.770000
16.770000
16.770000
16.770000
16.770000
17.799999
17.799999
17.799999
17.799999
17.799999
17.799999
17.799999
17.799999
17.799999
17.799999
17.799999
18.820000
18.820000
18.820000
18.820000
18.820000
18.820000
18.820000
19.840000
19.840000
19.840000
19.840000
19.840000
19.840000
19.840000
20.870001
20.870001
20.870001
20.870001
20.870001
20.870001
20.870001
21.889999
21.889999
21.889999
21.889999
21.889999
21.889999
21.889999
21.889999
22.920000
22.920000
22.920000
22.920000
22.920000
22.920000
22.920000
22.920000
22.920000
22.920000
22.920000
22.920000
22.920000
23.940001
23.940001
23.940001
23.940001
23.940001
23.940001
23.940001
23.940001
23.940001
23.940001
23.940001
23.940001
23.940001
23.940001
24.969999
24.969999
24.969999
24.969999
24.969999
24.969999
25.990000
25.990000
25.990000
25.990000
25.990000
25.990000
25.990000
25.990000
27.020000
27.020000
27.020000
27.020000
27.020000
27.020000
27.020000
27.020000
27.020000
27.020000
28.040001
28.040001
28.040001
28.040001
28.040001
28.040001
28.040001
28.040001
28.040001
28.040001
29.070000
29.070000
29.070000
29.070000
29.070000
29.070000
29.070000
29.070000
29.070000
29.070000
30.090000
30.090000
30.090000
30.090000
30.090000
30.090000
30.090000
30.090000
30.090000
31.120001
31.120001
31.120001
31.120001
31.120001
31.120001
31.120001
31.120001
31.120001
31.120001
32.139999
32.139999
32.139999
32.139999
32.139999
32.139999
32.139999
32.139999
32.139999
33.169998
33.169998
33.169998
33.169998
33.169998
34.189999
34.189999
34.189999
34.189999
34.189999
34.189999
34.189999
35.209999
35.209999
35.209999
35.209999
35.209999
35.209999
35.209999
35.209999
35.209999
35.209999
36.240002
36.240002
36.240002
36.240002
36.240002
36.240002
36.240002
36.240002
36.240002
36.240002
37.259998
37.259998
37.259998
37.259998
37.259998
37.259998
37.259998
37.259998
37.259998
37.259998
37.259998
37.259998
38.290001
38.290001
38.290001
38.290001
38.290001
39.310001
39.310001
39.310001
39.310001
39.310001
39.310001
40.340000
40.340000
40.340000
40.340000
40.340000
40.340000
40.340000
40.340000
40.340000
40.340000
40.340000
41.360001
41.360001
41.360001
41.360001
41.360001
42.389999
42.389999
42.389999
42.389999
42.389999
42.389999
42.389999
42.389999
42.389999
42.389999
42.389999
43.410000
43.410000
43.410000
43.410000
43.410000
43.410000
43.410000
43.410000
43.410000
43.410000
43.410000
43.410000
44.439999
44.439999
44.439999
44.439999
44.439999
44.439999
44.439999
44.439999
44.439999
44.439999
44.439999
44.439999
45.459999
45.459999
45.459999
45.459999
45.459999
45.459999
45.459999
45.459999
45.459999
46.490002
46.490002
46.490002
46.490002
46.490002
46.490002
46.490002
46.490002
46.490002
46.490002
46.490002
47.509998
47.509998
47.509998
47.509998
47.509998
47.509998
47.509998
47.509998
47.509998
47.509998
48.540001
48.540001
48.540001
48.540001
48.540001
48.540001
48.540001
48.540001
49.560001
49.560001
49.560001
49.560001
49.560001
49.560001
49.560001
49.560001
49.560001
49.560001
50.590000
50.590000
50.590000
50.590000
50.590000
50.590000
50.590000
50.590000
50.590000
57.299999
57.299999
57.299999
57.299999
57.299999
57.299999
57.299999
57.299999
57.299999
64.019997
64.019997
64.019997
64.019997
64.019997
64.019997
64.019997
64.019997
64.019997
64.019997
64.019997
64.019997
64.019997
64.019997
64.019997
64.019997
64.019997
70.739998
70.739998
70.739998
70.739998
70.739998
70.739998
70.739998
70.739998
70.739998
70.739998
70.739998
70.739998
77.459999
77.459999
77.459999
77.459999
77.459999
77.459999
77.459999
77.459999
82.500000
82.500000
82.500000
82.500000
82.500000
82.500000
82.500000
