0.000000
0.000000
0.000000
0.000000
0.000000
0.000000
0.000000
0.000000
0.000000
0.000000
0.000000
0.000000
0.000000
0.000000
0.000000
0.000000
0.000000
0.000000
0.000000
0.000000
0.000000
0.000000
0.000000
0.000000
0.000000
0.000000
0.000000
0.000000
0.000000
0.000000
0.000000
0.000000
0.000000
0.000000
0.000000
0.000000
0.000000
0.000000
1.358000
1.358000
1.358000
1.358000
1.358000
1.358000
1.358000
1.358000
1.358000
1.358000
1.358000
1.358000
1.358000
1.358000
1.358000
1.358000
1.358000
1.720000
1.720000
1.720000
1.720000
1.720000
1.720000
1.720000
1.720000
1.720000
1.720000
2.082000
2.082000
2.082000
2.082000
2.082000
2.082000
2.082000
2.082000
2.082000
2.082000
2.082000
2.444000
2.444000
2.444000
2.444000
2.444000
2.444000
2.444000
2.444000
2.444000
2.444000
2.806000
2.806000
2.806000
2.806000
2.806000
2.806000
2.806000
2.806000
2.806000
2.806000
2.806000
2.806000
3.168000
3.168000
3.168000
3.168000
3.168000
3.530000
3.530000
3.530000
3.530000
3.530000
3.530000
3.530000
3.530000
3.530000
3.892000
3.892000
3.892000
3.892000
3.892000
3.892000
3.892000
3.892000
4.254000
4.254000
4.254000
4.254000
4.254000
4.254000
4.254000
4.254000
4.254000
4.254000
4.254000
4.254000
4.254000
4.616000
4.616000
4.616000
4.616000
4.616000
4.616000
4.616000
4.616000
4.977000
4.977000
4.977000
4.977000
4.977000
4.977000
4.977000
4.977000
4.977000
5.339000
5.339000
5.339000
5.339000
5.339000
5.339000
5.339000
5.339000
5.339000
5.339000
5.339000
5.339000
5.339000
5.339000
5.339000
5.339000
5.339000
5.701000
5.701000
5.701000
6.063000
6.063000
6.063000
6.063000
6.063000
6.063000
6.063000
6.063000
6.063000
6.063000
6.063000
6.425000
6.425000
6.425000
6.425000
6.425000
6.425000
6.425000
6.425000
6.425000
6.787000
6.787000
6.787000
6.787000
6.787000
6.787000
6.787000
6.787000
6.787000
7.149000
7.149000
7.149000
7.149000
7.149000
7.149000
7.149000
7.149000
7.149000
7.149000
7.511000
7.511000
7.511000
7.511000
7.511000
7.511000
7.511000
7.511000
7.511000
7.511000
7.873000
7.873000
7.873000
7.873000
7.873000
7.873000
7.873000
7.873000
7.873000
7.873000
7.873000
7.873000
7.873000
8.235000
8.235000
8.235000
8.235000
8.235000
8.235000
8.235000
8.597000
8.597000
8.597000
8.597000
8.597000
8.597000
8.597000
8.597000
8.597000
8.597000
8.597000
8.597000
8.597000
8.959000
8.959000
8.959000
8.959000
8.959000
8.959000
8.959000
8.959000
8.959000
8.959000
9.321000
9.321000
9.321000
9.321000
9.321000
9.321000
9.321000
9.321000
9.321000
9.321000
9.321000
9.321000
9.683000
9.683000
9.683000
9.683000
9.683000
9.683000
9.683000
9.683000
9.683000
9.683000
10.050000
10.050000
10.050000
10.050000
10.050000
10.050000
10.050000
10.050000
10.050000
10.050000
10.050000
10.050000
10.050000
10.050000
10.050000
10.410000
10.410000
10.410000
10.410000
10.410000
10.410000
10.410000
10.770000
10.770000
10.770000
10.770000
10.770000
10.770000
10.770000
10.770000
10.770000
10.770000
10.770000
11.130000
11.130000
11.130000
11.130000
11.130000
11.130000
11.130000
11.130000
11.130000
11.130000
11.490000
11.490000
11.490000
11.490000
11.490000
11.490000
11.490000
11.850000
11.850000
11.850000
11.850000
11.850000
11.850000
11.850000
11.850000
11.850000
11.850000
12.220000
12.220000
12.220000
12.220000
12.220000
12.220000
12.220000
12.220000
12.220000
12.220000
12.220000
12.220000
12.220000
12.220000
12.220000
12.220000
12.580000
12.580000
12.580000
12.580000
12.580000
12.580000
12.580000
12.940000
12.940000
12.940000
12.940000
12.940000
12.940000
12.940000
12.940000
12.940000
12.940000
12.940000
13.300000
13.300000
13.300000
13.300000
13.300000
13.300000
13.660000
13.660000
13.660000
13.660000
13.660000
13.660000
13.660000
13.660000
14.030000
14.030000
14.030000
14.030000
14.030000
14.030000
14.030000
14.030000
14.030000
14.390000
14.390000
14.390000
14.390000
14.390000
14.390000
14.390000
14.390000
14.750000
14.750000
14.750000
14.750000
14.750000
14.750000
14.750000
14.750000
14.750000
14.750000
14.750000
14.750000
14.750000
14.750000
15.110000
15.110000
15.110000
15.110000
15.110000
15.110000
15.110000
15.110000
15.110000
15.110000
15.110000
15.110000
15.110000
15.110000
15.110000
15.470000
15.470000
15.470000
15.470000
15.470000
15.470000
15.470000
15.470000
15.470000
15.470000
15.840000
15.840000
15.840000
15.840000
15.840000
15.840000
15.840000
15.840000
15.840000
16.200001
16.200001
16.200001
16.200001
16.200001
16.200001
16.200001
16.200001
16.200001
16.200001
16.200001
16.200001
16.200001
16.200001
16.559999
16.559999
16.559999
16.559999
16.559999
16.559999
16.559999
16.920000
16.920000
16.920000
16.920000
16.920000
16.920000
16.920000
16.920000
16.920000
16.920000
16.920000
16.920000
16.920000
16.920000
16.920000
16.920000
16.920000
16.920000
16.920000
17.280001
17.280001
17.280001
17.280001
17.280001
17.280001
17.280001
17.280001
17.280001
17.280001
17.280001
17.650000
17.650000
17.650000
17.650000
17.650000
17.650000
17.650000
18.850000
18.850000
18.850000
18.850000
20.049999
20.049999
20.049999
20.049999
20.049999
20.049999
20.049999
21.250000
21.250000
21.250000
21.250000
21.250000
21.250000
21.250000
21.250000
21.250000
21.250000
22.450001
22.450001
22.450001
22.450001
22.450001
22.450001
22.450001
22.450001
22.450001
22.450001
22.450001
22.450001
22.450001
22.450001
23.650000
23.650000
23.650000
23.650000
23.650000
23.650000
23.650000
23.650000
23.650000
24.850000
24.850000
24.850000
24.850000
24.850000
24.850000
26.049999
26.049999
26.049999
26.049999
26.049999
26.049999
26.049999
26.049999
26.049999
26.049999
26.049999
27.250000
27.250000
27.250000
27.250000
27.250000
27.250000
27.250000
28.450001
28.450001
28.450001
28.450001
28.450001
28.450001
28.450001
28.450001
28.450001
28.450001
29.650000
29.650000
29.650000
29.650000
29.650000
29.650000
29.650000
29.650000
29.650000
29.650000
29.650000
30.850000
30.850000
30.850000
30.850000
30.850000
30.850000
30.850000
30.850000
30.850000
30.850000
30.850000
30.850000
30.850000
30.850000
30.850000
30.850000
32.049999
32.049999
32.049999
32.049999
32.049999
32.049999
32.049999
32.049999
32.049999
32.049999
33.250000
33.250000
33.250000
33.250000
33.250000
33.250000
33.250000
33.250000
34.450001
34.450001
34.450001
34.450001
34.450001
34.450001
34.450001
34.450001
35.650002
35.650002
35.650002
35.650002
35.650002
35.650002
36.849998
36.849998
36.849998
36.849998
36.849998
36.849998
36.849998
36.849998
36.849998
36.849998
36.849998
36.849998
36.849998
36.849998
38.049999
38.049999
38.049999
38.049999
38.049999
38.049999
38.049999
38.049999
38.049999
38.049999
38.049999
39.250000
39.250000
39.250000
39.250000
39.250000
39.250000
39.250000
39.250000
40.450001
40.450001
40.450001
40.450001
40.450001
40.450001
40.450001
40.450001
40.450001
40.450001
40.450001
41.650002
41.650002
41.650002
41.650002
41.650002
41.650002
41.650002
41.650002
41.650002
41.650002
41.650002
42.849998
42.849998
42.849998
42.849998
42.849998
42.849998
44.049999
44.049999
44.049999
44.049999
44.049999
44.049999
44.049999
44.049999
44.049999
45.250000
45.250000
45.250000
45.250000
45.250000
45.250000
45.250000
45.250000
45.250000
45.250000
45.250000
46.450001
46.450001
46.450001
46.450001
46.450001
46.450001
46.450001
46.450001
47.650002
47.650002
47.650002
47.650002
47.650002
47.650002
48.849998
48.849998
48.849998
48.849998
48.849998
48.849998
48.849998
48.849998
48.849998
48.849998
48.849998
50.049999
50.049999
50.049999
50.049999
50.049999
50.049999
50.049999
50.049999
50.049999
50.049999
50.049999
50.049999
51.250000
51.250000
51.250000
51.250000
51.250000
51.250000
51.250000
51.250000
51.250000
51.250000
52.450001
52.450001
52.450001
52.450001
52.450001
52.450001
52.450001
52.450001
52.450001
52.450001
52.450001
52.450001
53.650002
53.650002
53.650002
53.650002
53.650002
53.650002
53.650002
53.650002
53.650002
53.650002
53.650002
53.650002
53.650002
53.650002
53.650002
54.849998
54.849998
54.849998
54.849998
54.849998
54.849998
54.849998
54.849998
54.849998
54.849998
56.049999
56.049999
56.049999
56.049999
56.049999
56.049999
56.049999
56.049999
57.250000
57.250000
57.250000
57.250000
57.250000
57.250000
57.250000
57.250000
57.250000
57.250000
57.250000
57.250000
58.450001
58.450001
58.450001
58.450001
58.450001
58.450001
58.450001
58.450001
58.450001
58.450001
58.450001
59.650002
59.650002
59.650002
59.650002
59.650002
59.650002
59.650002
59.650002
59.650002
59.650002
60.849998
60.849998
60.849998
60.849998
60.849998
60.849998
60.849998
60.849998
60.849998
60.849998
60.849998
62.049999
62.049999
62.049999
62.049999
62.049999
62.049999
62.049999
62.049999
62.049999
63.250000
63.250000
63.250000
63.250000
63.250000
63.250000
63.250000
63.250000
64.449997
64.449997
64.449997
64.449997
64.449997
64.449997
64.449997
64.449997
64.449997
64.449997
65.650002
65.650002
65.650002
65.650002
65.650002
65.650002
65.650002
66.849998
66.849998
66.849998
66.849998
66.849998
66.849998
66.849998
66.849998
66.849998
66.849998
66.849998
66.849998
66.849998
66.849998
66.849998
66.849998
66.849998
68.050003
68.050003
68.050003
68.050003
68.050003
68.050003
68.050003
69.250000
69.250000
69.250000
69.250000
69.250000
69.250000
69.250000
69.250000
69.250000
69.250000
70.449997
70.449997
70.449997
70.449997
70.449997
70.449997
70.449997
70.449997
70.449997
70.449997
70.449997
70.449997
71.660004
71.660004
71.660004
71.660004
71.660004
71.660004
71.660004
79.730003
79.730003
79.730003
79.730003
79.730003
79.730003
79.730003
79.730003
79.730003
79.730003
87.800003
87.800003
87.800003
87.800003
95.870003
95.870003
95.870003
95.870003
95.870003
95.870003
95.870003
95.870003
103.900002
103.900002
103.900002
103.900002
103.900002
103.900002
103.900002
110.000000
110.000000
110.000000
110.000000
110.000000
110.000000
110.000000
110.000000
110.000000
110.000000
110.000000
110.000000
110.000000
110.000000
110.000000
