0.000000
0.000000
0.000000
0.000000
0.000000
0.000000
0.000000
0.000000
0.000000
0.000000
0.000000
0.000000
0.000000
0.000000
0.000000
0.000000
0.000000
0.000000
0.000000
0.000000
0.000000
0.000000
0.000000
0.000000
0.000000
0.000000
0.000000
0.000000
0.000000
0.000000
0.000000
0.000000
0.000000
0.000000
0.000000
0.000000
0.000000
0.000000
0.000000
0.000000
0.000000
0.000000
0.000000
0.000000
0.000000
0.000000
0.000000
0.000000
0.000000
0.000000
0.000000
0.000000
0.000000
0.000000
0.000000
0.590000
0.590000
0.590000
0.590000
0.590000
0.590000
0.590000
0.590000
1.061000
1.061000
1.061000
1.061000
1.061000
1.061000
1.061000
1.061000
1.061000
1.061000
1.061000
1.061000
1.531000
1.531000
1.531000
1.531000
1.531000
1.531000
1.531000
1.531000
1.531000
1.531000
1.531000
1.531000
1.531000
2.002000
2.002000
2.002000
2.002000
2.002000
2.002000
2.002000
2.002000
2.002000
2.002000
2.002000
2.002000
2.473000
2.473000
2.473000
2.473000
2.473000
2.943000
2.943000
2.943000
2.943000
2.943000
2.943000
2.943000
2.943000
3.414000
3.414000
3.414000
3.414000
3.414000
3.414000
3.414000
3.414000
3.885000
3.885000
3.885000
3.885000
3.885000
3.885000
4.355000
4.355000
4.355000
4.355000
4.355000
4.355000
4.355000
4.355000
4.355000
4.355000
4.355000
4.355000
4.355000
4.355000
4.355000
4.355000
4.355000
4.355000
4.826000
4.826000
4.826000
4.826000
4.826000
4.826000
4.826000
4.826000
4.826000
5.296000
5.296000
5.296000
5.296000
5.296000
5.296000
5.296000
5.296000
5.296000
5.296000
5.296000
5.296000
5.296000
5.296000
5.296000
5.767000
5.767000
5.767000
5.767000
5.767000
5.767000
5.767000
5.767000
5.767000
5.767000
6.238000
6.238000
6.238000
6.238000
6.238000
6.238000
6.238000
6.708000
6.708000
6.708000
6.708000
6.708000
6.708000
6.708000
7.179000
7.179000
7.179000
7.179000
7.179000
7.179000
7.179000
7.179000
7.179000
7.179000
7.179000
7.179000
7.650000
7.650000
7.650000
7.650000
7.650000
7.650000
7.650000
7.650000
7.650000
7.650000
7.650000
8.120000
8.120000
8.120000
8.120000
8.120000
8.120000
8.120000
8.120000
8.120000
8.591000
8.591000
8.591000
8.591000
8.591000
9.062000
9.062000
9.062000
9.062000
9.062000
9.062000
9.062000
9.062000
9.062000
9.062000
9.062000
9.532000
9.532000
9.532000
10.000000
10.000000
10.000000
10.000000
10.000000
10.000000
10.000000
10.000000
10.000000
10.000000
10.470000
10.470000
10.470000
10.470000
10.470000
10.940000
10.940000
10.940000
10.940000
10.940000
10.940000
10.940000
10.940000
10.940000
10.940000
10.940000
10.940000
10.940000
10.940000
11.410000
11.410000
11.410000
11.410000
11.410000
11.410000
11.410000
11.410000
11.410000
11.890000
11.890000
11.890000
11.890000
11.890000
11.890000
11.890000
11.890000
11.890000
11.890000
12.360000
12.360000
12.360000
12.360000
12.360000
12.360000
12.360000
12.360000
12.360000
12.830000
12.830000
12.830000
12.830000
12.830000
12.830000
12.830000
12.830000
12.830000
12.830000
12.830000
12.830000
12.830000
12.830000
12.830000
12.830000
12.830000
13.300000
13.300000
13.300000
13.300000
13.300000
13.300000
13.300000
13.300000
13.300000
13.300000
13.300000
13.300000
13.300000
13.300000
13.300000
13.770000
13.770000
13.770000
13.770000
13.770000
13.770000
13.770000
13.770000
13.770000
13.770000
14.240000
14.240000
14.240000
14.240000
14.240000
14.240000
14.240000
14.710000
14.710000
14.710000
14.710000
14.710000
14.710000
14.710000
15.180000
15.180000
15.180000
15.180000
15.180000
15.180000
15.180000
15.180000
15.180000
15.650000
15.650000
15.650000
15.650000
15.650000
15.650000
15.650000
16.120001
16.120001
16.120001
16.120001
16.120001
16.120001
16.120001
16.120001
16.120001
16.120001
16.120001
16.120001
16.120001
16.590000
16.590000
16.590000
16.590000
16.590000
16.590000
16.590000
16.590000
16.590000
16.590000
16.590000
16.590000
16.590000
16.590000
16.590000
16.590000
16.590000
16.590000
17.059999
17.059999
17.059999
17.059999
17.059999
17.059999
17.059999
17.059999
17.059999
17.059999
17.059999
17.059999
17.530001
17.530001
17.530001
17.530001
17.530001
18.000000
18.000000
18.000000
18.000000
18.000000
18.000000
18.000000
18.000000
18.000000
18.000000
18.000000
18.000000
18.000000
18.000000
18.000000
18.469999
18.469999
18.469999
18.469999
18.469999
18.469999
18.469999
18.950001
18.950001
18.950001
18.950001
18.950001
18.950001
18.950001
18.950001
18.950001
18.950001
18.950001
18.950001
18.950001
19.420000
19.420000
19.420000
19.420000
19.420000
19.420000
19.420000
19.420000
19.420000
19.889999
19.889999
19.889999
19.889999
19.889999
19.889999
19.889999
19.889999
19.889999
20.360001
20.360001
20.360001
20.360001
20.360001
20.360001
20.360001
20.360001
20.360001
20.830000
20.830000
20.830000
20.830000
20.830000
20.830000
20.830000
20.830000
20.830000
20.830000
20.830000
20.830000
20.830000
20.830000
21.299999
21.299999
21.299999
21.299999
21.299999
21.299999
21.770000
21.770000
21.770000
21.770000
21.770000
21.770000
21.770000
23.080000
23.080000
23.080000
23.080000
23.080000
23.080000
23.080000
23.080000
23.080000
24.389999
24.389999
24.389999
24.389999
24.389999
24.389999
24.389999
24.389999
24.389999
24.389999
24.389999
25.700001
25.700001
25.700001
25.700001
25.700001
25.700001
25.700001
25.700001
25.700001
25.700001
25.700001
25.700001
27.010000
27.010000
27.010000
27.010000
27.010000
27.010000
27.010000
27.010000
27.010000
28.320000
28.320000
28.320000
28.320000
29.629999
29.629999
29.629999
29.629999
29.629999
29.629999
29.629999
29.629999
29.629999
29.629999
30.940001
30.940001
30.940001
30.940001
30.940001
30.940001
30.940001
30.940001
30.940001
32.259998
32.259998
32.259998
32.259998
32.259998
32.259998
32.259998
32.259998
32.259998
32.259998
32.259998
32.259998
32.259998
32.259998
32.259998
33.570000
33.570000
33.570000
33.570000
33.570000
33.570000
33.570000
33.570000
33.570000
33.570000
33.570000
34.880001
34.880001
34.880001
34.880001
34.880001
34.880001
34.880001
34.880001
34.880001
34.880001
34.880001
36.189999
36.189999
36.189999
36.189999
36.189999
36.189999
36.189999
37.500000
37.500000
37.500000
37.500000
37.500000
37.500000
37.500000
37.500000
37.500000
38.810001
38.810001
38.810001
38.810001
38.810001
38.810001
38.810001
40.119999
40.119999
40.119999
40.119999
41.430000
41.430000
41.430000
41.430000
42.740002
42.740002
42.740002
42.740002
42.740002
42.740002
42.740002
42.740002
42.740002
44.049999
44.049999
44.049999
44.049999
44.049999
44.049999
44.049999
44.049999
44.049999
44.049999
44.049999
44.049999
44.049999
44.049999
44.049999
44.049999
45.360001
45.360001
45.360001
45.360001
45.360001
45.360001
45.360001
45.360001
46.669998
46.669998
46.669998
46.669998
46.669998
46.669998
46.669998
46.669998
46.669998
46.669998
47.990002
47.990002
47.990002
47.990002
47.990002
47.990002
47.990002
49.299999
49.299999
49.299999
49.299999
49.299999
49.299999
49.299999
49.299999
49.299999
49.299999
49.299999
49.299999
49.299999
50.610001
50.610001
50.610001
50.610001
50.610001
50.610001
50.610001
50.610001
50.610001
51.919998
51.919998
51.919998
51.919998
51.919998
51.919998
51.919998
51.919998
51.919998
53.230000
53.230000
53.230000
53.230000
53.230000
53.230000
53.230000
53.230000
53.230000
53.230000
54.540001
54.540001
54.540001
54.540001
54.540001
54.540001
54.540001
54.540001
55.849998
55.849998
55.849998
55.849998
55.849998
57.160000
57.160000
57.160000
57.160000
57.160000
57.160000
57.160000
57.160000
57.160000
57.160000
58.470001
58.470001
58.470001
58.470001
58.470001
58.470001
59.779999
59.779999
59.779999
59.779999
59.779999
59.779999
59.779999
59.779999
59.779999
59.779999
59.779999
59.779999
59.779999
61.090000
61.090000
61.090000
61.090000
61.090000
61.090000
61.090000
61.090000
61.090000
61.090000
61.090000
61.090000
62.400002
62.400002
62.400002
62.400002
62.400002
62.400002
62.400002
62.400002
62.400002
62.400002
62.400002
62.400002
62.400002
63.720001
63.720001
63.720001
63.720001
63.720001
63.720001
63.720001
63.720001
63.720001
63.720001
63.720001
63.720001
63.720001
65.029999
65.029999
65.029999
65.029999
65.029999
65.029999
65.029999
65.029999
65.029999
65.029999
65.029999
65.029999
65.029999
65.029999
66.339996
66.339996
66.339996
66.339996
66.339996
66.339996
66.339996
66.339996
67.650002
67.650002
67.650002
67.650002
67.650002
67.650002
67.650002
68.959999
68.959999
68.959999
68.959999
68.959999
70.269997
70.269997
70.269997
70.269997
70.269997
70.269997
70.269997
70.269997
70.269997
71.580002
71.580002
71.580002
71.580002
71.580002
71.580002
71.580002
71.580002
71.580002
71.580002
71.580002
71.580002
71.580002
71.580002
72.889999
72.889999
72.889999
72.889999
72.889999
72.889999
72.889999
72.889999
72.889999
72.889999
74.199997
74.199997
74.199997
74.199997
74.199997
74.199997
74.199997
74.199997
74.199997
74.199997
75.510002
75.510002
75.510002
75.510002
75.510002
75.510002
75.510002
75.510002
75.510002
75.510002
75.510002
75.510002
75.510002
76.820000
76.820000
76.820000
76.820000
76.820000
76.820000
76.820000
76.820000
76.820000
76.820000
76.820000
76.820000
76.820000
76.820000
76.820000
78.129997
78.129997
78.129997
78.129997
78.129997
78.129997
78.129997
78.129997
78.129997
78.129997
78.129997
78.129997
78.129997
78.129997
78.129997
79.449997
79.449997
79.449997
79.449997
79.449997
79.449997
79.449997
79.449997
79.449997
79.449997
80.760002
80.760002
80.760002
80.760002
80.760002
80.760002
80.760002
80.760002
80.760002
86.910004
86.910004
86.910004
86.910004
86.910004
86.910004
93.070000
93.070000
93.070000
93.070000
93.070000
93.070000
93.070000
93.070000
99.230003
99.230003
99.230003
99.230003
99.230003
99.230003
99.230003
99.230003
99.230003
99.230003
99.230003
99.230003
99.230003
105.400002
105.400002
105.400002
105.400002
105.400002
105.400002
105.400002
105.400002
105.400002
110.000000
110.000000
110.000000
110.000000
110.000000
110.000000
110.000000
110.000000
110.000000
110.000000
110.000000
110.000000
