0.000000
0.000000
0.000000
0.000000
0.000000
0.000000
0.000000
0.000000
0.000000
0.000000
0.000000
0.000000
0.000000
0.000000
0.000000
0.000000
0.000000
0.000000
0.000000
0.000000
0.000000
0.000000
0.000000
0.000000
0.000000
0.000000
0.000000
0.000000
0.000000
0.000000
0.000000
0.000000
0.000000
0.000000
0.000000
0.000000
0.000000
0.000000
0.000000
0.000000
0.000000
0.000000
0.000000
0.000000
0.000000
0.000000
0.002808
0.002808
0.002808
0.002808
0.002808
0.002808
0.002808
0.044890
0.044890
0.044890
0.044890
0.044890
0.044890
0.044890
0.044890
0.044890
0.044890
0.086960
0.086960
0.086960
0.086960
0.086960
0.086960
0.086960
0.086960
0.086960
0.086960
0.086960
0.086960
0.086960
0.086960
0.086960
0.086960
0.129000
0.129000
0.129000
0.129000
0.129000
0.129000
0.129000
0.129000
0.129000
0.129000
0.129000
0.129000
0.171100
0.171100
0.171100
0.171100
0.171100
0.171100
0.171100
0.171100
0.213200
0.213200
0.213200
0.213200
0.213200
0.213200
0.213200
0.213200
0.255300
0.255300
0.255300
0.255300
0.255300
0.255300
0.255300
0.255300
0.255300
0.255300
0.255300
0.255300
0.255300
0.297400
0.297400
0.297400
0.297400
0.297400
0.297400
0.297400
0.297400
0.297400
0.297400
0.297400
0.297400
0.339400
0.339400
0.339400
0.339400
0.339400
0.339400
0.339400
0.339400
0.381500
0.381500
0.381500
0.381500
0.381500
0.381500
0.381500
0.381500
0.423600
0.423600
0.423600
0.423600
0.423600
0.423600
0.423600
0.465700
0.465700
0.465700
0.465700
0.465700
0.465700
0.465700
0.465700
0.507700
0.507700
0.507700
0.507700
0.507700
0.507700
0.549800
0.549800
0.549800
0.549800
0.549800
0.549800
0.549800
0.591900
0.591900
0.591900
0.634000
0.634000
0.634000
0.634000
0.634000
0.634000
0.634000
0.634000
0.634000
0.634000
0.634000
0.634000
0.634000
0.676000
0.676000
0.676000
0.676000
0.676000
0.676000
0.676000
0.676000
0.676000
0.718100
0.718100
0.718100
0.718100
0.718100
0.718100
0.718100
0.718100
0.718100
0.718100
0.718100
0.760200
0.760200
0.760200
0.760200
0.760200
0.760200
0.760200
0.760200
0.760200
0.760200
0.760200
0.760200
0.760200
0.760200
0.760200
0.760200
0.802300
0.802300
0.802300
0.802300
0.802300
0.802300
0.802300
0.802300
0.802300
0.802300
0.802300
0.802300
0.802300
0.802300
0.802300
0.844400
0.844400
0.844400
0.844400
0.844400
0.844400
0.844400
0.844400
0.844400
0.844400
0.844400
0.844400
0.844400
0.886400
0.886400
0.886400
0.886400
0.886400
0.886400
0.886400
0.886400
0.886400
0.928500
0.928500
0.928500
0.928500
0.928500
0.928500
0.928500
0.928500
0.928500
0.928500
0.928500
0.928500
0.970600
0.970600
0.970600
0.970600
0.970600
0.970600
0.970600
1.013000
1.013000
1.013000
1.013000
1.013000
1.013000
1.013000
1.013000
1.013000
1.013000
1.013000
1.013000
1.013000
1.013000
1.013000
1.055000
1.055000
1.055000
1.055000
1.055000
1.055000
1.055000
1.055000
1.055000
1.055000
1.097000
1.097000
1.097000
1.097000
1.097000
1.097000
1.097000
1.097000
1.097000
1.097000
1.139000
1.139000
1.139000
1.181000
1.181000
1.181000
1.181000
1.181000
1.181000
1.181000
1.181000
1.181000
1.181000
1.181000
1.181000
1.223000
1.223000
1.223000
1.223000
1.223000
1.223000
1.223000
1.265000
1.265000
1.265000
1.265000
1.265000
1.265000
1.265000
1.265000
1.265000
1.265000
1.307000
1.307000
1.307000
1.307000
1.307000
1.307000
1.307000
1.307000
1.307000
1.307000
1.307000
1.349000
1.349000
1.349000
1.349000
1.349000
1.391000
1.391000
1.391000
1.391000
1.391000
1.391000
1.391000
1.391000
1.391000
1.391000
1.433000
1.433000
1.433000
1.433000
1.433000
1.433000
1.476000
1.476000
1.476000
1.476000
1.476000
1.476000
1.476000
1.476000
1.476000
1.476000
1.518000
1.518000
1.518000
1.518000
1.518000
1.518000
1.518000
1.518000
1.518000
1.518000
1.518000
1.560000
1.560000
1.560000
1.560000
1.560000
1.560000
1.560000
1.602000
1.602000
1.602000
1.602000
1.602000
1.644000
1.644000
1.644000
1.644000
1.644000
1.644000
1.686000
1.686000
1.686000
1.686000
1.686000
1.686000
1.686000
1.728000
1.728000
1.728000
1.728000
1.728000
1.728000
1.728000
1.728000
1.728000
1.728000
1.728000
1.770000
1.770000
1.770000
1.770000
1.770000
1.770000
1.770000
1.770000
1.770000
1.770000
1.770000
1.770000
1.770000
1.770000
1.770000
1.770000
1.812000
1.812000
1.812000
1.812000
1.812000
1.812000
1.812000
1.812000
1.812000
1.812000
1.812000
1.812000
1.812000
1.854000
1.854000
1.854000
1.854000
1.854000
1.854000
1.854000
1.854000
1.854000
1.896000
1.896000
1.896000
1.896000
1.896000
1.896000
1.896000
1.896000
1.896000
1.896000
1.896000
1.896000
1.896000
1.896000
2.516000
2.516000
2.516000
2.516000
2.516000
2.516000
2.516000
3.135000
3.135000
3.135000
3.135000
3.135000
3.135000
3.135000
3.135000
3.135000
3.755000
3.755000
3.755000
3.755000
3.755000
3.755000
4.374000
4.374000
4.374000
4.374000
4.374000
4.374000
4.374000
4.374000
4.374000
4.374000
4.374000
4.374000
4.994000
4.994000
4.994000
4.994000
4.994000
4.994000
4.994000
4.994000
5.613000
5.613000
5.613000
5.613000
5.613000
5.613000
5.613000
5.613000
5.613000
5.613000
5.613000
5.613000
6.232000
6.232000
6.232000
6.232000
6.232000
6.232000
6.232000
6.232000
6.232000
6.852000
6.852000
6.852000
6.852000
6.852000
6.852000
6.852000
6.852000
6.852000
6.852000
6.852000
6.852000
7.471000
7.471000
7.471000
7.471000
7.471000
7.471000
7.471000
7.471000
7.471000
7.471000
7.471000
7.471000
8.091000
8.091000
8.091000
8.091000
8.091000
8.091000
8.091000
8.091000
8.091000
8.091000
8.091000
8.710000
8.710000
8.710000
8.710000
8.710000
8.710000
8.710000
8.710000
8.710000
8.710000
8.710000
8.710000
9.330000
9.330000
9.330000
9.330000
9.330000
9.330000
9.330000
9.330000
9.330000
9.330000
9.949000
9.949000
9.949000
9.949000
9.949000
9.949000
9.949000
9.949000
9.949000
9.949000
9.949000
10.570000
10.570000
10.570000
10.570000
10.570000
10.570000
10.570000
10.570000
11.190000
11.190000
11.190000
11.190000
11.190000
11.190000
11.190000
11.190000
11.810000
11.810000
11.810000
11.810000
11.810000
11.810000
11.810000
11.810000
11.810000
11.810000
11.810000
11.810000
11.810000
11.810000
12.430000
12.430000
12.430000
12.430000
12.430000
12.430000
12.430000
12.430000
12.430000
13.050000
13.050000
13.050000
13.050000
13.050000
13.050000
13.050000
13.050000
13.050000
13.050000
13.050000
13.670000
13.670000
13.670000
13.670000
13.670000
13.670000
13.670000
13.670000
13.670000
13.670000
13.670000
13.670000
13.670000
13.670000
14.290000
14.290000
14.290000
14.290000
14.290000
14.290000
14.290000
14.290000
14.290000
14.290000
14.290000
14.900000
14.900000
14.900000
14.900000
14.900000
14.900000
14.900000
14.900000
14.900000
14.900000
14.900000
15.520000
15.520000
15.520000
15.520000
15.520000
15.520000
15.520000
15.520000
15.520000
15.520000
15.520000
15.520000
15.520000
16.139999
16.139999
16.139999
16.139999
16.139999
16.139999
16.139999
16.139999
16.139999
16.760000
16.760000
16.760000
16.760000
16.760000
16.760000
16.760000
16.760000
17.379999
17.379999
17.379999
17.379999
17.379999
17.379999
17.379999
18.000000
18.000000
18.000000
18.000000
18.000000
18.000000
18.000000
18.000000
18.620001
18.620001
18.620001
18.620001
18.620001
18.620001
18.620001
18.620001
18.620001
18.620001
18.620001
18.620001
18.620001
19.240000
19.240000
19.240000
19.240000
19.240000
19.240000
19.860001
19.860001
19.860001
19.860001
19.860001
19.860001
20.480000
20.480000
20.480000
20.480000
20.480000
20.480000
20.480000
20.480000
20.480000
20.480000
20.480000
21.100000
21.100000
21.100000
21.100000
21.100000
21.100000
21.100000
21.100000
21.100000
21.100000
21.100000
21.100000
21.100000
21.719999
21.719999
21.719999
21.719999
21.719999
21.719999
21.719999
21.719999
21.719999
21.719999
21.719999
22.340000
22.340000
22.340000
22.340000
22.340000
22.340000
22.340000
22.340000
22.959999
22.959999
22.959999
22.959999
22.959999
23.580000
23.580000
23.580000
23.580000
23.580000
23.580000
23.580000
23.580000
23.580000
23.580000
24.200001
24.200001
24.200001
24.200001
24.200001
24.200001
24.200001
24.200001
24.200001
24.200001
24.200001
24.820000
24.820000
24.820000
24.820000
24.820000
24.820000
24.820000
24.820000
24.820000
24.820000
25.440001
25.440001
25.440001
25.440001
25.440001
25.440001
25.440001
25.440001
25.440001
25.440001
25.440001
25.440001
25.440001
25.440001
25.440001
26.059999
26.059999
26.059999
26.059999
26.059999
26.059999
26.059999
26.059999
26.059999
26.059999
26.059999
26.059999
26.670000
26.670000
26.670000
26.670000
26.670000
26.670000
26.670000
26.670000
26.670000
26.670000
26.670000
26.670000
26.670000
27.290001
27.290001
27.290001
27.290001
27.290001
27.290001
27.290001
27.290001
27.910000
27.910000
27.910000
27.910000
27.910000
27.910000
27.910000
28.530001
28.530001
28.530001
28.530001
28.530001
28.530001
28.530001
28.530001
28.530001
28.530001
29.150000
29.150000
29.150000
29.150000
29.150000
29.150000
29.150000
29.150000
29.150000
29.150000
29.150000
29.150000
29.770000
29.770000
29.770000
29.770000
29.770000
29.770000
29.770000
29.770000
29.770000
29.770000
29.770000
35.660000
35.660000
35.660000
35.660000
35.660000
35.660000
35.660000
41.549999
41.549999
41.549999
41.549999
41.549999
41.549999
41.549999
41.549999
41.549999
41.549999
41.549999
41.549999
41.549999
41.549999
47.439999
47.439999
47.439999
47.439999
47.439999
47.439999
47.439999
47.439999
47.439999
47.439999
47.439999
47.439999
47.439999
47.439999
53.330002
53.330002
53.330002
53.330002
53.330002
53.330002
53.330002
53.330002
53.330002
53.330002
57.750000
57.750000
57.750000
57.750000
57.750000
57.750000
57.750000
57.750000
57.750000
