0.000000
0.000000
0.000000
0.000000
0.000000
0.000000
0.000000
0.000000
0.000000
0.000000
0.000000
0.000000
0.000000
0.000000
0.000000
0.000000
0.000000
0.000000
0.000000
0.000000
0.000000
0.000000
0.000000
0.000000
0.000000
0.000000
0.000000
0.000000
0.000000
0.000000
0.000000
0.000000
0.000000
0.000000
0.000000
0.000000
0.000000
0.000000
0.000000
0.000000
0.000000
0.000000
0.000000
0.000000
0.000000
0.195300
0.195300
0.195300
0.195300
0.195300
0.195300
0.195300
0.195300
0.195300
0.257500
0.257500
0.257500
0.257500
0.257500
0.257500
0.257500
0.257500
0.257500
0.319700
0.319700
0.319700
0.382000
0.382000
0.382000
0.382000
0.382000
0.382000
0.382000
0.382000
0.382000
0.382000
0.382000
0.382000
0.444200
0.444200
0.444200
0.444200
0.444200
0.444200
0.444200
0.444200
0.444200
0.444200
0.444200
0.444200
0.444200
0.444200
0.444200
0.444200
0.506400
0.506400
0.506400
0.506400
0.506400
0.506400
0.506400
0.506400
0.506400
0.506400
0.506400
0.506400
0.568700
0.568700
0.568700
0.568700
0.568700
0.568700
0.568700
0.568700
0.568700
0.568700
0.568700
0.568700
0.630900
0.630900
0.630900
0.630900
0.630900
0.630900
0.630900
0.630900
0.630900
0.693100
0.693100
0.693100
0.693100
0.693100
0.693100
0.693100
0.693100
0.693100
0.693100
0.693100
0.693100
0.755300
0.755300
0.755300
0.755300
0.755300
0.755300
0.755300
0.817600
0.817600
0.817600
0.817600
0.817600
0.817600
0.817600
0.817600
0.879800
0.879800
0.879800
0.879800
0.879800
0.879800
0.879800
0.879800
0.879800
0.879800
0.942000
0.942000
0.942000
0.942000
0.942000
0.942000
0.942000
0.942000
0.942000
0.942000
0.942000
0.942000
0.942000
1.004000
1.004000
1.004000
1.004000
1.004000
1.004000
1.066000
1.066000
1.066000
1.066000
1.066000
1.066000
1.066000
1.066000
1.066000
1.066000
1.066000
1.066000
1.129000
1.129000
1.129000
1.129000
1.129000
1.129000
1.129000
1.129000
1.191000
1.191000
1.191000
1.191000
1.191000
1.191000
1.191000
1.191000
1.191000
1.191000
1.253000
1.253000
1.253000
1.253000
1.253000
1.253000
1.253000
1.253000
1.315000
1.315000
1.315000
1.315000
1.315000
1.315000
1.315000
1.315000
1.378000
1.378000
1.378000
1.378000
1.378000
1.378000
1.378000
1.440000
1.440000
1.440000
1.440000
1.440000
1.440000
1.502000
1.502000
1.502000
1.502000
1.502000
1.502000
1.502000
1.502000
1.502000
1.502000
1.564000
1.564000
1.564000
1.564000
1.564000
1.564000
1.627000
1.627000
1.627000
1.627000
1.627000
1.627000
1.627000
1.627000
1.627000
1.627000
1.627000
1.627000
1.627000
1.627000
1.627000
1.627000
1.627000
1.689000
1.689000
1.689000
1.689000
1.689000
1.689000
1.689000
1.689000
1.689000
1.689000
1.689000
1.751000
1.751000
1.751000
1.751000
1.751000
1.751000
1.751000
1.751000
1.751000
1.751000
1.751000
1.751000
1.751000
1.751000
1.751000
1.813000
1.813000
1.813000
1.813000
1.813000
1.813000
1.813000
1.813000
1.813000
1.813000
1.813000
1.813000
1.813000
1.813000
1.813000
1.813000
1.875000
1.875000
1.875000
1.875000
1.875000
1.875000
1.875000
1.875000
1.875000
1.875000
1.875000
1.938000
1.938000
1.938000
1.938000
1.938000
1.938000
1.938000
1.938000
1.938000
1.938000
1.938000
1.938000
2.000000
2.000000
2.000000
2.000000
2.000000
2.000000
2.000000
2.062000
2.062000
2.062000
2.062000
2.062000
2.062000
2.062000
2.062000
2.124000
2.124000
2.124000
2.124000
2.124000
2.124000
2.124000
2.124000
2.124000
2.187000
2.187000
2.187000
2.187000
2.187000
2.187000
2.187000
2.187000
2.249000
2.249000
2.249000
2.249000
2.249000
2.249000
2.249000
2.249000
2.249000
2.249000
2.249000
2.249000
2.249000
2.311000
2.311000
2.311000
2.311000
2.311000
2.373000
2.373000
2.373000
2.373000
2.373000
2.436000
2.436000
2.436000
2.436000
2.436000
2.436000
2.436000
2.436000
2.436000
2.436000
2.498000
2.498000
2.498000
2.498000
2.498000
2.498000
2.498000
2.498000
2.498000
2.560000
2.560000
2.560000
2.560000
2.560000
2.560000
2.560000
2.560000
2.560000
2.560000
2.560000
2.560000
2.622000
2.622000
2.622000
2.622000
2.622000
2.622000
2.622000
2.622000
2.622000
2.622000
2.684000
2.684000
2.684000
2.684000
2.684000
2.684000
2.684000
2.684000
2.684000
2.684000
2.684000
2.747000
2.747000
2.747000
2.747000
2.747000
2.747000
2.747000
2.747000
2.747000
2.747000
2.747000
2.809000
2.809000
2.809000
2.809000
2.809000
2.809000
2.809000
2.809000
2.809000
2.809000
2.809000
2.809000
2.809000
2.871000
2.871000
2.871000
2.871000
2.871000
2.871000
2.871000
2.871000
2.871000
2.933000
2.933000
2.933000
2.933000
2.933000
2.933000
2.933000
2.933000
2.933000
2.933000
2.933000
2.933000
2.933000
2.996000
2.996000
2.996000
2.996000
2.996000
3.701000
3.701000
3.701000
3.701000
3.701000
3.701000
3.701000
3.701000
3.701000
3.701000
3.701000
4.406000
4.406000
4.406000
4.406000
4.406000
4.406000
4.406000
4.406000
5.111000
5.111000
5.111000
5.111000
5.111000
5.111000
5.111000
5.111000
5.111000
5.111000
5.111000
5.111000
5.111000
5.816000
5.816000
5.816000
5.816000
5.816000
5.816000
5.816000
5.816000
6.521000
6.521000
6.521000
6.521000
6.521000
6.521000
6.521000
6.521000
7.226000
7.226000
7.226000
7.226000
7.226000
7.226000
7.932000
7.932000
7.932000
7.932000
7.932000
7.932000
7.932000
7.932000
7.932000
7.932000
7.932000
7.932000
7.932000
7.932000
7.932000
7.932000
8.637000
8.637000
8.637000
8.637000
8.637000
8.637000
8.637000
8.637000
8.637000
8.637000
8.637000
9.342000
9.342000
9.342000
9.342000
9.342000
9.342000
9.342000
10.050000
10.050000
10.050000
10.050000
10.050000
10.050000
10.050000
10.050000
10.050000
10.050000
10.050000
10.050000
10.050000
10.750000
10.750000
10.750000
10.750000
10.750000
10.750000
10.750000
10.750000
10.750000
11.460000
11.460000
11.460000
11.460000
11.460000
11.460000
11.460000
11.460000
12.160000
12.160000
12.160000
12.160000
12.160000
12.160000
12.870000
12.870000
12.870000
12.870000
12.870000
12.870000
12.870000
12.870000
12.870000
12.870000
12.870000
12.870000
12.870000
12.870000
12.870000
12.870000
12.870000
13.570000
13.570000
13.570000
13.570000
13.570000
13.570000
13.570000
13.570000
13.570000
13.570000
13.570000
13.570000
13.570000
13.570000
14.280000
14.280000
14.280000
14.280000
14.280000
14.980000
14.980000
14.980000
14.980000
14.980000
14.980000
14.980000
14.980000
14.980000
15.690000
15.690000
15.690000
16.389999
16.389999
16.389999
16.389999
16.389999
16.389999
16.389999
16.389999
17.100000
17.100000
17.100000
17.100000
17.100000
17.100000
17.100000
17.100000
17.100000
17.100000
17.100000
17.100000
17.799999
17.799999
17.799999
17.799999
17.799999
17.799999
17.799999
17.799999
18.510000
18.510000
18.510000
18.510000
18.510000
18.510000
18.510000
18.510000
18.510000
19.209999
19.209999
19.209999
19.209999
19.209999
19.209999
19.209999
19.920000
19.920000
19.920000
19.920000
19.920000
19.920000
19.920000
19.920000
20.620001
20.620001
20.620001
20.620001
20.620001
20.620001
20.620001
20.620001
20.620001
20.620001
20.620001
20.620001
21.330000
21.330000
21.330000
21.330000
21.330000
21.330000
21.330000
21.330000
21.330000
21.330000
22.030001
22.030001
22.030001
22.030001
22.030001
22.030001
22.030001
22.030001
22.030001
22.030001
22.030001
22.740000
22.740000
22.740000
22.740000
22.740000
22.740000
22.740000
22.740000
22.740000
23.440001
23.440001
23.440001
23.440001
23.440001
23.440001
23.440001
23.440001
23.440001
23.440001
23.440001
23.440001
23.440001
23.440001
23.440001
23.440001
23.440001
24.150000
24.150000
24.150000
24.150000
24.150000
24.150000
24.150000
24.150000
24.150000
24.150000
24.860001
24.860001
24.860001
24.860001
24.860001
24.860001
24.860001
24.860001
24.860001
24.860001
24.860001
24.860001
25.559999
25.559999
25.559999
25.559999
25.559999
25.559999
25.559999
25.559999
25.559999
25.559999
26.270000
26.270000
26.270000
26.270000
26.270000
26.270000
26.270000
26.270000
26.270000
26.969999
26.969999
26.969999
26.969999
26.969999
26.969999
26.969999
26.969999
26.969999
26.969999
26.969999
26.969999
26.969999
26.969999
27.680000
27.680000
27.680000
27.680000
27.680000
27.680000
27.680000
27.680000
27.680000
27.680000
27.680000
27.680000
27.680000
28.379999
28.379999
28.379999
28.379999
28.379999
28.379999
28.379999
28.379999
28.379999
28.379999
28.379999
28.379999
28.379999
28.379999
28.379999
28.379999
28.379999
29.090000
29.090000
29.090000
29.090000
29.090000
29.090000
29.090000
29.090000
29.090000
29.090000
29.090000
29.090000
29.090000
29.090000
29.090000
29.090000
29.090000
29.790001
29.790001
29.790001
29.790001
29.790001
29.790001
29.790001
29.790001
30.500000
30.500000
30.500000
30.500000
30.500000
30.500000
30.500000
30.500000
30.500000
30.500000
31.200001
31.200001
31.200001
31.200001
31.200001
31.200001
31.200001
31.200001
31.200001
31.200001
31.200001
31.200001
31.200001
31.200001
31.200001
31.910000
31.910000
31.910000
31.910000
31.910000
31.910000
32.610001
32.610001
32.610001
32.610001
32.610001
32.610001
32.610001
32.610001
33.320000
33.320000
33.320000
33.320000
33.320000
33.320000
33.320000
33.320000
33.320000
33.320000
34.020000
34.020000
34.020000
34.020000
34.020000
34.020000
34.020000
34.730000
34.730000
34.730000
34.730000
34.730000
34.730000
34.730000
42.540001
42.540001
42.540001
42.540001
42.540001
42.540001
42.540001
42.540001
42.540001
42.540001
50.349998
50.349998
50.349998
50.349998
50.349998
50.349998
50.349998
50.349998
58.160000
58.160000
58.160000
58.160000
58.160000
58.160000
58.160000
58.160000
58.160000
58.160000
65.970001
65.970001
65.970001
65.970001
65.970001
65.970001
65.970001
65.970001
65.970001
65.970001
71.820000
71.820000
71.820000
71.820000
71.820000
71.820000
71.820000
71.820000
