21.930000
21.930000
21.930000
21.930000
21.930000
21.930000
23.100000
23.100000
23.100000
23.100000
23.100000
23.100000
23.100000
23.100000
23.100000
23.100000
23.100000
24.650000
24.650000
24.650000
24.650000
24.650000
24.650000
24.650000
24.650000
26.209999
26.209999
26.209999
26.209999
26.209999
26.209999
26.209999
26.209999
26.209999
26.209999
26.209999
27.770000
27.770000
27.770000
27.770000
27.770000
27.770000
27.770000
27.770000
27.770000
27.770000
27.770000
29.330000
29.330000
29.330000
29.330000
29.549999
29.549999
29.549999
29.549999
29.549999
29.549999
29.770000
29.770000
29.770000
29.770000
29.990000
29.990000
29.990000
29.990000
29.990000
29.990000
30.219999
30.219999
30.219999
30.219999
30.219999
30.219999
30.219999
30.219999
30.219999
30.219999
30.219999
30.219999
30.440001
30.440001
30.440001
30.440001
30.440001
30.440001
30.440001
30.440001
30.440001
30.440001
30.440001
30.440001
30.440001
30.440001
30.660000
30.660000
30.660000
30.660000
30.660000
30.660000
30.660000
30.879999
30.879999
30.879999
30.879999
30.879999
30.879999
30.879999
31.100000
31.100000
31.100000
31.100000
31.100000
31.100000
31.100000
31.100000
31.100000
31.100000
31.100000
31.330000
31.330000
31.330000
31.330000
31.330000
31.330000
31.330000
31.330000
31.330000
31.330000
31.330000
31.330000
31.549999
31.549999
31.549999
31.549999
31.549999
31.549999
31.549999
31.549999
31.549999
31.549999
31.770000
31.770000
31.770000
31.770000
31.770000
31.770000
31.770000
31.770000
31.770000
31.770000
31.770000
31.770000
31.770000
31.770000
31.990000
31.990000
31.990000
31.990000
31.990000
31.990000
31.990000
31.990000
31.990000
31.990000
31.990000
32.209999
32.209999
32.209999
32.209999
32.209999
32.209999
32.209999
32.209999
32.209999
32.209999
32.209999
32.209999
32.209999
32.439999
32.439999
32.439999
32.439999
32.439999
32.439999
32.439999
32.439999
32.439999
32.439999
32.439999
32.439999
32.439999
32.439999
32.439999
32.660000
32.660000
32.660000
32.660000
32.660000
32.660000
32.880001
32.880001
32.880001
32.880001
32.880001
32.880001
32.880001
32.880001
32.880001
32.880001
32.880001
33.099998
33.099998
33.099998
33.320000
33.320000
33.320000
33.320000
33.320000
33.320000
33.320000
33.320000
33.320000
33.320000
33.320000
33.549999
33.549999
33.549999
33.549999
33.549999
33.549999
33.770000
33.770000
33.770000
33.770000
33.770000
33.770000
33.770000
33.770000
33.770000
33.770000
33.770000
33.990002
33.990002
33.990002
33.990002
33.990002
33.990002
34.209999
34.209999
34.209999
34.209999
34.209999
34.209999
34.209999
34.209999
34.209999
34.209999
34.209999
34.209999
34.430000
34.430000
34.430000
34.430000
34.430000
34.430000
34.430000
34.430000
34.660000
34.660000
34.660000
34.660000
34.660000
34.660000
34.660000
34.660000
34.660000
34.660000
34.660000
34.880001
34.880001
34.880001
34.880001
34.880001
34.880001
34.880001
34.880001
34.880001
35.099998
35.099998
35.099998
35.099998
35.099998
35.099998
35.099998
35.320000
35.320000
35.320000
35.320000
35.320000
35.320000
35.320000
35.540001
35.540001
35.540001
35.540001
35.540001
35.540001
35.540001
35.540001
35.540001
35.540001
35.540001
35.540001
35.540001
35.770000
35.770000
35.770000
35.770000
35.770000
35.770000
35.990002
35.990002
35.990002
35.990002
35.990002
35.990002
35.990002
35.990002
36.209999
36.209999
36.209999
36.209999
36.209999
36.209999
36.209999
36.209999
36.430000
36.430000
36.430000
36.430000
36.430000
36.430000
36.430000
36.430000
36.430000
36.430000
36.430000
36.430000
36.430000
36.430000
36.430000
36.430000
36.430000
36.650002
36.650002
36.650002
36.650002
36.880001
36.880001
36.880001
36.880001
36.880001
36.880001
36.880001
37.099998
37.099998
37.099998
37.099998
37.099998
37.099998
37.099998
37.099998
37.099998
37.099998
37.099998
37.099998
37.099998
37.320000
37.320000
37.320000
37.320000
37.320000
37.320000
37.320000
37.320000
37.320000
37.540001
37.540001
37.540001
37.540001
37.540001
37.540001
37.540001
37.540001
37.540001
37.540001
37.540001
37.540001
37.540001
37.540001
37.759998
37.759998
37.759998
37.759998
37.759998
37.759998
37.759998
37.759998
37.759998
37.759998
37.759998
37.759998
37.759998
37.759998
37.990002
37.990002
37.990002
37.990002
37.990002
37.990002
37.990002
37.990002
37.990002
37.990002
38.209999
38.209999
38.209999
38.209999
38.209999
38.209999
38.209999
38.209999
38.209999
38.209999
38.209999
38.430000
38.430000
38.430000
38.430000
38.430000
38.430000
38.430000
38.430000
38.430000
38.430000
38.430000
38.430000
38.430000
38.430000
38.650002
38.650002
38.650002
38.650002
38.650002
38.650002
38.650002
38.650002
38.650002
38.650002
38.650002
38.650002
38.650002
38.650002
38.650002
38.869999
38.869999
38.869999
38.869999
38.869999
38.869999
38.869999
38.869999
38.869999
38.869999
39.099998
39.099998
39.099998
39.099998
39.099998
39.099998
39.099998
39.099998
39.099998
39.099998
39.099998
39.099998
39.099998
39.099998
39.099998
39.099998
39.099998
39.099998
39.099998
39.099998
39.320000
39.320000
39.320000
39.320000
39.320000
39.320000
39.320000
39.320000
39.320000
39.590000
39.590000
39.590000
39.590000
39.590000
39.590000
39.590000
39.590000
39.590000
39.860001
39.860001
39.860001
39.860001
39.860001
39.860001
39.860001
39.860001
39.860001
39.860001
39.860001
39.860001
39.860001
40.130001
40.130001
40.130001
40.410000
40.410000
40.410000
40.410000
40.410000
40.410000
40.410000
40.410000
40.410000
40.410000
40.410000
40.680000
40.680000
40.680000
40.680000
40.680000
40.680000
40.680000
40.680000
40.680000
40.680000
40.680000
40.680000
40.950001
40.950001
40.950001
40.950001
40.950001
40.950001
40.950001
40.950001
40.950001
41.220001
41.220001
41.220001
41.220001
41.220001
41.220001
41.220001
41.220001
41.220001
41.220001
41.220001
41.220001
41.500000
41.500000
41.500000
41.500000
41.500000
41.500000
41.500000
41.500000
41.500000
41.500000
41.500000
41.500000
41.500000
41.770000
41.770000
41.770000
41.770000
41.770000
41.770000
41.770000
41.770000
41.770000
41.770000
41.770000
41.770000
41.770000
42.040001
42.040001
42.040001
42.040001
42.040001
42.040001
42.040001
42.040001
42.040001
42.040001
42.040001
42.040001
42.310001
42.310001
42.310001
42.310001
42.310001
42.310001
42.310001
42.310001
42.310001
42.310001
42.310001
42.580002
42.580002
42.580002
42.580002
42.580002
42.580002
42.580002
42.580002
42.580002
42.580002
42.580002
42.580002
42.860001
42.860001
42.860001
42.860001
42.860001
42.860001
42.860001
42.860001
43.130001
43.130001
43.130001
43.130001
43.130001
43.130001
43.130001
43.130001
43.130001
43.130001
43.400002
43.400002
43.400002
43.400002
43.400002
43.400002
43.400002
43.400002
43.400002
43.400002
43.400002
43.669998
43.669998
43.669998
43.669998
43.669998
43.669998
43.669998
43.669998
43.950001
43.950001
43.950001
43.950001
43.950001
43.950001
43.950001
43.950001
43.950001
43.950001
43.950001
43.950001
43.950001
44.220001
44.220001
44.220001
44.220001
44.220001
44.220001
44.220001
44.220001
44.220001
44.220001
44.490002
44.490002
44.490002
44.490002
44.490002
44.490002
44.490002
44.490002
44.759998
44.759998
44.759998
44.759998
44.759998
44.759998
44.759998
44.759998
44.759998
44.759998
44.759998
45.029999
45.029999
45.029999
45.029999
45.029999
45.029999
45.029999
45.029999
45.029999
45.310001
45.310001
45.310001
45.310001
45.310001
45.310001
45.310001
45.580002
45.580002
45.580002
45.580002
45.580002
45.580002
45.580002
45.580002
45.849998
45.849998
45.849998
45.849998
45.849998
45.849998
45.849998
45.849998
45.849998
45.849998
45.849998
45.849998
46.119999
46.119999
46.119999
46.119999
46.119999
46.119999
46.119999
46.119999
46.119999
46.400002
46.400002
46.400002
46.400002
46.400002
46.400002
46.400002
46.400002
46.669998
46.669998
46.669998
46.669998
46.669998
46.669998
46.669998
46.669998
46.669998
46.669998
46.669998
46.669998
46.669998
46.939999
46.939999
46.939999
46.939999
46.939999
46.939999
46.939999
46.939999
46.939999
46.939999
46.939999
47.209999
47.209999
47.209999
47.209999
47.209999
47.209999
47.209999
47.209999
47.209999
47.209999
47.209999
47.209999
47.209999
47.209999
47.480000
47.480000
47.480000
47.480000
47.759998
47.759998
47.759998
47.759998
47.759998
47.759998
48.029999
48.029999
48.029999
48.029999
48.029999
48.029999
48.029999
48.299999
48.299999
48.299999
48.299999
48.299999
48.299999
48.299999
48.299999
48.299999
48.299999
48.299999
48.299999
48.299999
48.570000
48.570000
48.570000
48.570000
48.570000
48.570000
48.570000
48.849998
48.849998
48.849998
48.849998
48.849998
48.849998
48.849998
48.849998
49.119999
49.119999
49.119999
49.119999
49.119999
49.119999
49.119999
49.119999
49.119999
49.119999
49.119999
49.389999
49.389999
49.389999
49.389999
49.389999
49.389999
49.389999
49.389999
49.389999
49.660000
49.660000
49.660000
49.660000
49.660000
49.660000
49.660000
49.660000
49.660000
49.660000
49.660000
49.660000
49.660000
49.660000
49.660000
49.930000
49.930000
49.930000
49.930000
49.930000
49.930000
49.930000
49.930000
49.930000
49.930000
50.209999
50.209999
50.209999
50.209999
50.209999
50.209999
50.480000
50.480000
50.480000
50.480000
50.480000
50.480000
50.480000
50.480000
50.480000
50.750000
50.750000
50.750000
50.750000
50.750000
50.750000
50.750000
50.750000
50.750000
50.750000
50.750000
50.750000
50.750000
50.750000
51.020000
51.020000
51.020000
51.020000
51.020000
51.020000
51.299999
51.299999
51.299999
51.299999
51.299999
51.570000
51.570000
51.570000
51.570000
51.570000
51.570000
51.570000
51.570000
51.570000
51.570000
53.090000
53.090000
53.090000
53.090000
53.090000
53.090000
53.090000
53.090000
53.090000
53.090000
53.090000
53.090000
53.090000
53.090000
53.090000
53.090000
53.090000
54.610001
54.610001
54.610001
54.610001
54.610001
54.610001
54.610001
54.610001
54.610001
54.610001
54.610001
54.610001
56.130001
56.130001
56.130001
56.130001
56.130001
56.130001
57.650002
57.650002
57.650002
57.650002
57.650002
57.650002
57.650002
57.650002
57.650002
57.650002
57.650002
57.650002
58.790001
58.790001
58.790001
58.790001
58.790001
58.790001
58.790001
58.790001
58.790001
58.790001
