0.000000
0.000000
0.000000
0.000000
0.000000
0.000000
0.000000
0.000000
0.000000
0.098970
0.098970
0.098970
0.098970
0.098970
0.098970
0.330900
0.330900
0.330900
0.330900
0.330900
0.330900
0.330900
0.330900
0.562900
0.562900
0.562900
0.562900
0.562900
0.562900
0.562900
0.562900
0.794900
0.794900
0.794900
0.794900
1.027000
1.027000
1.027000
1.027000
1.027000
1.027000
1.027000
1.027000
1.027000
1.027000
1.027000
1.027000
1.027000
1.027000
1.082000
1.082000
1.082000
1.082000
1.082000
1.082000
1.082000
1.137000
1.137000
1.137000
1.137000
1.137000
1.137000
1.137000
1.137000
1.137000
1.192000
1.192000
1.192000
1.192000
1.192000
1.192000
1.192000
1.192000
1.192000
1.247000
1.247000
1.247000
1.247000
1.247000
1.247000
1.247000
1.247000
1.247000
1.247000
1.247000
1.302000
1.302000
1.302000
1.302000
1.302000
1.302000
1.302000
1.302000
1.302000
1.302000
1.302000
1.302000
1.302000
1.302000
1.302000
1.357000
1.357000
1.357000
1.357000
1.357000
1.357000
1.357000
1.357000
1.357000
1.357000
1.357000
1.357000
1.357000
1.357000
1.412000
1.412000
1.412000
1.412000
1.412000
1.412000
1.412000
1.412000
1.412000
1.412000
1.412000
1.412000
1.412000
1.467000
1.467000
1.467000
1.467000
1.467000
1.467000
1.467000
1.467000
1.522000
1.522000
1.522000
1.522000
1.522000
1.522000
1.522000
1.522000
1.522000
1.522000
1.522000
1.522000
1.522000
1.522000
1.522000
1.522000
1.522000
1.577000
1.577000
1.577000
1.577000
1.577000
1.577000
1.577000
1.577000
1.577000
1.577000
1.577000
1.577000
1.577000
1.577000
1.577000
1.577000
1.577000
1.577000
1.632000
1.632000
1.632000
1.632000
1.632000
1.632000
1.687000
1.687000
1.687000
1.687000
1.687000
1.687000
1.687000
1.687000
1.687000
1.687000
1.687000
1.687000
1.687000
1.742000
1.742000
1.742000
1.742000
1.742000
1.742000
1.742000
1.742000
1.797000
1.797000
1.797000
1.797000
1.797000
1.797000
1.797000
1.797000
1.797000
1.852000
1.852000
1.852000
1.852000
1.852000
1.852000
1.852000
1.852000
1.852000
1.908000
1.908000
1.908000
1.908000
1.908000
1.908000
1.908000
1.908000
1.908000
1.908000
1.908000
1.963000
1.963000
1.963000
1.963000
1.963000
1.963000
1.963000
1.963000
1.963000
1.963000
2.018000
2.018000
2.018000
2.018000
2.018000
2.018000
2.018000
2.018000
2.073000
2.073000
2.073000
2.073000
2.073000
2.073000
2.073000
2.073000
2.073000
2.073000
2.073000
2.128000
2.128000
2.128000
2.183000
2.183000
2.183000
2.183000
2.183000
2.183000
2.183000
2.183000
2.183000
2.183000
2.183000
2.183000
2.238000
2.238000
2.238000
2.238000
2.238000
2.238000
2.293000
2.293000
2.293000
2.293000
2.293000
2.293000
2.293000
2.293000
2.348000
2.348000
2.348000
2.348000
2.348000
2.348000
2.348000
2.348000
2.348000
2.348000
2.348000
2.403000
2.403000
2.403000
2.403000
2.403000
2.403000
2.403000
2.403000
2.403000
2.403000
2.403000
2.458000
2.458000
2.458000
2.458000
2.458000
2.458000
2.458000
2.513000
2.513000
2.513000
2.513000
2.513000
2.513000
2.513000
2.513000
2.513000
2.568000
2.568000
2.568000
2.568000
2.568000
2.568000
2.568000
2.568000
2.568000
2.568000
2.623000
2.623000
2.623000
2.623000
2.623000
2.623000
2.623000
2.623000
2.623000
2.623000
2.623000
2.623000
2.678000
2.678000
2.678000
2.678000
2.678000
2.678000
2.678000
2.678000
2.678000
2.678000
2.678000
2.678000
2.678000
2.733000
2.733000
2.733000
2.733000
2.733000
2.733000
2.733000
2.733000
2.788000
2.788000
2.788000
2.788000
2.788000
2.788000
2.843000
2.843000
2.843000
2.843000
2.843000
2.843000
2.843000
2.843000
2.843000
2.843000
2.843000
2.843000
2.898000
2.898000
2.898000
2.898000
2.898000
2.898000
2.898000
2.898000
2.953000
2.953000
2.953000
2.953000
2.953000
2.953000
2.953000
2.953000
2.953000
2.953000
3.008000
3.008000
3.008000
3.008000
3.008000
3.008000
3.063000
3.063000
3.063000
3.063000
3.063000
3.063000
3.118000
3.118000
3.118000
3.118000
3.118000
3.118000
3.118000
3.118000
3.118000
3.118000
3.118000
3.118000
3.118000
3.174000
3.174000
3.174000
3.174000
3.174000
3.174000
3.174000
3.174000
3.174000
3.174000
3.229000
3.229000
3.229000
3.229000
3.229000
3.229000
3.229000
3.284000
3.284000
3.284000
3.284000
3.284000
3.284000
3.284000
3.284000
3.284000
3.284000
3.284000
3.339000
3.339000
3.339000
3.339000
3.339000
3.339000
3.339000
3.339000
3.339000
3.339000
3.339000
3.339000
3.339000
3.339000
3.339000
3.339000
3.394000
3.394000
3.394000
3.394000
3.394000
3.394000
3.394000
3.394000
3.394000
3.449000
3.449000
3.449000
3.449000
3.449000
3.449000
3.449000
3.449000
3.449000
3.504000
3.504000
3.504000
3.504000
3.504000
3.504000
3.504000
3.504000
3.504000
3.504000
3.504000
3.504000
3.547000
3.547000
3.547000
3.547000
3.547000
3.547000
3.547000
3.547000
3.547000
3.547000
3.591000
3.591000
3.591000
3.591000
3.634000
3.634000
3.634000
3.634000
3.634000
3.634000
3.678000
3.678000
3.678000
3.678000
3.678000
3.678000
3.678000
3.721000
3.721000
3.721000
3.721000
3.721000
3.721000
3.721000
3.721000
3.721000
3.721000
3.721000
3.721000
3.765000
3.765000
3.765000
3.765000
3.765000
3.765000
3.765000
3.765000
3.765000
3.765000
3.765000
3.765000
3.808000
3.808000
3.808000
3.808000
3.808000
3.808000
3.808000
3.808000
3.808000
3.808000
3.808000
3.808000
3.808000
3.852000
3.852000
3.852000
3.852000
3.852000
3.852000
3.895000
3.895000
3.895000
3.895000
3.895000
3.895000
3.895000
3.895000
3.895000
3.895000
3.895000
3.939000
3.939000
3.939000
3.939000
3.939000
3.939000
3.939000
3.939000
3.939000
3.939000
3.982000
3.982000
3.982000
3.982000
3.982000
3.982000
3.982000
3.982000
3.982000
4.026000
4.026000
4.026000
4.026000
4.026000
4.026000
4.026000
4.026000
4.026000
4.026000
4.026000
4.026000
4.026000
4.026000
4.069000
4.069000
4.069000
4.069000
4.069000
4.069000
4.069000
4.069000
4.069000
4.069000
4.069000
4.113000
4.113000
4.113000
4.113000
4.113000
4.113000
4.113000
4.113000
4.113000
4.113000
4.113000
4.113000
4.113000
4.113000
4.113000
4.113000
4.156000
4.156000
4.156000
4.156000
4.156000
4.156000
4.156000
4.156000
4.156000
4.156000
4.200000
4.200000
4.200000
4.200000
4.200000
4.200000
4.200000
4.200000
4.200000
4.243000
4.243000
4.243000
4.243000
4.243000
4.243000
4.243000
4.243000
4.243000
4.287000
4.287000
4.287000
4.287000
4.287000
4.287000
4.287000
4.287000
4.287000
4.330000
4.330000
4.330000
4.330000
4.330000
4.330000
4.330000
4.330000
4.330000
4.330000
4.330000
4.330000
4.374000
4.374000
4.374000
4.374000
4.374000
4.374000
4.374000
4.374000
4.374000
4.374000
4.374000
4.374000
4.417000
4.417000
4.417000
4.417000
4.417000
4.417000
4.417000
4.417000
4.461000
4.461000
4.461000
4.461000
4.461000
4.461000
4.461000
4.461000
4.461000
4.461000
4.504000
4.504000
4.504000
4.504000
4.504000
4.504000
4.504000
4.504000
4.504000
4.548000
4.548000
4.548000
4.548000
4.548000
4.548000
4.548000
4.548000
4.548000
4.548000
4.548000
4.591000
4.591000
4.591000
4.591000
4.591000
4.591000
4.591000
4.591000
4.635000
4.635000
4.635000
4.635000
4.635000
4.635000
4.635000
4.635000
4.635000
4.678000
4.678000
4.678000
4.678000
4.678000
4.678000
4.678000
4.678000
4.678000
4.678000
4.678000
4.722000
4.722000
4.722000
4.722000
4.722000
4.722000
4.722000
4.722000
4.722000
4.722000
4.722000
4.722000
4.722000
4.722000
4.722000
4.765000
4.765000
4.765000
4.765000
4.765000
4.765000
4.765000
4.765000
4.765000
4.765000
4.765000
4.809000
4.809000
4.809000
4.809000
4.809000
4.809000
4.809000
4.809000
4.809000
4.852000
4.852000
4.852000
4.852000
4.852000
4.852000
4.852000
4.852000
4.852000
4.852000
4.896000
4.896000
4.896000
4.896000
4.896000
4.896000
4.896000
4.896000
4.896000
4.896000
4.939000
4.939000
4.939000
4.939000
4.939000
4.939000
4.983000
4.983000
4.983000
4.983000
4.983000
4.983000
4.983000
4.983000
4.983000
4.983000
5.026000
5.026000
5.026000
5.026000
5.026000
5.026000
5.026000
5.026000
5.026000
5.026000
5.026000
5.069000
5.069000
5.069000
5.069000
5.069000
5.069000
5.069000
5.113000
5.113000
5.113000
5.113000
5.113000
5.113000
5.113000
5.113000
5.113000
5.113000
5.113000
5.113000
5.156000
5.156000
5.156000
5.156000
5.156000
5.156000
5.156000
5.156000
5.156000
5.156000
5.156000
5.156000
5.156000
5.156000
5.156000
5.200000
5.200000
5.200000
5.200000
5.200000
5.200000
5.243000
5.243000
5.243000
5.243000
5.243000
5.243000
5.243000
5.243000
5.243000
5.287000
5.287000
5.287000
5.287000
5.287000
5.287000
5.330000
5.330000
5.330000
5.330000
5.330000
5.330000
5.330000
5.330000
5.330000
5.330000
5.330000
5.330000
5.330000
5.374000
5.374000
5.374000
5.374000
5.374000
5.374000
5.417000
5.417000
5.417000
5.417000
5.417000
5.417000
5.461000
5.461000
5.461000
5.461000
5.461000
5.461000
5.461000
5.461000
5.461000
5.748000
5.748000
5.748000
5.748000
5.748000
5.748000
5.748000
5.748000
5.748000
5.748000
5.748000
5.748000
5.748000
6.035000
6.035000
6.035000
6.035000
6.035000
6.035000
6.035000
6.035000
6.035000
6.035000
6.035000
6.035000
6.322000
6.322000
6.322000
6.322000
6.322000
6.322000
6.322000
6.322000
6.322000
6.322000
6.322000
6.322000
6.610000
6.610000
6.610000
6.610000
6.610000
6.610000
6.610000
6.610000
6.610000
6.610000
6.610000
6.825000
6.825000
6.825000
6.825000
6.825000
6.825000
6.825000
6.825000
6.825000
6.825000
6.825000
6.825000
6.825000
