0.000000
0.000000
0.000000
0.000000
0.000000
0.000000
0.000000
0.000000
0.000000
0.000000
0.000000
0.000000
0.000000
0.000000
0.000000
0.000000
0.000000
0.000000
0.000000
0.000000
0.000000
0.000000
0.000000
0.000000
0.000000
0.000000
0.000000
0.000000
0.000000
0.000000
0.000000
0.000000
0.000000
0.000000
0.000000
0.000000
0.000000
0.000000
0.000000
0.000000
0.000000
0.000000
0.000000
0.000000
0.000000
0.000000
0.000000
0.000000
0.000000
0.000000
0.000000
0.000000
0.000000
0.000000
0.000000
0.000000
0.000000
0.000000
0.000000
0.000000
0.000000
0.901200
0.901200
0.901200
0.901200
0.901200
0.901200
0.901200
0.901200
0.901200
0.901200
0.901200
0.901200
0.901200
1.253000
1.253000
1.253000
1.253000
1.253000
1.253000
1.253000
1.253000
1.253000
1.253000
1.253000
1.605000
1.605000
1.605000
1.605000
1.605000
1.605000
1.605000
1.605000
1.605000
1.957000
1.957000
1.957000
1.957000
1.957000
1.957000
1.957000
2.309000
2.309000
2.309000
2.309000
2.309000
2.309000
2.309000
2.309000
2.309000
2.661000
2.661000
2.661000
2.661000
2.661000
2.661000
2.661000
2.661000
2.661000
3.013000
3.013000
3.013000
3.013000
3.013000
3.013000
3.013000
3.013000
3.013000
3.013000
3.013000
3.013000
3.365000
3.365000
3.365000
3.365000
3.365000
3.365000
3.365000
3.365000
3.365000
3.717000
3.717000
3.717000
3.717000
3.717000
3.717000
3.717000
3.717000
3.717000
4.069000
4.069000
4.069000
4.069000
4.069000
4.069000
4.069000
4.069000
4.069000
4.421000
4.421000
4.421000
4.421000
4.421000
4.421000
4.421000
4.421000
4.421000
4.421000
4.773000
4.773000
4.773000
4.773000
5.125000
5.125000
5.125000
5.125000
5.125000
5.125000
5.125000
5.125000
5.125000
5.477000
5.477000
5.477000
5.477000
5.477000
5.477000
5.477000
5.477000
5.829000
5.829000
5.829000
5.829000
5.829000
5.829000
5.829000
5.829000
5.829000
5.829000
5.829000
5.829000
5.829000
5.829000
5.829000
6.181000
6.181000
6.181000
6.181000
6.181000
6.181000
6.181000
6.181000
6.181000
6.181000
6.181000
6.533000
6.533000
6.533000
6.533000
6.533000
6.533000
6.885000
6.885000
6.885000
6.885000
6.885000
6.885000
6.885000
7.237000
7.237000
7.237000
7.237000
7.237000
7.237000
7.237000
7.237000
7.237000
7.237000
7.237000
7.589000
7.589000
7.589000
7.589000
7.589000
7.589000
7.589000
7.589000
7.941000
7.941000
7.941000
7.941000
7.941000
7.941000
7.941000
7.941000
7.941000
7.941000
8.293000
8.293000
8.293000
8.293000
8.293000
8.293000
8.293000
8.293000
8.293000
8.293000
8.293000
8.293000
8.293000
8.293000
8.293000
8.644000
8.644000
8.644000
8.644000
8.644000
8.644000
8.644000
8.644000
8.644000
8.644000
8.644000
8.996000
8.996000
8.996000
8.996000
8.996000
8.996000
8.996000
8.996000
8.996000
8.996000
8.996000
9.348000
9.348000
9.348000
9.348000
9.348000
9.348000
9.348000
9.348000
9.700000
9.700000
9.700000
9.700000
9.700000
9.700000
9.700000
10.050000
10.050000
10.050000
10.050000
10.050000
10.050000
10.050000
10.050000
10.400000
10.400000
10.400000
10.400000
10.400000
10.400000
10.400000
10.400000
10.400000
10.400000
10.400000
10.400000
10.760000
10.760000
10.760000
10.760000
10.760000
10.760000
11.110000
11.110000
11.110000
11.110000
11.110000
11.110000
11.110000
11.110000
11.110000
11.460000
11.460000
11.460000
11.460000
11.460000
11.810000
11.810000
11.810000
11.810000
11.810000
11.810000
11.810000
11.810000
11.810000
11.810000
11.810000
12.160000
12.160000
12.160000
12.160000
12.160000
12.160000
12.160000
12.160000
12.160000
12.160000
12.160000
12.520000
12.520000
12.520000
12.520000
12.520000
12.520000
12.520000
12.520000
12.520000
12.520000
12.520000
12.870000
12.870000
12.870000
12.870000
12.870000
12.870000
12.870000
12.870000
12.870000
12.870000
13.220000
13.220000
13.220000
13.220000
13.220000
13.220000
13.570000
13.570000
13.570000
13.570000
13.570000
13.570000
13.920000
13.920000
13.920000
13.920000
13.920000
13.920000
13.920000
13.920000
13.920000
13.920000
13.920000
13.920000
13.920000
14.280000
14.280000
14.280000
14.280000
14.280000
14.280000
14.280000
14.280000
14.630000
14.630000
14.630000
14.630000
14.630000
14.630000
14.630000
14.630000
14.630000
14.630000
14.630000
14.980000
14.980000
14.980000
14.980000
14.980000
14.980000
14.980000
14.980000
14.980000
14.980000
14.980000
14.980000
14.980000
14.980000
14.980000
15.330000
15.330000
15.330000
15.330000
15.330000
15.330000
15.330000
15.330000
15.330000
15.680000
15.680000
15.680000
15.680000
15.680000
15.680000
15.680000
15.680000
15.680000
15.680000
16.040001
16.040001
16.040001
16.040001
16.040001
16.040001
16.389999
16.389999
16.389999
16.389999
16.389999
16.389999
16.389999
16.389999
16.389999
16.389999
16.389999
16.389999
16.740000
16.740000
16.740000
16.740000
16.740000
16.740000
16.740000
16.740000
16.740000
16.740000
16.740000
16.740000
16.740000
16.740000
17.799999
17.799999
17.799999
17.799999
17.799999
17.799999
17.799999
17.799999
17.799999
17.799999
17.799999
18.860001
18.860001
18.860001
18.860001
18.860001
18.860001
18.860001
18.860001
18.860001
18.860001
19.930000
19.930000
19.930000
19.930000
19.930000
19.930000
19.930000
19.930000
19.930000
19.930000
19.930000
20.990000
20.990000
20.990000
20.990000
20.990000
20.990000
20.990000
22.049999
22.049999
22.049999
22.049999
23.110001
23.110001
23.110001
23.110001
23.110001
23.110001
23.110001
23.110001
23.110001
23.110001
23.110001
23.110001
23.110001
23.110001
23.110001
24.180000
24.180000
24.180000
24.180000
24.180000
24.180000
24.180000
24.180000
24.180000
25.240000
25.240000
25.240000
25.240000
25.240000
25.240000
25.240000
25.240000
25.240000
25.240000
25.240000
25.240000
25.240000
25.240000
25.240000
26.299999
26.299999
26.299999
26.299999
26.299999
26.299999
26.299999
26.299999
26.299999
26.299999
26.299999
26.299999
27.360001
27.360001
27.360001
27.360001
27.360001
27.360001
27.360001
27.360001
27.360001
27.360001
27.360001
27.360001
28.430000
28.430000
28.430000
28.430000
28.430000
28.430000
28.430000
28.430000
28.430000
29.490000
29.490000
29.490000
29.490000
29.490000
29.490000
29.490000
29.490000
29.490000
29.490000
29.490000
29.490000
30.549999
30.549999
30.549999
30.549999
30.549999
30.549999
30.549999
30.549999
30.549999
30.549999
30.549999
30.549999
30.549999
30.549999
30.549999
30.549999
31.610001
31.610001
31.610001
31.610001
31.610001
31.610001
31.610001
31.610001
31.610001
31.610001
31.610001
31.610001
31.610001
32.680000
32.680000
32.680000
32.680000
32.680000
32.680000
33.740002
33.740002
33.740002
33.740002
33.740002
33.740002
33.740002
33.740002
33.740002
33.740002
34.799999
34.799999
34.799999
34.799999
34.799999
34.799999
34.799999
34.799999
34.799999
34.799999
34.799999
34.799999
34.799999
34.799999
34.799999
34.799999
34.799999
35.860001
35.860001
35.860001
35.860001
35.860001
35.860001
35.860001
35.860001
35.860001
35.860001
35.860001
35.860001
36.930000
36.930000
36.930000
36.930000
36.930000
36.930000
36.930000
36.930000
36.930000
37.990002
37.990002
37.990002
37.990002
37.990002
37.990002
37.990002
37.990002
39.049999
39.049999
39.049999
39.049999
39.049999
39.049999
39.049999
39.049999
39.049999
40.110001
40.110001
40.110001
40.110001
40.110001
40.110001
40.110001
40.110001
40.110001
40.110001
40.110001
40.110001
41.169998
41.169998
41.169998
41.169998
41.169998
41.169998
41.169998
41.169998
41.169998
42.240002
42.240002
42.240002
42.240002
42.240002
42.240002
42.240002
42.240002
42.240002
43.299999
43.299999
43.299999
43.299999
43.299999
43.299999
43.299999
44.360001
44.360001
44.360001
44.360001
44.360001
44.360001
44.360001
44.360001
44.360001
45.419998
45.419998
45.419998
46.490002
46.490002
46.490002
46.490002
46.490002
46.490002
46.490002
46.490002
46.490002
46.490002
46.490002
47.549999
47.549999
47.549999
47.549999
47.549999
47.549999
47.549999
47.549999
47.549999
47.549999
47.549999
47.549999
47.549999
47.549999
47.549999
47.549999
48.610001
48.610001
48.610001
48.610001
48.610001
48.610001
48.610001
48.610001
48.610001
49.669998
49.669998
49.669998
49.669998
49.669998
49.669998
49.669998
50.740002
50.740002
50.740002
50.740002
50.740002
50.740002
50.740002
50.740002
50.740002
50.740002
51.799999
51.799999
51.799999
51.799999
51.799999
51.799999
51.799999
51.799999
51.799999
51.799999
52.860001
52.860001
52.860001
52.860001
52.860001
52.860001
53.919998
53.919998
53.919998
53.919998
53.919998
53.919998
53.919998
53.919998
53.919998
53.919998
53.919998
53.919998
53.919998
54.990002
54.990002
54.990002
54.990002
54.990002
54.990002
54.990002
54.990002
54.990002
54.990002
56.049999
56.049999
56.049999
56.049999
57.110001
57.110001
57.110001
57.110001
57.110001
57.110001
57.110001
57.110001
58.169998
58.169998
58.169998
58.169998
58.169998
58.169998
59.240002
59.240002
59.240002
59.240002
59.240002
59.240002
59.240002
59.240002
59.240002
59.240002
59.240002
59.240002
59.240002
59.240002
60.299999
60.299999
60.299999
60.299999
60.299999
60.299999
60.299999
61.360001
61.360001
61.360001
61.360001
61.360001
61.360001
61.360001
61.360001
61.360001
61.360001
61.360001
61.360001
61.360001
61.360001
61.360001
61.360001
62.419998
62.419998
62.419998
62.419998
62.419998
62.419998
62.419998
63.490002
63.490002
63.490002
63.490002
63.490002
63.490002
64.550003
64.550003
64.550003
64.550003
64.550003
64.550003
64.550003
72.959999
72.959999
72.959999
72.959999
72.959999
72.959999
72.959999
72.959999
72.959999
72.959999
72.959999
72.959999
72.959999
72.959999
72.959999
81.370003
81.370003
81.370003
81.370003
81.370003
81.370003
81.370003
89.779999
89.779999
89.779999
89.779999
89.779999
89.779999
89.779999
89.779999
89.779999
89.779999
89.779999
89.779999
98.190002
98.190002
98.190002
98.190002
98.190002
98.190002
98.190002
98.190002
98.190002
104.500000
104.500000
104.500000
104.500000
104.500000
104.500000
104.500000
104.500000
104.500000
104.500000
104.500000
104.500000
