0.000000
0.000000
0.000000
0.000000
0.000000
0.000000
0.000000
0.000000
0.000000
0.000000
0.000000
0.000000
0.000000
0.000000
0.000000
0.000000
0.000000
0.000000
0.000000
0.000000
0.000000
0.000000
0.000000
0.000000
0.000000
0.000000
0.000000
0.000000
0.000000
0.000000
0.000000
0.000000
0.000000
0.000000
0.000000
0.000000
0.000000
0.000000
0.000000
0.000000
0.000000
0.000000
0.000000
0.000000
0.000000
0.000000
0.000000
0.000000
0.000000
0.000000
0.000000
0.000000
0.000000
0.000000
0.000000
0.000000
0.000000
0.000000
0.149200
0.149200
0.149200
0.149200
0.149200
0.149200
0.149200
0.149200
0.253800
0.253800
0.253800
0.253800
0.253800
0.253800
0.253800
0.253800
0.253800
0.253800
0.253800
0.253800
0.253800
0.358500
0.358500
0.358500
0.358500
0.358500
0.358500
0.358500
0.358500
0.463100
0.463100
0.463100
0.463100
0.463100
0.463100
0.463100
0.463100
0.567700
0.567700
0.567700
0.567700
0.567700
0.567700
0.672300
0.672300
0.672300
0.672300
0.672300
0.672300
0.776900
0.776900
0.776900
0.776900
0.776900
0.776900
0.776900
0.776900
0.776900
0.776900
0.776900
0.881500
0.881500
0.881500
0.881500
0.881500
0.881500
0.881500
0.881500
0.881500
0.986100
0.986100
0.986100
0.986100
0.986100
0.986100
0.986100
0.986100
1.091000
1.091000
1.091000
1.091000
1.091000
1.195000
1.195000
1.195000
1.195000
1.195000
1.195000
1.195000
1.195000
1.195000
1.195000
1.195000
1.195000
1.195000
1.195000
1.300000
1.300000
1.300000
1.300000
1.300000
1.300000
1.300000
1.300000
1.300000
1.405000
1.405000
1.405000
1.405000
1.405000
1.405000
1.405000
1.405000
1.405000
1.405000
1.405000
1.405000
1.509000
1.509000
1.509000
1.509000
1.509000
1.509000
1.509000
1.509000
1.509000
1.509000
1.614000
1.614000
1.614000
1.614000
1.614000
1.614000
1.614000
1.614000
1.614000
1.718000
1.718000
1.718000
1.718000
1.718000
1.718000
1.718000
1.718000
1.718000
1.718000
1.718000
1.823000
1.823000
1.823000
1.823000
1.823000
1.823000
1.823000
1.823000
1.823000
1.823000
1.823000
1.823000
1.928000
1.928000
1.928000
1.928000
1.928000
1.928000
1.928000
1.928000
1.928000
1.928000
1.928000
1.928000
1.928000
1.928000
2.032000
2.032000
2.032000
2.032000
2.032000
2.032000
2.032000
2.032000
2.032000
2.032000
2.137000
2.137000
2.137000
2.137000
2.137000
2.137000
2.137000
2.137000
2.137000
2.137000
2.137000
2.137000
2.137000
2.241000
2.241000
2.241000
2.241000
2.241000
2.241000
2.346000
2.346000
2.346000
2.346000
2.346000
2.346000
2.346000
2.346000
2.346000
2.451000
2.451000
2.451000
2.451000
2.451000
2.451000
2.451000
2.451000
2.555000
2.555000
2.555000
2.555000
2.555000
2.555000
2.555000
2.555000
2.555000
2.555000
2.555000
2.555000
2.555000
2.555000
2.660000
2.660000
2.660000
2.660000
2.660000
2.660000
2.660000
2.660000
2.660000
2.660000
2.660000
2.765000
2.765000
2.765000
2.765000
2.765000
2.765000
2.765000
2.869000
2.869000
2.869000
2.869000
2.869000
2.869000
2.869000
2.869000
2.869000
2.869000
2.869000
2.869000
2.869000
2.869000
2.974000
2.974000
2.974000
2.974000
2.974000
2.974000
2.974000
3.078000
3.078000
3.078000
3.078000
3.078000
3.078000
3.078000
3.183000
3.183000
3.183000
3.183000
3.183000
3.183000
3.183000
3.288000
3.288000
3.288000
3.288000
3.288000
3.288000
3.288000
3.288000
3.288000
3.288000
3.392000
3.392000
3.392000
3.392000
3.392000
3.392000
3.392000
3.392000
3.392000
3.392000
3.392000
3.392000
3.392000
3.497000
3.497000
3.497000
3.497000
3.497000
3.497000
3.497000
3.497000
3.601000
3.601000
3.601000
3.601000
3.601000
3.706000
3.706000
3.706000
3.706000
3.706000
3.706000
3.706000
3.706000
3.811000
3.811000
3.811000
3.811000
3.811000
3.811000
3.915000
3.915000
3.915000
3.915000
3.915000
3.915000
3.915000
4.020000
4.020000
4.020000
4.020000
4.020000
4.020000
4.020000
4.020000
4.020000
4.124000
4.124000
4.124000
4.124000
4.124000
4.124000
4.124000
4.124000
4.124000
4.229000
4.229000
4.229000
4.229000
4.229000
4.229000
4.229000
4.229000
4.229000
4.229000
4.229000
4.229000
4.334000
4.334000
4.334000
4.334000
4.334000
4.334000
4.334000
4.334000
4.334000
4.438000
4.438000
4.438000
4.438000
4.438000
4.438000
4.438000
4.438000
4.438000
4.438000
4.543000
4.543000
4.543000
4.543000
4.543000
4.543000
4.648000
4.648000
4.648000
4.648000
4.648000
4.648000
4.648000
4.648000
4.648000
4.752000
4.752000
4.752000
4.752000
4.752000
4.752000
4.752000
4.752000
4.752000
4.752000
4.752000
4.752000
4.752000
4.752000
4.857000
4.857000
4.857000
4.857000
4.857000
4.857000
4.857000
4.857000
4.857000
4.857000
4.857000
4.857000
4.857000
5.422000
5.422000
5.422000
5.422000
5.422000
5.422000
5.422000
5.422000
5.422000
5.988000
5.988000
5.988000
5.988000
5.988000
5.988000
5.988000
5.988000
6.553000
6.553000
6.553000
6.553000
6.553000
6.553000
6.553000
6.553000
6.553000
7.119000
7.119000
7.119000
7.119000
7.119000
7.684000
7.684000
7.684000
7.684000
7.684000
7.684000
7.684000
7.684000
7.684000
7.684000
7.684000
7.684000
7.684000
7.684000
7.684000
7.684000
7.684000
8.250000
8.250000
8.250000
8.250000
8.250000
8.250000
8.250000
8.250000
8.815000
8.815000
8.815000
8.815000
8.815000
8.815000
8.815000
8.815000
8.815000
9.381000
9.381000
9.381000
9.381000
9.381000
9.381000
9.381000
9.381000
9.381000
9.381000
9.946000
9.946000
9.946000
9.946000
9.946000
9.946000
9.946000
9.946000
10.510000
10.510000
10.510000
10.510000
10.510000
10.510000
10.510000
11.080000
11.080000
11.080000
11.080000
11.080000
11.080000
11.080000
11.640000
11.640000
12.210000
12.210000
12.210000
12.210000
12.210000
12.210000
12.210000
12.210000
12.210000
12.210000
12.770000
12.770000
12.770000
12.770000
12.770000
12.770000
12.770000
12.770000
12.770000
12.770000
12.770000
12.770000
13.340000
13.340000
13.340000
13.340000
13.340000
13.340000
13.340000
13.340000
13.340000
13.340000
13.340000
13.340000
13.910000
13.910000
13.910000
13.910000
13.910000
13.910000
13.910000
13.910000
14.470000
14.470000
14.470000
14.470000
14.470000
14.470000
14.470000
14.470000
14.470000
14.470000
14.470000
14.470000
14.470000
14.470000
14.470000
14.470000
14.470000
15.040000
15.040000
15.040000
15.040000
15.040000
15.040000
15.040000
15.040000
15.040000
15.040000
15.040000
15.600000
15.600000
15.600000
15.600000
15.600000
15.600000
15.600000
15.600000
16.170000
16.170000
16.170000
16.170000
16.170000
16.170000
16.170000
16.170000
16.730000
16.730000
16.730000
16.730000
16.730000
16.730000
16.730000
16.730000
17.299999
17.299999
17.299999
17.299999
17.299999
17.299999
17.860001
17.860001
17.860001
17.860001
17.860001
17.860001
17.860001
17.860001
17.860001
17.860001
17.860001
18.430000
18.430000
18.430000
18.430000
18.430000
18.430000
18.430000
18.430000
18.430000
18.990000
18.990000
18.990000
18.990000
18.990000
18.990000
18.990000
18.990000
18.990000
18.990000
18.990000
18.990000
19.559999
19.559999
19.559999
19.559999
19.559999
19.559999
19.559999
19.559999
19.559999
19.559999
19.559999
19.559999
20.129999
20.129999
20.129999
20.129999
20.129999
20.129999
20.129999
20.129999
20.690001
20.690001
20.690001
20.690001
20.690001
20.690001
20.690001
20.690001
20.690001
20.690001
20.690001
20.690001
20.690001
20.690001
21.260000
21.260000
21.260000
21.260000
21.260000
21.260000
21.260000
21.260000
21.260000
21.260000
21.260000
21.260000
21.820000
21.820000
21.820000
21.820000
21.820000
21.820000
21.820000
21.820000
21.820000
21.820000
21.820000
21.820000
21.820000
22.389999
22.389999
22.389999
22.389999
22.389999
22.389999
22.389999
22.950001
22.950001
22.950001
22.950001
22.950001
22.950001
23.520000
23.520000
23.520000
23.520000
23.520000
23.520000
23.520000
24.080000
24.080000
24.080000
24.080000
24.080000
24.080000
24.080000
24.080000
24.080000
24.080000
24.080000
24.080000
24.650000
24.650000
24.650000
24.650000
24.650000
24.650000
24.650000
24.650000
24.650000
24.650000
24.650000
24.650000
24.650000
24.650000
24.650000
25.219999
25.219999
25.219999
25.219999
25.219999
25.219999
25.219999
25.219999
25.219999
25.219999
25.219999
25.219999
25.219999
25.219999
25.219999
25.780001
25.780001
25.780001
25.780001
25.780001
25.780001
25.780001
25.780001
25.780001
25.780001
25.780001
25.780001
26.350000
26.350000
26.350000
26.350000
26.350000
26.350000
26.350000
26.350000
26.910000
26.910000
26.910000
26.910000
26.910000
26.910000
26.910000
26.910000
26.910000
26.910000
26.910000
26.910000
26.910000
26.910000
27.480000
27.480000
27.480000
27.480000
27.480000
27.480000
27.480000
27.480000
27.480000
27.480000
27.480000
28.040001
28.040001
28.040001
28.040001
28.040001
28.040001
28.040001
28.040001
28.040001
28.040001
28.610001
28.610001
28.610001
28.610001
28.610001
28.610001
28.610001
28.610001
28.610001
28.610001
28.610001
28.610001
28.610001
28.610001
28.610001
28.610001
28.610001
29.170000
29.170000
29.170000
29.170000
29.170000
29.170000
29.170000
29.170000
29.170000
29.170000
29.170000
29.170000
29.740000
29.740000
29.740000
29.740000
29.740000
29.740000
29.740000
29.740000
29.740000
29.740000
30.299999
30.299999
30.299999
30.299999
30.299999
30.299999
30.299999
30.299999
30.299999
30.299999
30.299999
30.299999
30.299999
33.980000
33.980000
33.980000
33.980000
33.980000
33.980000
33.980000
33.980000
33.980000
37.660000
37.660000
37.660000
37.660000
37.660000
37.660000
37.660000
37.660000
37.660000
37.660000
41.340000
41.340000
41.340000
41.340000
41.340000
41.340000
41.340000
41.340000
41.340000
41.340000
41.340000
45.009998
45.009998
45.009998
45.009998
45.009998
45.009998
45.009998
47.770000
47.770000
47.770000
47.770000
47.770000
47.770000
47.770000
47.770000
47.770000
47.770000
47.770000
47.770000
