0.000000
0.000000
0.000000
0.000000
0.000000
0.000000
0.000000
0.000000
0.000000
0.000000
0.000000
0.000000
0.000000
0.000000
0.000000
0.000000
0.000000
0.000000
0.000000
0.000000
0.000000
0.000000
0.000000
0.000000
0.000000
0.000000
0.000000
0.000000
0.000000
0.000000
0.000000
0.000000
0.000000
0.000000
0.000000
0.000000
0.000000
0.000000
0.000000
0.000000
0.000000
0.000000
0.000000
0.000000
0.000000
0.000000
0.000000
0.000000
0.000000
0.000000
0.000000
0.000000
0.000000
1.009000
1.009000
1.009000
1.009000
1.009000
1.009000
1.009000
1.009000
1.009000
1.401000
1.401000
1.401000
1.401000
1.401000
1.401000
1.401000
1.794000
1.794000
1.794000
1.794000
1.794000
1.794000
1.794000
1.794000
1.794000
1.794000
1.794000
1.794000
2.186000
2.186000
2.186000
2.186000
2.186000
2.186000
2.186000
2.186000
2.186000
2.579000
2.579000
2.579000
2.579000
2.579000
2.579000
2.579000
2.579000
2.579000
2.971000
2.971000
2.971000
2.971000
2.971000
2.971000
2.971000
2.971000
2.971000
2.971000
2.971000
3.364000
3.364000
3.364000
3.364000
3.364000
3.756000
3.756000
3.756000
3.756000
3.756000
3.756000
3.756000
4.149000
4.149000
4.149000
4.149000
4.149000
4.149000
4.149000
4.149000
4.541000
4.541000
4.541000
4.541000
4.541000
4.541000
4.541000
4.541000
4.934000
4.934000
4.934000
4.934000
4.934000
4.934000
4.934000
4.934000
4.934000
4.934000
4.934000
4.934000
4.934000
5.326000
5.326000
5.326000
5.326000
5.326000
5.326000
5.326000
5.718000
5.718000
5.718000
5.718000
5.718000
5.718000
5.718000
5.718000
5.718000
5.718000
6.111000
6.111000
6.111000
6.111000
6.111000
6.503000
6.503000
6.503000
6.503000
6.503000
6.503000
6.503000
6.503000
6.503000
6.503000
6.503000
6.503000
6.503000
6.503000
6.896000
6.896000
6.896000
6.896000
6.896000
6.896000
6.896000
6.896000
6.896000
6.896000
6.896000
7.288000
7.288000
7.288000
7.288000
7.288000
7.288000
7.288000
7.288000
7.681000
7.681000
7.681000
7.681000
7.681000
7.681000
7.681000
7.681000
7.681000
7.681000
7.681000
7.681000
8.073000
8.073000
8.073000
8.073000
8.073000
8.073000
8.073000
8.073000
8.073000
8.073000
8.073000
8.073000
8.466000
8.466000
8.466000
8.466000
8.466000
8.466000
8.466000
8.858000
8.858000
8.858000
8.858000
8.858000
8.858000
8.858000
9.251000
9.251000
9.251000
9.251000
9.251000
9.251000
9.251000
9.251000
9.251000
9.251000
9.251000
9.251000
9.251000
9.251000
9.643000
9.643000
9.643000
9.643000
9.643000
9.643000
9.643000
9.643000
10.040000
10.040000
10.040000
10.040000
10.040000
10.040000
10.040000
10.040000
10.040000
10.040000
10.040000
10.430000
10.430000
10.430000
10.430000
10.430000
10.430000
10.820000
10.820000
10.820000
10.820000
10.820000
10.820000
10.820000
10.820000
10.820000
10.820000
11.210000
11.210000
11.210000
11.210000
11.210000
11.210000
11.210000
11.210000
11.210000
11.210000
11.210000
11.210000
11.210000
11.210000
11.610000
11.610000
11.610000
11.610000
11.610000
11.610000
11.610000
11.610000
11.610000
11.610000
11.610000
12.000000
12.000000
12.000000
12.000000
12.000000
12.000000
12.000000
12.000000
12.000000
12.000000
12.000000
12.390000
12.390000
12.390000
12.390000
12.390000
12.390000
12.390000
12.390000
12.390000
12.390000
12.780000
12.780000
12.780000
12.780000
12.780000
13.180000
13.180000
13.180000
13.180000
13.180000
13.180000
13.180000
13.180000
13.570000
13.570000
13.570000
13.570000
13.570000
13.570000
13.570000
13.960000
13.960000
13.960000
13.960000
13.960000
13.960000
13.960000
13.960000
13.960000
13.960000
14.350000
14.350000
14.350000
14.350000
14.350000
14.350000
14.350000
14.750000
14.750000
14.750000
14.750000
14.750000
14.750000
14.750000
14.750000
14.750000
15.140000
15.140000
15.140000
15.140000
15.140000
15.140000
15.140000
15.140000
15.140000
15.140000
15.140000
15.140000
15.140000
15.140000
15.140000
15.140000
15.530000
15.530000
15.530000
15.530000
15.530000
15.530000
15.530000
15.530000
15.530000
15.530000
15.530000
15.530000
15.530000
15.530000
15.530000
15.530000
15.530000
15.920000
15.920000
15.920000
15.920000
15.920000
15.920000
15.920000
15.920000
15.920000
16.320000
16.320000
16.320000
16.320000
16.320000
16.320000
16.320000
16.320000
16.709999
16.709999
16.709999
16.709999
16.709999
16.709999
16.709999
17.100000
17.100000
17.100000
17.100000
17.100000
17.490000
17.490000
17.490000
17.490000
17.490000
17.490000
17.490000
17.490000
17.490000
17.490000
17.879999
17.879999
17.879999
17.879999
17.879999
17.879999
17.879999
17.879999
17.879999
18.280001
18.280001
18.280001
18.280001
18.280001
18.280001
18.280001
18.280001
18.280001
18.280001
18.280001
18.280001
18.280001
18.280001
18.280001
18.670000
18.670000
18.670000
18.670000
18.670000
18.670000
18.670000
19.840000
19.840000
19.840000
19.840000
19.840000
19.840000
21.000000
21.000000
21.000000
21.000000
21.000000
21.000000
21.000000
21.000000
21.000000
21.000000
22.170000
22.170000
22.170000
22.170000
22.170000
22.170000
22.170000
23.330000
23.330000
23.330000
23.330000
23.330000
23.330000
23.330000
23.330000
23.330000
23.330000
24.500000
24.500000
24.500000
24.500000
24.500000
24.500000
25.660000
25.660000
25.660000
25.660000
25.660000
25.660000
25.660000
25.660000
25.660000
26.830000
26.830000
26.830000
26.830000
26.830000
26.830000
26.830000
26.830000
26.830000
26.830000
26.830000
26.830000
26.830000
27.990000
27.990000
27.990000
27.990000
27.990000
27.990000
27.990000
27.990000
27.990000
29.160000
29.160000
29.160000
29.160000
29.160000
29.160000
29.160000
29.160000
29.160000
29.160000
29.160000
29.160000
29.160000
29.160000
30.320000
30.320000
30.320000
30.320000
30.320000
30.320000
30.320000
30.320000
30.320000
30.320000
30.320000
30.320000
31.490000
31.490000
31.490000
31.490000
31.490000
31.490000
31.490000
31.490000
31.490000
31.490000
31.490000
31.490000
31.490000
31.490000
31.490000
31.490000
32.650002
32.650002
32.650002
32.650002
32.650002
32.650002
32.650002
32.650002
32.650002
32.650002
32.650002
32.650002
32.650002
32.650002
32.650002
32.650002
32.650002
33.820000
33.820000
33.820000
33.820000
33.820000
33.820000
33.820000
33.820000
33.820000
33.820000
33.820000
33.820000
34.980000
34.980000
34.980000
34.980000
34.980000
34.980000
34.980000
36.150002
36.150002
36.150002
36.150002
36.150002
36.150002
36.150002
36.150002
36.150002
36.150002
36.150002
37.310001
37.310001
37.310001
37.310001
37.310001
37.310001
37.310001
37.310001
37.310001
37.310001
37.310001
38.480000
38.480000
38.480000
38.480000
38.480000
38.480000
39.639999
39.639999
39.639999
39.639999
39.639999
39.639999
39.639999
39.639999
39.639999
39.639999
39.639999
39.639999
40.810001
40.810001
40.810001
40.810001
40.810001
40.810001
40.810001
41.970001
41.970001
41.970001
41.970001
41.970001
41.970001
41.970001
43.139999
43.139999
43.139999
43.139999
43.139999
43.139999
43.139999
43.139999
43.139999
43.139999
43.139999
43.139999
43.139999
43.139999
43.139999
43.139999
44.299999
44.299999
44.299999
44.299999
44.299999
44.299999
44.299999
45.470001
45.470001
45.470001
45.470001
45.470001
45.470001
45.470001
45.470001
45.470001
45.470001
46.639999
46.639999
46.639999
46.639999
46.639999
46.639999
46.639999
46.639999
47.799999
47.799999
47.799999
47.799999
47.799999
47.799999
47.799999
47.799999
47.799999
47.799999
47.799999
47.799999
47.799999
47.799999
47.799999
47.799999
47.799999
47.799999
48.970001
48.970001
48.970001
48.970001
48.970001
48.970001
48.970001
48.970001
48.970001
48.970001
48.970001
48.970001
48.970001
50.130001
50.130001
50.130001
50.130001
50.130001
51.299999
51.299999
51.299999
51.299999
51.299999
51.299999
51.299999
51.299999
52.459999
52.459999
52.459999
52.459999
52.459999
52.459999
52.459999
52.459999
52.459999
52.459999
52.459999
53.630001
53.630001
53.630001
53.630001
53.630001
53.630001
53.630001
53.630001
53.630001
53.630001
54.790001
54.790001
54.790001
54.790001
54.790001
54.790001
54.790001
54.790001
54.790001
54.790001
54.790001
55.959999
55.959999
55.959999
55.959999
55.959999
55.959999
55.959999
55.959999
55.959999
55.959999
55.959999
57.119999
57.119999
57.119999
57.119999
57.119999
57.119999
57.119999
57.119999
58.290001
58.290001
58.290001
58.290001
58.290001
58.290001
58.290001
59.450001
59.450001
59.450001
59.450001
59.450001
59.450001
59.450001
59.450001
59.450001
59.450001
59.450001
60.619999
60.619999
60.619999
60.619999
60.619999
60.619999
60.619999
60.619999
60.619999
60.619999
60.619999
60.619999
61.779999
61.779999
61.779999
61.779999
61.779999
61.779999
61.779999
62.950001
62.950001
62.950001
62.950001
62.950001
62.950001
62.950001
62.950001
64.110001
64.110001
64.110001
64.110001
64.110001
64.110001
64.110001
64.110001
64.110001
64.110001
64.110001
65.279999
65.279999
65.279999
65.279999
65.279999
65.279999
65.279999
65.279999
65.279999
65.279999
65.279999
65.279999
65.279999
65.279999
65.279999
65.279999
65.279999
65.279999
65.279999
65.279999
66.440002
66.440002
66.440002
66.440002
66.440002
67.610001
67.610001
67.610001
67.610001
67.610001
67.610001
67.610001
67.610001
67.610001
67.610001
68.769997
68.769997
68.769997
68.769997
68.769997
68.769997
68.769997
68.769997
68.769997
68.769997
68.769997
68.769997
68.769997
69.940002
69.940002
69.940002
69.940002
69.940002
69.940002
71.110001
71.110001
71.110001
71.110001
71.110001
71.110001
71.110001
71.110001
71.110001
79.290001
79.290001
79.290001
79.290001
79.290001
79.290001
79.290001
79.290001
79.290001
79.290001
79.290001
87.480003
87.480003
87.480003
87.480003
87.480003
87.480003
87.480003
87.480003
87.480003
87.480003
87.480003
87.480003
95.669998
95.669998
95.669998
95.669998
95.669998
95.669998
95.669998
95.669998
95.669998
95.669998
95.669998
95.669998
95.669998
95.669998
95.669998
95.669998
95.669998
103.900002
103.900002
103.900002
103.900002
103.900002
103.900002
103.900002
110.000000
110.000000
110.000000
110.000000
110.000000
110.000000
110.000000
110.000000
