0.000000
0.000000
0.000000
0.000000
0.000000
0.000000
0.000000
0.000000
0.000000
0.000000
0.000000
0.000000
0.000000
0.000000
0.000000
0.000000
0.000000
0.000000
0.000000
0.000000
0.000000
0.000000
0.000000
0.000000
0.000000
0.000000
0.000000
0.000000
0.000000
0.000000
0.000000
0.000000
0.000000
0.000000
0.000000
0.000000
0.000000
0.000000
0.000000
0.000000
0.000000
0.000000
0.000000
0.000000
0.000000
0.000000
0.000000
0.000000
0.000000
0.000000
0.000000
0.216900
0.216900
0.216900
0.216900
0.216900
0.216900
0.216900
0.216900
0.216900
0.216900
0.216900
0.216900
0.384300
0.384300
0.384300
0.384300
0.384300
0.384300
0.384300
0.384300
0.551600
0.551600
0.551600
0.551600
0.551600
0.551600
0.551600
0.551600
0.551600
0.719000
0.719000
0.719000
0.719000
0.719000
0.719000
0.719000
0.886400
0.886400
0.886400
0.886400
0.886400
0.886400
0.886400
0.886400
1.054000
1.054000
1.054000
1.054000
1.054000
1.054000
1.054000
1.054000
1.054000
1.054000
1.054000
1.221000
1.221000
1.221000
1.221000
1.221000
1.221000
1.221000
1.221000
1.221000
1.388000
1.388000
1.388000
1.388000
1.388000
1.388000
1.388000
1.388000
1.388000
1.388000
1.388000
1.556000
1.556000
1.556000
1.556000
1.556000
1.556000
1.723000
1.723000
1.723000
1.723000
1.891000
1.891000
1.891000
2.058000
2.058000
2.058000
2.058000
2.058000
2.058000
2.058000
2.058000
2.058000
2.225000
2.225000
2.225000
2.225000
2.225000
2.225000
2.225000
2.225000
2.225000
2.225000
2.393000
2.393000
2.393000
2.393000
2.393000
2.393000
2.393000
2.393000
2.393000
2.560000
2.560000
2.560000
2.560000
2.560000
2.560000
2.560000
2.560000
2.560000
2.560000
2.727000
2.727000
2.727000
2.727000
2.727000
2.727000
2.727000
2.727000
2.895000
2.895000
2.895000
2.895000
2.895000
2.895000
2.895000
2.895000
2.895000
3.062000
3.062000
3.062000
3.062000
3.062000
3.062000
3.062000
3.062000
3.062000
3.062000
3.229000
3.229000
3.229000
3.229000
3.229000
3.229000
3.229000
3.229000
3.229000
3.229000
3.229000
3.229000
3.397000
3.397000
3.397000
3.397000
3.397000
3.397000
3.397000
3.397000
3.397000
3.397000
3.397000
3.564000
3.564000
3.564000
3.564000
3.564000
3.564000
3.732000
3.732000
3.732000
3.732000
3.732000
3.732000
3.732000
3.732000
3.899000
3.899000
3.899000
3.899000
3.899000
3.899000
3.899000
3.899000
3.899000
3.899000
3.899000
4.066000
4.066000
4.066000
4.066000
4.066000
4.066000
4.066000
4.066000
4.066000
4.066000
4.066000
4.234000
4.234000
4.234000
4.234000
4.234000
4.234000
4.234000
4.234000
4.234000
4.234000
4.234000
4.234000
4.401000
4.401000
4.401000
4.401000
4.401000
4.401000
4.401000
4.401000
4.401000
4.401000
4.401000
4.401000
4.401000
4.568000
4.568000
4.568000
4.568000
4.568000
4.568000
4.568000
4.568000
4.568000
4.568000
4.736000
4.736000
4.736000
4.736000
4.736000
4.736000
4.736000
4.736000
4.736000
4.736000
4.903000
4.903000
4.903000
4.903000
4.903000
4.903000
4.903000
4.903000
4.903000
5.071000
5.071000
5.071000
5.071000
5.071000
5.071000
5.071000
5.071000
5.238000
5.238000
5.238000
5.238000
5.238000
5.238000
5.238000
5.238000
5.238000
5.405000
5.405000
5.405000
5.405000
5.405000
5.405000
5.405000
5.405000
5.405000
5.405000
5.573000
5.573000
5.573000
5.573000
5.573000
5.573000
5.573000
5.573000
5.573000
5.573000
5.573000
5.740000
5.740000
5.740000
5.740000
5.740000
5.740000
5.740000
5.740000
5.740000
5.740000
5.740000
5.740000
5.740000
5.740000
5.740000
5.740000
5.907000
5.907000
5.907000
5.907000
5.907000
5.907000
5.907000
5.907000
5.907000
5.907000
6.075000
6.075000
6.075000
6.075000
6.075000
6.075000
6.075000
6.075000
6.075000
6.075000
6.075000
6.242000
6.242000
6.242000
6.242000
6.242000
6.242000
6.242000
6.242000
6.242000
6.242000
6.242000
6.242000
6.242000
6.409000
6.409000
6.409000
6.409000
6.409000
6.409000
6.409000
6.409000
6.409000
6.409000
6.409000
6.577000
6.577000
6.577000
6.577000
6.577000
6.577000
6.577000
6.577000
6.577000
6.577000
6.577000
6.744000
6.744000
6.744000
6.744000
6.744000
6.744000
6.912000
6.912000
6.912000
6.912000
6.912000
6.912000
6.912000
6.912000
6.912000
6.912000
6.912000
6.912000
6.912000
6.912000
6.912000
6.912000
6.912000
6.912000
7.079000
7.079000
7.079000
7.079000
7.079000
7.079000
7.079000
7.079000
7.246000
7.246000
7.246000
7.246000
7.246000
7.246000
7.246000
7.246000
7.414000
7.414000
7.414000
7.414000
7.414000
7.414000
7.581000
7.581000
7.581000
7.581000
7.581000
7.581000
7.581000
7.581000
7.581000
7.581000
7.748000
7.748000
7.748000
7.748000
7.748000
7.748000
7.748000
7.748000
8.653000
8.653000
8.653000
8.653000
8.653000
8.653000
8.653000
8.653000
8.653000
8.653000
8.653000
8.653000
9.557000
9.557000
9.557000
9.557000
9.557000
9.557000
9.557000
9.557000
9.557000
10.460000
10.460000
10.460000
10.460000
10.460000
10.460000
10.460000
10.460000
10.460000
10.460000
10.460000
10.460000
10.460000
11.370000
11.370000
11.370000
11.370000
11.370000
11.370000
11.370000
11.370000
11.370000
11.370000
11.370000
12.270000
12.270000
12.270000
12.270000
12.270000
12.270000
12.270000
12.270000
12.270000
12.270000
12.270000
12.270000
12.270000
13.170000
13.170000
13.170000
13.170000
13.170000
13.170000
13.170000
13.170000
13.170000
13.170000
14.080000
14.080000
14.080000
14.080000
14.080000
14.080000
14.980000
14.980000
14.980000
14.980000
14.980000
14.980000
14.980000
14.980000
14.980000
14.980000
14.980000
14.980000
15.890000
15.890000
15.890000
15.890000
15.890000
15.890000
15.890000
15.890000
15.890000
16.790001
16.790001
16.790001
16.790001
16.790001
16.790001
16.790001
16.790001
17.700001
17.700001
17.700001
17.700001
17.700001
17.700001
17.700001
17.700001
17.700001
17.700001
17.700001
17.700001
17.700001
17.700001
18.600000
18.600000
18.600000
18.600000
18.600000
18.600000
18.600000
18.600000
18.600000
18.600000
18.600000
18.600000
18.600000
18.600000
19.500000
19.500000
19.500000
19.500000
19.500000
19.500000
19.500000
19.500000
20.410000
20.410000
20.410000
20.410000
20.410000
20.410000
20.410000
20.410000
20.410000
20.410000
20.410000
20.410000
20.410000
20.410000
21.309999
21.309999
21.309999
21.309999
21.309999
21.309999
21.309999
21.309999
21.309999
21.309999
21.309999
21.309999
21.309999
21.309999
21.309999
21.309999
21.309999
21.309999
21.309999
21.309999
21.309999
22.219999
22.219999
22.219999
22.219999
22.219999
22.219999
22.219999
22.219999
22.219999
22.219999
22.219999
23.120001
23.120001
23.120001
23.120001
23.120001
23.120001
23.120001
23.120001
23.120001
23.120001
23.120001
23.120001
23.120001
24.020000
24.020000
24.020000
24.020000
24.020000
24.020000
24.020000
24.020000
24.020000
24.020000
24.020000
24.020000
24.020000
24.020000
24.930000
24.930000
24.930000
24.930000
24.930000
24.930000
24.930000
24.930000
24.930000
25.830000
25.830000
25.830000
25.830000
25.830000
26.740000
26.740000
26.740000
26.740000
26.740000
26.740000
26.740000
27.639999
27.639999
27.639999
27.639999
27.639999
27.639999
27.639999
27.639999
28.549999
28.549999
28.549999
28.549999
28.549999
28.549999
28.549999
29.450001
29.450001
29.450001
29.450001
29.450001
29.450001
29.450001
29.450001
29.450001
30.350000
30.350000
30.350000
30.350000
30.350000
30.350000
30.350000
30.350000
30.350000
31.260000
31.260000
31.260000
31.260000
31.260000
31.260000
31.260000
31.260000
31.260000
31.260000
31.260000
32.160000
32.160000
32.160000
32.160000
32.160000
32.160000
32.160000
32.160000
32.160000
32.160000
32.160000
32.160000
33.070000
33.070000
33.070000
33.070000
33.070000
33.070000
33.070000
33.970001
33.970001
33.970001
33.970001
33.970001
33.970001
33.970001
33.970001
34.880001
34.880001
34.880001
34.880001
34.880001
34.880001
34.880001
34.880001
34.880001
34.880001
34.880001
34.880001
35.779999
35.779999
35.779999
35.779999
35.779999
35.779999
35.779999
35.779999
35.779999
35.779999
35.779999
35.779999
36.680000
36.680000
36.680000
36.680000
36.680000
36.680000
36.680000
36.680000
36.680000
36.680000
37.590000
37.590000
37.590000
37.590000
38.490002
38.490002
38.490002
38.490002
38.490002
38.490002
38.490002
38.490002
38.490002
38.490002
38.490002
38.490002
38.490002
38.490002
39.400002
39.400002
39.400002
39.400002
39.400002
39.400002
39.400002
39.400002
39.400002
39.400002
40.299999
40.299999
40.299999
40.299999
40.299999
40.299999
40.299999
40.299999
41.209999
41.209999
41.209999
41.209999
41.209999
41.209999
41.209999
41.209999
41.209999
42.110001
42.110001
42.110001
42.110001
42.110001
42.110001
42.110001
42.110001
42.110001
42.110001
42.110001
42.110001
42.110001
42.110001
42.110001
43.009998
43.009998
43.009998
43.009998
43.009998
43.009998
43.009998
43.009998
43.009998
43.009998
43.009998
43.919998
43.919998
43.919998
43.919998
43.919998
43.919998
44.820000
44.820000
44.820000
44.820000
44.820000
45.730000
45.730000
45.730000
45.730000
45.730000
45.730000
45.730000
45.730000
45.730000
45.730000
46.630001
46.630001
46.630001
46.630001
46.630001
46.630001
46.630001
47.540001
47.540001
47.540001
47.540001
47.540001
47.540001
47.540001
47.540001
47.540001
47.540001
47.540001
48.439999
48.439999
48.439999
48.439999
48.439999
48.439999
48.439999
48.439999
48.439999
52.459999
52.459999
52.459999
52.459999
52.459999
52.459999
52.459999
52.459999
52.459999
52.459999
52.459999
56.470001
56.470001
56.470001
56.470001
56.470001
56.470001
56.470001
56.470001
56.470001
56.470001
56.470001
56.470001
56.470001
60.490002
60.490002
60.490002
60.490002
60.490002
60.490002
60.490002
60.490002
60.490002
60.490002
64.500000
64.500000
64.500000
64.500000
64.500000
64.500000
64.500000
64.500000
64.500000
67.510002
67.510002
67.510002
67.510002
67.510002
67.510002
67.510002
67.510002
67.510002
