0.000000
0.000000
0.000000
0.000000
0.000000
0.000000
0.000000
0.000000
0.000000
0.000000
0.000000
0.000000
0.000000
0.000000
0.000000
0.000000
0.000000
0.000000
0.000000
0.000000
0.000000
0.000000
0.000000
0.000000
0.000000
0.000000
0.000000
0.000000
0.000000
0.000000
0.000000
0.000000
0.000000
0.000000
0.000000
0.000000
0.000000
0.000000
0.000000
0.000000
0.000000
0.000000
0.000000
0.000000
0.000000
0.000000
0.000000
0.119500
0.119500
0.119500
0.119500
0.119500
0.119500
0.119500
0.119500
0.119500
0.119500
0.119500
0.119500
0.178300
0.178300
0.178300
0.178300
0.178300
0.178300
0.178300
0.178300
0.178300
0.237100
0.237100
0.237100
0.237100
0.237100
0.237100
0.237100
0.237100
0.237100
0.237100
0.237100
0.237100
0.237100
0.296000
0.296000
0.296000
0.296000
0.296000
0.296000
0.296000
0.296000
0.354800
0.354800
0.354800
0.354800
0.354800
0.354800
0.413600
0.413600
0.413600
0.413600
0.413600
0.413600
0.413600
0.413600
0.413600
0.413600
0.472400
0.472400
0.472400
0.472400
0.472400
0.472400
0.472400
0.472400
0.472400
0.472400
0.531300
0.531300
0.531300
0.531300
0.531300
0.531300
0.590100
0.590100
0.590100
0.590100
0.590100
0.590100
0.590100
0.590100
0.590100
0.590100
0.590100
0.590100
0.590100
0.590100
0.590100
0.590100
0.590100
0.590100
0.648900
0.648900
0.648900
0.648900
0.648900
0.648900
0.648900
0.648900
0.707700
0.707700
0.707700
0.707700
0.707700
0.707700
0.707700
0.707700
0.707700
0.766600
0.766600
0.766600
0.766600
0.766600
0.766600
0.825400
0.825400
0.825400
0.825400
0.825400
0.825400
0.825400
0.825400
0.825400
0.825400
0.825400
0.884200
0.884200
0.884200
0.884200
0.884200
0.884200
0.884200
0.943100
0.943100
0.943100
0.943100
0.943100
0.943100
0.943100
0.943100
0.943100
0.943100
0.943100
0.943100
1.002000
1.002000
1.002000
1.002000
1.002000
1.002000
1.002000
1.002000
1.002000
1.002000
1.002000
1.002000
1.002000
1.002000
1.061000
1.061000
1.061000
1.061000
1.061000
1.061000
1.061000
1.061000
1.061000
1.061000
1.061000
1.061000
1.061000
1.120000
1.120000
1.120000
1.120000
1.120000
1.120000
1.178000
1.178000
1.178000
1.178000
1.178000
1.178000
1.178000
1.178000
1.178000
1.178000
1.237000
1.237000
1.237000
1.237000
1.237000
1.237000
1.237000
1.237000
1.237000
1.237000
1.237000
1.237000
1.237000
1.237000
1.237000
1.237000
1.237000
1.237000
1.296000
1.296000
1.296000
1.296000
1.296000
1.296000
1.296000
1.296000
1.296000
1.355000
1.355000
1.355000
1.355000
1.355000
1.355000
1.355000
1.355000
1.355000
1.355000
1.355000
1.355000
1.355000
1.355000
1.355000
1.414000
1.414000
1.414000
1.414000
1.414000
1.414000
1.414000
1.414000
1.414000
1.414000
1.472000
1.472000
1.472000
1.472000
1.472000
1.472000
1.472000
1.531000
1.531000
1.531000
1.531000
1.531000
1.590000
1.590000
1.590000
1.590000
1.590000
1.590000
1.590000
1.590000
1.590000
1.590000
1.590000
1.649000
1.649000
1.649000
1.649000
1.649000
1.649000
1.649000
1.649000
1.649000
1.649000
1.649000
1.649000
1.649000
1.649000
1.649000
1.649000
1.708000
1.708000
1.708000
1.708000
1.708000
1.708000
1.708000
1.708000
1.708000
1.708000
1.767000
1.767000
1.767000
1.767000
1.767000
1.767000
1.767000
1.767000
1.825000
1.825000
1.825000
1.825000
1.825000
1.825000
1.825000
1.825000
1.884000
1.884000
1.884000
1.884000
1.884000
1.884000
1.943000
1.943000
1.943000
1.943000
1.943000
1.943000
1.943000
1.943000
1.943000
2.002000
2.002000
2.002000
2.002000
2.002000
2.002000
2.002000
2.002000
2.002000
2.002000
2.061000
2.061000
2.061000
2.061000
2.061000
2.061000
2.061000
2.061000
2.061000
2.061000
2.061000
2.061000
2.120000
2.120000
2.120000
2.120000
2.120000
2.178000
2.178000
2.178000
2.178000
2.178000
2.178000
2.178000
2.178000
2.178000
2.237000
2.237000
2.237000
2.237000
2.237000
2.237000
2.237000
2.237000
2.296000
2.296000
2.296000
2.296000
2.296000
2.296000
2.296000
2.355000
2.355000
2.355000
2.355000
2.355000
2.355000
2.355000
2.355000
2.355000
2.355000
2.355000
2.414000
2.414000
2.414000
2.414000
2.414000
2.414000
2.414000
2.414000
2.414000
2.473000
2.473000
2.473000
2.473000
2.473000
2.473000
2.473000
2.473000
2.473000
2.473000
2.473000
2.473000
2.473000
2.531000
2.531000
2.531000
2.531000
2.531000
2.590000
2.590000
2.590000
2.590000
2.590000
2.590000
2.590000
2.590000
2.590000
2.590000
2.590000
2.649000
2.649000
2.649000
2.649000
2.649000
2.649000
2.649000
2.649000
2.649000
2.649000
2.708000
2.708000
2.708000
2.708000
2.708000
2.708000
2.708000
2.708000
2.767000
2.767000
2.767000
2.767000
2.767000
2.767000
2.767000
2.767000
2.767000
2.767000
2.767000
2.767000
4.189000
4.189000
4.189000
4.189000
4.189000
4.189000
4.189000
4.189000
4.189000
4.189000
4.189000
4.189000
4.189000
5.611000
5.611000
5.611000
5.611000
5.611000
5.611000
5.611000
5.611000
5.611000
5.611000
7.032000
7.032000
7.032000
7.032000
7.032000
7.032000
7.032000
7.032000
8.454000
8.454000
8.454000
8.454000
8.454000
8.454000
8.454000
8.454000
8.454000
8.454000
8.454000
8.454000
9.876000
9.876000
9.876000
9.876000
9.876000
9.876000
9.876000
9.876000
9.876000
9.876000
9.876000
9.876000
11.300000
11.300000
11.300000
11.300000
11.300000
11.300000
11.300000
11.300000
12.720000
12.720000
12.720000
12.720000
12.720000
12.720000
12.720000
12.720000
12.720000
12.720000
14.140000
14.140000
14.140000
14.140000
14.140000
14.140000
14.140000
14.140000
14.140000
14.140000
15.560000
15.560000
15.560000
15.560000
15.560000
15.560000
15.560000
15.560000
16.990000
16.990000
16.990000
16.990000
16.990000
16.990000
16.990000
16.990000
16.990000
16.990000
16.990000
16.990000
18.410000
18.410000
18.410000
18.410000
18.410000
18.410000
18.410000
18.410000
18.410000
18.410000
18.410000
18.410000
18.410000
18.410000
18.410000
19.830000
19.830000
19.830000
19.830000
19.830000
19.830000
19.830000
19.830000
19.830000
19.830000
19.830000
19.830000
19.830000
19.830000
19.830000
19.830000
19.830000
21.250000
21.250000
21.250000
21.250000
21.250000
21.250000
21.250000
21.250000
22.670000
22.670000
22.670000
22.670000
22.670000
22.670000
22.670000
24.100000
24.100000
24.100000
24.100000
24.100000
24.100000
24.100000
24.100000
24.100000
24.100000
24.100000
24.100000
24.100000
24.100000
24.100000
25.520000
25.520000
25.520000
25.520000
25.520000
25.520000
25.520000
25.520000
25.520000
25.520000
26.940001
26.940001
26.940001
26.940001
26.940001
26.940001
26.940001
26.940001
26.940001
26.940001
28.360001
28.360001
28.360001
28.360001
28.360001
28.360001
28.360001
28.360001
28.360001
28.360001
28.360001
29.780001
29.780001
29.780001
29.780001
29.780001
29.780001
29.780001
29.780001
29.780001
29.780001
29.780001
31.209999
31.209999
31.209999
31.209999
31.209999
31.209999
31.209999
31.209999
31.209999
31.209999
31.209999
31.209999
32.630001
32.630001
32.630001
32.630001
32.630001
32.630001
32.630001
32.630001
32.630001
32.630001
34.049999
34.049999
34.049999
34.049999
34.049999
34.049999
34.049999
34.049999
34.049999
34.049999
34.049999
34.049999
34.049999
35.470001
35.470001
35.470001
35.470001
36.889999
36.889999
36.889999
36.889999
36.889999
36.889999
36.889999
36.889999
36.889999
36.889999
36.889999
36.889999
38.310001
38.310001
38.310001
38.310001
38.310001
39.740002
39.740002
39.740002
39.740002
39.740002
39.740002
39.740002
39.740002
39.740002
39.740002
39.740002
39.740002
39.740002
39.740002
41.160000
41.160000
41.160000
41.160000
41.160000
41.160000
41.160000
41.160000
41.160000
41.160000
42.580002
42.580002
42.580002
42.580002
42.580002
44.000000
44.000000
44.000000
44.000000
44.000000
44.000000
44.000000
44.000000
44.000000
45.419998
45.419998
45.419998
45.419998
45.419998
45.419998
45.419998
45.419998
46.849998
46.849998
46.849998
46.849998
46.849998
46.849998
48.270000
48.270000
48.270000
48.270000
48.270000
48.270000
48.270000
48.270000
48.270000
48.270000
48.270000
49.689999
49.689999
49.689999
49.689999
49.689999
49.689999
51.110001
51.110001
51.110001
51.110001
51.110001
51.110001
51.110001
51.110001
52.529999
52.529999
52.529999
52.529999
52.529999
52.529999
52.529999
52.529999
52.529999
52.529999
52.529999
52.529999
52.529999
53.959999
53.959999
53.959999
53.959999
53.959999
53.959999
53.959999
53.959999
53.959999
53.959999
53.959999
53.959999
55.380001
55.380001
55.380001
55.380001
55.380001
55.380001
55.380001
55.380001
56.799999
56.799999
56.799999
56.799999
56.799999
56.799999
56.799999
56.799999
56.799999
58.220001
58.220001
58.220001
58.220001
58.220001
58.220001
58.220001
58.220001
58.220001
58.220001
59.639999
59.639999
59.639999
59.639999
59.639999
59.639999
59.639999
61.070000
61.070000
61.070000
61.070000
61.070000
61.070000
61.070000
61.070000
61.070000
61.070000
61.070000
61.070000
62.490002
62.490002
62.490002
62.490002
62.490002
62.490002
62.490002
63.910000
63.910000
63.910000
65.330002
65.330002
65.330002
65.330002
65.330002
65.330002
65.330002
65.330002
65.330002
65.330002
66.750000
66.750000
66.750000
66.750000
66.750000
66.750000
66.750000
66.750000
66.750000
66.750000
66.750000
66.750000
66.750000
66.750000
66.750000
66.750000
66.750000
73.440002
73.440002
73.440002
73.440002
73.440002
73.440002
73.440002
73.440002
73.440002
73.440002
73.440002
73.440002
73.440002
73.440002
80.120003
80.120003
80.120003
80.120003
80.120003
80.120003
80.120003
80.120003
80.120003
80.120003
80.120003
80.120003
80.120003
80.120003
86.800003
86.800003
86.800003
86.800003
86.800003
86.800003
86.800003
86.800003
86.800003
93.489998
93.489998
93.489998
93.489998
93.489998
93.489998
93.489998
93.489998
93.489998
98.500000
98.500000
98.500000
98.500000
98.500000
98.500000
98.500000
98.500000
98.500000
