0.000000
0.000000
0.000000
0.000000
0.000000
0.000000
0.000000
0.000000
0.000000
0.000000
0.000000
0.000000
0.000000
0.000000
0.000000
0.000000
0.000000
0.000000
0.000000
0.000000
0.000000
0.000000
0.000000
0.000000
0.000000
0.000000
0.000000
0.000000
0.000000
0.000000
0.000000
0.000000
0.000000
0.000000
0.000000
0.000000
0.000000
0.000000
0.000000
0.000000
1.910000
1.910000
1.910000
1.910000
1.910000
1.910000
1.910000
5.086000
5.086000
5.086000
5.086000
5.086000
5.086000
5.086000
5.086000
5.086000
5.086000
5.086000
5.086000
5.086000
5.086000
6.021000
6.021000
6.021000
6.021000
6.021000
6.021000
6.021000
6.956000
6.956000
6.956000
6.956000
6.956000
6.956000
6.956000
6.956000
6.956000
6.956000
6.956000
7.891000
7.891000
7.891000
7.891000
7.891000
7.891000
7.891000
7.891000
7.891000
7.891000
7.891000
8.826000
8.826000
8.826000
8.826000
8.826000
8.826000
8.826000
8.826000
8.826000
8.826000
8.826000
8.826000
8.826000
8.826000
8.826000
8.826000
8.826000
9.760000
9.760000
9.760000
9.760000
9.760000
9.760000
9.760000
9.760000
9.760000
9.760000
9.760000
10.700000
10.700000
10.700000
10.700000
10.700000
10.700000
11.630000
11.630000
11.630000
11.630000
11.630000
11.630000
11.630000
11.630000
12.570000
12.570000
12.570000
12.570000
12.570000
12.570000
12.570000
12.570000
12.570000
12.570000
12.570000
12.570000
12.570000
13.500000
13.500000
13.500000
13.500000
13.500000
13.500000
13.500000
13.500000
13.500000
13.500000
13.500000
13.500000
13.500000
14.430000
14.430000
14.430000
14.430000
14.430000
14.430000
14.430000
14.430000
14.430000
14.430000
14.430000
14.430000
14.430000
15.370000
15.370000
15.370000
15.370000
15.370000
15.370000
15.370000
15.370000
15.370000
15.370000
16.299999
16.299999
16.299999
16.299999
16.299999
16.299999
16.299999
16.299999
17.240000
17.240000
17.240000
17.240000
17.240000
17.240000
17.240000
17.240000
17.240000
17.240000
17.240000
17.240000
17.240000
17.240000
18.170000
18.170000
18.170000
18.170000
18.170000
18.170000
18.170000
19.110001
19.110001
19.110001
19.110001
19.110001
19.110001
19.110001
19.110001
19.110001
19.110001
19.110001
19.110001
19.110001
20.040001
20.040001
20.040001
20.980000
20.980000
20.980000
20.980000
20.980000
20.980000
20.980000
20.980000
20.980000
20.980000
20.980000
20.980000
21.910000
21.910000
21.910000
21.910000
21.910000
22.850000
22.850000
22.850000
22.850000
22.850000
22.850000
22.850000
22.850000
22.850000
22.850000
23.780001
23.780001
23.780001
23.780001
23.780001
23.780001
23.780001
23.780001
23.780001
24.719999
24.719999
24.719999
24.719999
24.719999
24.719999
24.719999
24.719999
24.719999
24.719999
24.719999
25.650000
25.650000
25.650000
25.650000
25.650000
25.650000
25.650000
25.650000
25.650000
25.650000
25.650000
25.650000
25.650000
26.590000
26.590000
26.590000
26.590000
26.590000
26.590000
26.590000
26.590000
26.590000
27.520000
27.520000
27.520000
27.520000
27.520000
27.520000
27.520000
27.520000
27.520000
27.520000
27.520000
27.520000
27.520000
27.520000
27.520000
27.520000
27.520000
27.520000
28.459999
28.459999
28.459999
28.459999
28.459999
28.459999
28.459999
28.459999
28.459999
28.459999
28.459999
28.459999
28.459999
28.459999
28.459999
29.389999
29.389999
29.389999
29.389999
29.389999
29.389999
29.389999
29.389999
30.330000
30.330000
30.330000
30.330000
30.330000
30.330000
30.330000
30.330000
31.260000
31.260000
31.260000
31.260000
31.260000
31.260000
31.260000
31.260000
31.260000
31.260000
31.260000
31.260000
31.260000
32.200001
32.200001
32.200001
32.200001
32.200001
32.200001
32.200001
32.200001
32.200001
32.200001
33.130001
33.130001
34.070000
34.070000
34.070000
34.070000
34.070000
35.000000
35.000000
35.000000
35.000000
35.000000
35.000000
35.000000
35.000000
35.000000
35.000000
35.000000
35.000000
35.939999
35.939999
35.939999
35.939999
35.939999
35.939999
35.939999
36.869999
36.869999
36.869999
36.869999
36.869999
36.869999
36.869999
36.869999
37.810001
37.810001
37.810001
37.810001
37.810001
37.810001
38.740002
38.740002
38.740002
38.740002
38.740002
38.740002
38.740002
39.680000
39.680000
39.680000
39.680000
39.680000
39.680000
39.680000
39.680000
39.680000
39.680000
40.610001
40.610001
40.610001
40.610001
40.610001
40.610001
40.610001
41.549999
41.549999
41.549999
41.549999
41.549999
41.549999
41.549999
41.549999
41.549999
41.549999
41.549999
41.549999
41.549999
41.549999
42.480000
42.480000
42.480000
42.480000
42.480000
42.480000
42.480000
42.480000
42.480000
42.480000
42.480000
43.419998
43.419998
43.419998
43.419998
43.419998
43.419998
43.419998
43.419998
43.419998
43.419998
43.419998
44.349998
44.349998
44.349998
44.349998
44.349998
45.290001
45.290001
45.290001
45.290001
45.290001
45.290001
45.290001
45.290001
45.290001
45.290001
46.220001
46.220001
46.220001
46.220001
46.220001
46.220001
46.220001
46.220001
46.220001
47.160000
47.160000
47.160000
47.160000
47.160000
47.160000
47.160000
47.160000
47.160000
48.160000
48.160000
48.160000
48.160000
48.160000
48.160000
48.160000
48.160000
48.160000
48.160000
48.160000
48.160000
48.160000
48.160000
49.160000
49.160000
49.160000
49.160000
49.160000
49.160000
49.160000
49.160000
49.160000
50.160000
50.160000
50.160000
50.160000
50.160000
50.160000
50.160000
50.160000
50.160000
50.160000
50.160000
50.160000
51.160000
51.160000
51.160000
51.160000
51.160000
51.160000
51.160000
51.160000
51.160000
52.160000
52.160000
52.160000
52.160000
52.160000
52.160000
52.160000
53.160000
53.160000
53.160000
53.160000
53.160000
53.160000
53.160000
53.160000
53.160000
53.160000
53.160000
53.160000
53.160000
53.160000
53.160000
53.160000
54.160000
54.160000
54.160000
54.160000
54.160000
54.160000
55.160000
55.160000
55.160000
55.160000
55.160000
55.160000
55.160000
56.160000
56.160000
56.160000
56.160000
56.160000
56.160000
56.160000
56.160000
56.160000
56.160000
57.160000
57.160000
57.160000
57.160000
57.160000
57.160000
57.160000
57.160000
57.160000
57.160000
57.160000
57.160000
57.160000
57.160000
57.160000
58.160000
58.160000
58.160000
58.160000
58.160000
58.160000
58.160000
59.160000
59.160000
59.160000
59.160000
59.160000
60.160000
60.160000
60.160000
60.160000
60.160000
60.160000
60.160000
60.160000
60.160000
60.160000
60.160000
60.160000
61.160000
61.160000
61.160000
61.160000
61.160000
61.160000
61.160000
61.160000
61.160000
61.160000
61.160000
61.160000
61.160000
61.160000
61.160000
62.160000
62.160000
62.160000
62.160000
62.160000
62.160000
62.160000
62.160000
62.160000
62.160000
62.160000
63.160000
63.160000
63.160000
63.160000
63.160000
63.160000
63.160000
63.160000
64.160004
64.160004
64.160004
64.160004
64.160004
64.160004
64.160004
64.160004
64.160004
64.160004
64.160004
64.160004
65.160004
65.160004
65.160004
65.160004
65.160004
66.160004
66.160004
66.160004
66.160004
66.160004
66.160004
66.160004
66.160004
66.160004
66.160004
67.160004
67.160004
67.160004
67.160004
67.160004
67.160004
67.160004
67.160004
67.160004
67.160004
67.160004
68.160004
68.160004
68.160004
68.160004
68.160004
68.160004
68.160004
68.160004
69.160004
69.160004
69.160004
69.160004
69.160004
69.160004
69.160004
69.160004
69.160004
70.160004
70.160004
70.160004
70.160004
70.160004
70.160004
70.160004
70.160004
70.160004
70.160004
70.160004
71.160004
71.160004
71.160004
71.160004
71.160004
71.160004
71.160004
71.160004
71.160004
72.160004
72.160004
72.160004
72.160004
72.160004
72.160004
72.160004
72.160004
73.160004
73.160004
73.160004
73.160004
73.160004
73.160004
73.160004
73.160004
73.160004
73.160004
73.160004
73.160004
73.160004
73.160004
73.160004
74.160004
74.160004
74.160004
74.160004
74.160004
74.160004
74.160004
74.160004
75.160004
75.160004
75.160004
75.160004
75.160004
75.160004
75.160004
76.160004
76.160004
76.160004
76.160004
76.160004
76.160004
76.160004
76.160004
76.160004
76.160004
76.160004
76.160004
76.160004
77.160004
77.160004
77.160004
77.160004
77.160004
77.160004
77.160004
77.160004
78.160004
78.160004
78.160004
78.160004
78.160004
78.160004
78.160004
78.160004
78.160004
78.160004
79.160004
79.160004
79.160004
79.160004
79.160004
79.160004
79.160004
79.160004
80.160004
80.160004
80.160004
80.160004
80.160004
80.160004
80.160004
80.160004
80.160004
80.160004
81.160004
81.160004
81.160004
81.160004
81.160004
81.160004
81.160004
82.160004
82.160004
82.160004
82.160004
82.160004
82.160004
82.160004
82.160004
82.160004
83.160004
83.160004
83.160004
83.160004
83.160004
83.160004
83.160004
83.160004
83.160004
83.160004
83.160004
84.160004
84.160004
84.160004
84.160004
84.160004
84.160004
84.160004
84.160004
84.160004
85.160004
85.160004
85.160004
85.160004
85.160004
85.160004
85.160004
85.160004
86.160004
86.160004
86.160004
86.160004
86.160004
86.160004
86.160004
86.160004
86.160004
86.160004
86.160004
87.160004
87.160004
87.160004
87.160004
87.160004
87.160004
87.160004
87.160004
87.160004
87.160004
88.160004
88.160004
88.160004
88.160004
88.160004
89.160004
89.160004
89.160004
89.160004
89.160004
89.160004
89.160004
89.160004
89.160004
89.160004
89.160004
90.160004
90.160004
90.160004
90.160004
90.160004
90.160004
90.160004
90.160004
90.160004
90.160004
90.160004
90.160004
90.160004
90.160004
90.160004
91.160004
91.160004
91.160004
91.160004
91.160004
91.160004
91.160004
91.160004
91.160004
91.160004
91.160004
91.160004
92.160004
92.160004
92.160004
92.160004
92.160004
92.160004
92.160004
92.160004
92.160004
92.160004
95.919998
95.919998
95.919998
95.919998
95.919998
95.919998
95.919998
95.919998
95.919998
95.919998
95.919998
95.919998
95.919998
99.669998
99.669998
99.669998
99.669998
99.669998
99.669998
99.669998
99.669998
99.669998
99.669998
99.669998
99.669998
99.669998
103.400002
103.400002
103.400002
103.400002
103.400002
103.400002
103.400002
103.400002
107.199997
107.199997
107.199997
107.199997
107.199997
107.199997
107.199997
107.199997
107.199997
107.199997
107.199997
107.199997
110.000000
110.000000
110.000000
110.000000
110.000000
110.000000
110.000000
110.000000
110.000000
110.000000
110.000000
