0.000000
0.000000
0.000000
0.000000
0.000000
0.000000
0.000000
0.000000
0.000000
0.000000
0.000000
0.000000
0.000000
0.000000
0.000000
0.000000
0.000000
0.000000
0.000000
0.000000
0.000000
0.000000
0.000000
0.000000
0.000000
0.000000
0.000000
0.000000
0.000000
0.000000
0.000000
0.000000
0.000000
0.000000
0.000000
0.000000
0.000000
0.000000
0.000000
0.000000
0.000000
0.000000
0.000000
0.000000
0.000000
0.000000
0.000000
0.000000
0.000000
0.000000
0.001719
0.001719
0.001719
0.001719
0.001719
0.001719
0.011090
0.011090
0.011090
0.011090
0.011090
0.011090
0.011090
0.011090
0.011090
0.011090
0.011090
0.011090
0.011090
0.020450
0.020450
0.020450
0.020450
0.020450
0.020450
0.020450
0.020450
0.020450
0.020450
0.020450
0.020450
0.020450
0.020450
0.020450
0.029820
0.029820
0.029820
0.029820
0.029820
0.029820
0.029820
0.029820
0.029820
0.029820
0.039190
0.039190
0.039190
0.039190
0.039190
0.039190
0.048550
0.048550
0.048550
0.048550
0.048550
0.048550
0.048550
0.057920
0.057920
0.057920
0.057920
0.057920
0.057920
0.057920
0.057920
0.057920
0.057920
0.057920
0.057920
0.057920
0.057920
0.057920
0.057920
0.067290
0.067290
0.067290
0.067290
0.067290
0.067290
0.067290
0.067290
0.067290
0.067290
0.067290
0.076650
0.076650
0.076650
0.076650
0.076650
0.076650
0.076650
0.076650
0.086020
0.086020
0.086020
0.086020
0.086020
0.086020
0.086020
0.086020
0.086020
0.086020
0.086020
0.086020
0.086020
0.086020
0.086020
0.095390
0.095390
0.095390
0.095390
0.095390
0.095390
0.095390
0.095390
0.095390
0.095390
0.095390
0.095390
0.104800
0.104800
0.104800
0.104800
0.104800
0.104800
0.104800
0.104800
0.104800
0.114100
0.114100
0.114100
0.114100
0.114100
0.114100
0.114100
0.114100
0.114100
0.114100
0.123500
0.123500
0.123500
0.123500
0.123500
0.123500
0.132900
0.132900
0.132900
0.132900
0.132900
0.132900
0.132900
0.142200
0.142200
0.142200
0.142200
0.142200
0.142200
0.142200
0.142200
0.142200
0.142200
0.142200
0.142200
0.142200
0.142200
0.142200
0.142200
0.142200
0.142200
0.151600
0.151600
0.151600
0.151600
0.151600
0.151600
0.151600
0.161000
0.161000
0.161000
0.161000
0.161000
0.161000
0.161000
0.161000
0.161000
0.161000
0.161000
0.170300
0.170300
0.170300
0.170300
0.170300
0.170300
0.170300
0.170300
0.170300
0.170300
0.179700
0.179700
0.179700
0.179700
0.179700
0.179700
0.189100
0.189100
0.189100
0.189100
0.189100
0.189100
0.189100
0.189100
0.189100
0.198400
0.198400
0.198400
0.198400
0.198400
0.198400
0.198400
0.198400
0.198400
0.198400
0.198400
0.198400
0.198400
0.198400
0.207800
0.207800
0.207800
0.207800
0.207800
0.217200
0.217200
0.217200
0.217200
0.217200
0.217200
0.217200
0.217200
0.217200
0.217200
0.217200
0.217200
0.217200
0.217200
0.226500
0.226500
0.226500
0.226500
0.226500
0.226500
0.226500
0.226500
0.226500
0.226500
0.235900
0.235900
0.235900
0.235900
0.235900
0.235900
0.235900
0.245300
0.245300
0.245300
0.245300
0.245300
0.245300
0.245300
0.245300
0.245300
0.245300
0.245300
0.254600
0.254600
0.254600
0.254600
0.254600
0.254600
0.254600
0.254600
0.264000
0.264000
0.264000
0.264000
0.264000
0.264000
0.264000
0.264000
0.264000
0.264000
0.273400
0.273400
0.273400
0.273400
0.273400
0.273400
0.273400
0.273400
0.273400
0.273400
0.273400
0.273400
0.273400
0.282700
0.282700
0.282700
0.282700
0.282700
0.282700
0.282700
0.282700
0.282700
0.292100
0.292100
0.292100
0.292100
0.292100
0.292100
0.292100
0.292100
0.292100
0.292100
0.292100
0.301500
0.301500
0.301500
0.301500
0.301500
0.301500
0.301500
0.301500
0.310800
0.310800
0.310800
0.310800
0.310800
0.310800
0.310800
0.310800
0.310800
0.310800
0.310800
0.310800
0.320200
0.320200
0.320200
0.320200
0.320200
0.320200
0.320200
0.320200
0.329600
0.329600
0.329600
0.329600
0.329600
0.329600
0.338900
0.338900
0.338900
0.338900
0.338900
0.348300
0.348300
0.348300
0.348300
0.348300
0.348300
0.348300
0.357700
0.357700
0.357700
0.357700
0.357700
0.357700
0.357700
0.357700
0.357700
0.357700
0.367000
0.367000
0.367000
0.367000
0.367000
0.367000
0.367000
0.367000
0.367000
0.376400
0.376400
0.376400
0.376400
0.376400
0.376400
0.376400
0.376400
0.376400
0.376400
0.376400
0.376400
0.376400
0.376400
0.385800
0.385800
0.385800
0.385800
0.385800
0.385800
0.385800
0.385800
0.385800
0.395100
0.395100
0.395100
0.395100
0.395100
0.395100
0.395100
0.395100
0.395100
0.395100
0.395100
0.404500
0.404500
0.404500
0.404500
0.404500
0.404500
0.404500
0.404500
0.404500
0.404500
0.404500
0.413900
0.413900
0.413900
0.413900
0.413900
0.413900
0.413900
0.413900
0.413900
0.413900
0.423200
0.423200
0.423200
0.423200
0.423200
0.423200
0.423200
0.423200
0.423200
0.423200
0.423200
0.423200
0.423200
0.431800
0.431800
0.431800
0.431800
0.431800
0.440400
0.440400
0.440400
0.440400
0.440400
0.440400
0.440400
0.440400
0.449000
0.449000
0.449000
0.449000
0.449000
0.449000
0.449000
0.449000
0.449000
0.449000
0.449000
0.449000
0.449000
0.449000
0.449000
0.449000
0.457600
0.457600
0.457600
0.457600
0.457600
0.457600
0.457600
0.457600
0.457600
0.457600
0.457600
0.457600
0.457600
0.457600
0.457600
0.466200
0.466200
0.466200
0.466200
0.466200
0.466200
0.466200
0.466200
0.466200
0.474800
0.474800
0.474800
0.474800
0.474800
0.474800
0.474800
0.474800
0.474800
0.474800
0.474800
0.474800
0.474800
0.474800
0.483400
0.483400
0.483400
0.483400
0.483400
0.483400
0.483400
0.483400
0.483400
0.483400
0.492000
0.492000
0.492000
0.492000
0.492000
0.492000
0.492000
0.492000
0.492000
0.492000
0.492000
0.492000
0.492000
0.492000
0.500500
0.500500
0.500500
0.500500
0.500500
0.500500
0.500500
0.500500
0.500500
0.500500
0.500500
0.500500
0.500500
0.509100
0.509100
0.509100
0.509100
0.509100
0.509100
0.509100
0.517700
0.517700
0.517700
0.517700
0.517700
0.517700
0.517700
0.517700
0.517700
0.517700
0.517700
0.526300
0.526300
0.526300
0.526300
0.526300
0.526300
0.526300
0.526300
0.526300
0.526300
0.526300
0.526300
0.526300
0.526300
0.534900
0.534900
0.534900
0.534900
0.534900
0.534900
0.534900
0.543500
0.543500
0.543500
0.543500
0.543500
0.543500
0.543500
0.543500
0.543500
0.552100
0.552100
0.552100
0.552100
0.552100
0.552100
0.552100
0.552100
0.552100
0.552100
0.552100
0.552100
0.560700
0.560700
0.560700
0.560700
0.560700
0.560700
0.560700
0.560700
0.560700
0.560700
0.560700
0.569300
0.569300
0.569300
0.569300
0.569300
0.569300
0.569300
0.569300
0.569300
0.569300
0.569300
0.577900
0.577900
0.577900
0.577900
0.577900
0.586500
0.586500
0.586500
0.586500
0.586500
0.586500
0.595000
0.595000
0.595000
0.595000
0.595000
0.595000
0.603600
0.603600
0.603600
0.603600
0.603600
0.603600
0.603600
0.603600
0.612200
0.612200
0.612200
0.612200
0.612200
0.612200
0.612200
0.612200
0.612200
0.612200
0.612200
0.620800
0.620800
0.620800
0.620800
0.620800
0.620800
0.620800
0.620800
0.620800
0.629400
0.629400
0.629400
0.629400
0.629400
0.629400
0.629400
0.629400
0.629400
0.629400
0.629400
0.629400
0.629400
0.629400
0.629400
0.638000
0.646600
0.646600
0.646600
0.646600
0.646600
0.646600
0.646600
0.646600
0.646600
0.646600
0.646600
0.646600
0.646600
0.646600
0.655200
0.655200
0.655200
0.655200
0.655200
0.655200
0.655200
0.655200
0.655200
0.655200
0.655200
0.663800
0.663800
0.663800
0.663800
0.663800
0.663800
0.663800
0.663800
0.663800
0.663800
0.663800
0.663800
0.663800
0.663800
0.663800
0.663800
0.672400
0.672400
0.672400
0.672400
0.672400
0.672400
0.672400
0.681000
0.681000
0.681000
0.681000
0.681000
0.689600
0.689600
0.689600
0.689600
0.689600
0.689600
0.689600
0.689600
0.689600
0.689600
0.689600
0.689600
0.698100
0.698100
0.698100
0.698100
0.698100
0.698100
0.698100
0.698100
0.706700
0.706700
0.706700
0.706700
0.706700
0.706700
0.706700
0.706700
0.706700
0.706700
0.715300
0.715300
0.715300
0.715300
0.715300
0.715300
0.715300
0.715300
0.715300
0.715300
0.715300
0.723900
0.723900
0.723900
0.723900
0.723900
0.723900
0.723900
0.732500
0.732500
0.732500
0.732500
0.732500
0.732500
0.732500
0.732500
0.741100
0.741100
0.741100
0.741100
0.741100
0.741100
0.741100
0.741100
0.741100
0.741100
0.749700
0.749700
0.749700
0.749700
0.749700
0.749700
0.749700
0.758300
0.758300
0.758300
0.758300
0.758300
0.758300
0.758300
0.758300
0.758300
0.758300
0.766900
0.766900
0.766900
0.766900
0.766900
0.766900
0.766900
0.766900
0.766900
0.775500
0.775500
0.775500
0.775500
0.775500
0.775500
0.775500
0.784100
0.784100
0.784100
0.784100
0.784100
0.784100
0.784100
0.784100
0.792700
0.792700
0.792700
0.792700
0.792700
0.792700
0.792700
0.792700
0.801200
0.801200
0.801200
0.801200
0.801200
0.801200
0.801200
0.801200
0.801200
0.801200
0.801200
0.801200
0.801200
0.801200
0.809800
0.809800
0.809800
0.856500
0.856500
0.856500
0.856500
0.856500
0.856500
0.856500
0.856500
0.856500
0.856500
0.856500
0.856500
0.856500
0.856500
0.903100
0.903100
0.903100
0.903100
0.903100
0.903100
0.903100
0.903100
0.903100
0.903100
0.903100
0.903100
0.949700
0.949700
0.949700
0.949700
0.949700
0.949700
0.949700
0.949700
0.949700
0.949700
0.949700
0.949700
0.996300
0.996300
0.996300
0.996300
0.996300
0.996300
0.996300
0.996300
0.996300
0.996300
0.996300
0.996300
1.031000
1.031000
1.031000
1.031000
1.031000
1.031000
1.031000
1.031000
1.031000
1.031000
1.031000
