0.000000
0.000000
0.000000
0.000000
0.000000
0.000000
0.000000
0.000000
0.000000
0.000000
0.000000
0.000000
0.000000
0.000000
0.000000
0.000000
0.000000
0.000000
0.000000
0.000000
0.000000
0.000000
0.000000
0.000000
0.000000
0.000000
0.000000
0.000000
0.000000
0.000000
0.000000
0.000000
0.000000
0.000000
0.000000
0.000000
0.000000
0.000000
0.000000
0.000000
0.000000
0.000000
0.000000
0.023250
0.023250
0.023250
0.023250
0.023250
0.023250
0.023250
0.064270
0.064270
0.064270
0.064270
0.064270
0.064270
0.064270
0.064270
0.064270
0.105300
0.105300
0.105300
0.105300
0.105300
0.105300
0.105300
0.105300
0.105300
0.105300
0.105300
0.105300
0.146300
0.146300
0.146300
0.146300
0.146300
0.146300
0.146300
0.146300
0.146300
0.146300
0.146300
0.146300
0.187300
0.187300
0.187300
0.187300
0.187300
0.187300
0.187300
0.187300
0.187300
0.187300
0.187300
0.228300
0.228300
0.228300
0.228300
0.228300
0.228300
0.228300
0.228300
0.228300
0.228300
0.269400
0.269400
0.269400
0.269400
0.269400
0.269400
0.269400
0.269400
0.269400
0.310400
0.310400
0.310400
0.310400
0.310400
0.310400
0.310400
0.310400
0.310400
0.351400
0.351400
0.351400
0.351400
0.351400
0.351400
0.351400
0.351400
0.392400
0.392400
0.392400
0.392400
0.392400
0.392400
0.392400
0.392400
0.392400
0.392400
0.392400
0.433400
0.433400
0.433400
0.433400
0.433400
0.433400
0.433400
0.433400
0.433400
0.433400
0.433400
0.433400
0.474400
0.474400
0.474400
0.474400
0.474400
0.474400
0.474400
0.515500
0.515500
0.515500
0.515500
0.515500
0.556500
0.556500
0.556500
0.556500
0.556500
0.556500
0.556500
0.556500
0.556500
0.556500
0.556500
0.556500
0.556500
0.556500
0.597500
0.597500
0.597500
0.597500
0.597500
0.597500
0.597500
0.597500
0.597500
0.597500
0.597500
0.597500
0.597500
0.638500
0.638500
0.638500
0.638500
0.638500
0.638500
0.638500
0.638500
0.638500
0.638500
0.679500
0.679500
0.679500
0.679500
0.679500
0.679500
0.679500
0.679500
0.679500
0.679500
0.679500
0.679500
0.720500
0.720500
0.720500
0.720500
0.720500
0.720500
0.720500
0.761600
0.761600
0.761600
0.761600
0.761600
0.761600
0.761600
0.761600
0.761600
0.761600
0.761600
0.802600
0.802600
0.802600
0.802600
0.802600
0.802600
0.802600
0.802600
0.802600
0.802600
0.802600
0.843600
0.843600
0.843600
0.843600
0.843600
0.843600
0.843600
0.843600
0.843600
0.843600
0.884600
0.884600
0.884600
0.884600
0.884600
0.884600
0.884600
0.884600
0.884600
0.884600
0.884600
0.884600
0.884600
0.884600
0.925600
0.925600
0.925600
0.925600
0.925600
0.925600
0.925600
0.966700
0.966700
0.966700
0.966700
0.966700
0.966700
1.008000
1.008000
1.008000
1.008000
1.008000
1.008000
1.008000
1.008000
1.008000
1.049000
1.049000
1.049000
1.049000
1.049000
1.049000
1.049000
1.049000
1.090000
1.090000
1.090000
1.090000
1.090000
1.090000
1.090000
1.090000
1.131000
1.131000
1.131000
1.131000
1.131000
1.131000
1.131000
1.131000
1.131000
1.131000
1.131000
1.131000
1.131000
1.131000
1.131000
1.131000
1.131000
1.131000
1.172000
1.172000
1.172000
1.172000
1.172000
1.172000
1.172000
1.213000
1.213000
1.213000
1.213000
1.213000
1.213000
1.213000
1.213000
1.213000
1.213000
1.213000
1.254000
1.254000
1.254000
1.254000
1.254000
1.254000
1.254000
1.254000
1.254000
1.254000
1.254000
1.254000
1.295000
1.295000
1.295000
1.295000
1.295000
1.295000
1.295000
1.295000
1.295000
1.295000
1.336000
1.336000
1.336000
1.336000
1.336000
1.336000
1.336000
1.336000
1.336000
1.336000
1.336000
1.336000
1.336000
1.336000
1.336000
1.336000
1.336000
1.336000
1.336000
1.336000
1.336000
1.377000
1.377000
1.377000
1.377000
1.377000
1.377000
1.377000
1.377000
1.377000
1.377000
1.377000
1.377000
1.377000
1.418000
1.418000
1.418000
1.418000
1.418000
1.418000
1.418000
1.418000
1.418000
1.418000
1.418000
1.418000
1.418000
1.459000
1.459000
1.459000
1.459000
1.459000
1.459000
1.459000
1.459000
1.459000
1.459000
1.459000
1.459000
1.459000
1.459000
1.459000
1.500000
1.500000
1.500000
1.500000
1.500000
1.500000
1.500000
1.500000
1.541000
1.541000
1.541000
1.541000
1.541000
1.582000
1.582000
1.582000
1.582000
1.582000
1.582000
1.582000
1.582000
1.582000
1.582000
1.623000
1.623000
1.623000
1.623000
1.623000
1.623000
1.664000
1.664000
1.664000
1.664000
1.664000
1.664000
1.664000
1.664000
1.664000
1.664000
1.664000
1.664000
1.664000
1.664000
1.664000
1.664000
1.664000
1.664000
1.664000
1.664000
1.705000
1.705000
1.705000
1.705000
1.705000
1.705000
1.705000
1.705000
1.705000
1.705000
1.746000
1.746000
1.746000
1.746000
1.746000
1.746000
1.746000
1.746000
1.746000
1.746000
1.746000
1.746000
1.787000
1.787000
1.787000
1.787000
1.787000
1.787000
1.787000
1.787000
1.787000
1.787000
1.787000
1.787000
1.787000
1.828000
1.828000
1.828000
1.828000
1.828000
1.828000
1.828000
1.869000
1.869000
1.869000
1.869000
1.869000
1.869000
1.869000
1.869000
2.117000
2.117000
2.117000
2.117000
2.117000
2.117000
2.117000
2.117000
2.366000
2.366000
2.366000
2.366000
2.366000
2.366000
2.366000
2.366000
2.366000
2.614000
2.614000
2.614000
2.614000
2.614000
2.614000
2.614000
2.614000
2.614000
2.614000
2.614000
2.862000
2.862000
2.862000
2.862000
2.862000
2.862000
2.862000
2.862000
2.862000
2.862000
2.862000
2.862000
2.862000
2.862000
2.862000
2.862000
2.862000
2.862000
2.862000
2.862000
2.862000
3.111000
3.111000
3.111000
3.111000
3.111000
3.111000
3.111000
3.111000
3.111000
3.111000
3.111000
3.111000
3.111000
3.359000
3.359000
3.359000
3.359000
3.359000
3.359000
3.359000
3.607000
3.607000
3.607000
3.607000
3.607000
3.607000
3.607000
3.607000
3.856000
3.856000
3.856000
3.856000
3.856000
3.856000
3.856000
3.856000
3.856000
3.856000
3.856000
3.856000
3.856000
4.104000
4.104000
4.104000
4.104000
4.104000
4.104000
4.104000
4.104000
4.104000
4.104000
4.104000
4.352000
4.352000
4.352000
4.352000
4.352000
4.352000
4.352000
4.601000
4.601000
4.601000
4.601000
4.601000
4.601000
4.601000
4.601000
4.849000
4.849000
4.849000
4.849000
4.849000
4.849000
4.849000
4.849000
5.097000
5.097000
5.097000
5.097000
5.345000
5.345000
5.594000
5.594000
5.594000
5.594000
5.594000
5.594000
5.594000
5.594000
5.594000
5.842000
5.842000
5.842000
5.842000
5.842000
5.842000
5.842000
5.842000
5.842000
5.842000
5.842000
5.842000
5.842000
5.842000
5.842000
5.842000
6.090000
6.090000
6.090000
6.090000
6.090000
6.090000
6.090000
6.090000
6.339000
6.339000
6.339000
6.339000
6.339000
6.339000
6.339000
6.587000
6.587000
6.587000
6.587000
6.587000
6.587000
6.587000
6.835000
6.835000
6.835000
6.835000
6.835000
6.835000
6.835000
6.835000
6.835000
6.835000
7.084000
7.084000
7.084000
7.084000
7.084000
7.084000
7.084000
7.084000
7.084000
7.084000
7.084000
7.332000
7.332000
7.332000
7.332000
7.332000
7.332000
7.332000
7.332000
7.332000
7.332000
7.580000
7.580000
7.580000
7.580000
7.580000
7.580000
7.580000
7.580000
7.580000
7.580000
7.580000
7.580000
7.580000
7.829000
7.829000
7.829000
7.829000
7.829000
7.829000
7.829000
7.829000
7.829000
8.077000
8.077000
8.077000
8.077000
8.077000
8.077000
8.077000
8.077000
8.077000
8.077000
8.077000
8.077000
8.077000
8.077000
8.325000
8.325000
8.325000
8.325000
8.325000
8.325000
8.325000
8.325000
8.574000
8.574000
8.574000
8.574000
8.574000
8.574000
8.574000
8.574000
8.822000
8.822000
8.822000
8.822000
8.822000
8.822000
8.822000
9.070000
9.070000
9.070000
9.070000
9.070000
9.070000
9.070000
9.070000
9.318000
9.318000
9.318000
9.318000
9.318000
9.318000
9.318000
9.318000
9.318000
9.318000
9.318000
9.567000
9.567000
9.567000
9.567000
9.567000
9.567000
9.567000
9.567000
9.567000
9.815000
9.815000
9.815000
9.815000
9.815000
9.815000
9.815000
9.815000
9.815000
9.815000
9.815000
10.060000
10.060000
10.060000
10.060000
10.060000
10.060000
10.060000
10.060000
10.310000
10.310000
10.310000
10.310000
10.310000
10.310000
10.310000
10.310000
10.310000
10.310000
10.310000
10.310000
10.560000
10.560000
10.560000
10.560000
10.560000
10.560000
10.560000
10.560000
10.560000
10.560000
10.810000
10.810000
10.810000
10.810000
10.810000
10.810000
10.810000
10.810000
10.810000
10.810000
10.810000
11.060000
11.060000
11.060000
11.060000
11.060000
11.060000
11.060000
11.060000
11.310000
11.310000
11.310000
11.310000
11.310000
11.310000
11.310000
11.310000
11.550000
11.550000
11.550000
11.550000
11.550000
11.550000
11.550000
11.550000
11.550000
11.550000
11.550000
11.550000
11.550000
11.550000
11.550000
11.800000
11.800000
11.800000
11.800000
11.800000
11.800000
12.050000
12.050000
12.050000
12.050000
12.050000
12.050000
12.050000
12.050000
12.050000
12.300000
12.300000
12.300000
12.300000
12.300000
12.300000
12.300000
12.300000
12.550000
12.550000
12.550000
12.550000
12.550000
12.550000
12.550000
12.550000
12.550000
12.550000
12.790000
12.790000
12.790000
12.790000
12.790000
12.790000
12.790000
13.040000
13.040000
13.040000
13.040000
13.040000
13.040000
13.040000
13.040000
14.100000
14.100000
14.100000
14.100000
14.100000
14.100000
14.100000
14.100000
14.100000
14.100000
15.150000
15.150000
15.150000
15.150000
15.150000
15.150000
15.150000
15.150000
16.200001
16.200001
16.200001
16.200001
16.200001
16.200001
16.200001
16.200001
16.200001
17.250000
17.250000
17.250000
17.250000
17.250000
17.250000
17.250000
17.250000
17.250000
17.250000
17.250000
17.250000
18.040001
18.040001
18.040001
18.040001
18.040001
18.040001
18.040001
18.040001
18.040001
18.040001
18.040001
