0.000000
0.000000
0.000000
0.000000
0.000000
0.000000
0.000000
0.000000
0.000000
0.000000
0.000000
0.000000
0.000000
0.000000
0.000000
0.000000
0.000000
0.000000
0.000000
0.000000
0.000000
0.000000
0.000000
0.000000
0.000000
0.000000
0.000000
0.000000
0.000000
0.000000
0.000000
0.000000
0.000000
0.000000
0.000000
0.000000
0.000000
0.000000
0.000000
0.000000
0.000000
0.000000
0.000000
0.000000
0.000000
0.000000
0.000000
0.000000
0.000000
0.000000
0.000000
0.000000
0.000000
0.000000
0.000000
0.000000
0.000000
0.009211
0.009211
0.009211
0.009211
0.009211
0.009211
0.009211
0.031040
0.031040
0.031040
0.031040
0.031040
0.031040
0.031040
0.031040
0.031040
0.052870
0.052870
0.052870
0.052870
0.052870
0.052870
0.052870
0.052870
0.052870
0.052870
0.052870
0.052870
0.074700
0.074700
0.074700
0.074700
0.074700
0.074700
0.074700
0.074700
0.074700
0.074700
0.074700
0.074700
0.074700
0.074700
0.074700
0.074700
0.074700
0.096530
0.096530
0.096530
0.096530
0.096530
0.096530
0.096530
0.096530
0.096530
0.096530
0.096530
0.096530
0.096530
0.096530
0.096530
0.096530
0.118400
0.118400
0.118400
0.118400
0.118400
0.118400
0.118400
0.118400
0.118400
0.118400
0.118400
0.118400
0.140200
0.140200
0.140200
0.140200
0.140200
0.140200
0.140200
0.140200
0.162000
0.162000
0.162000
0.162000
0.162000
0.162000
0.162000
0.162000
0.183900
0.183900
0.183900
0.183900
0.183900
0.183900
0.183900
0.205700
0.205700
0.205700
0.205700
0.205700
0.227500
0.227500
0.227500
0.227500
0.227500
0.227500
0.227500
0.227500
0.227500
0.249300
0.249300
0.249300
0.249300
0.249300
0.249300
0.249300
0.271200
0.271200
0.271200
0.271200
0.271200
0.271200
0.271200
0.271200
0.271200
0.271200
0.271200
0.271200
0.271200
0.293000
0.293000
0.293000
0.293000
0.293000
0.293000
0.293000
0.293000
0.293000
0.293000
0.293000
0.314800
0.314800
0.314800
0.314800
0.314800
0.314800
0.314800
0.314800
0.314800
0.314800
0.336700
0.336700
0.336700
0.336700
0.336700
0.336700
0.336700
0.336700
0.336700
0.336700
0.358500
0.358500
0.358500
0.358500
0.358500
0.380300
0.380300
0.380300
0.380300
0.380300
0.380300
0.380300
0.402200
0.402200
0.402200
0.402200
0.402200
0.402200
0.402200
0.402200
0.402200
0.402200
0.424000
0.424000
0.424000
0.424000
0.424000
0.424000
0.424000
0.424000
0.424000
0.424000
0.424000
0.424000
0.424000
0.424000
0.424000
0.424000
0.445800
0.445800
0.445800
0.445800
0.445800
0.445800
0.445800
0.445800
0.445800
0.467700
0.489500
0.489500
0.489500
0.489500
0.489500
0.489500
0.489500
0.489500
0.489500
0.489500
0.489500
0.489500
0.489500
0.489500
0.489500
0.511300
0.511300
0.511300
0.511300
0.511300
0.511300
0.511300
0.511300
0.511300
0.511300
0.511300
0.533100
0.533100
0.533100
0.533100
0.533100
0.533100
0.533100
0.533100
0.533100
0.533100
0.533100
0.533100
0.533100
0.533100
0.533100
0.555000
0.555000
0.555000
0.555000
0.555000
0.555000
0.555000
0.555000
0.555000
0.555000
0.555000
0.576800
0.576800
0.576800
0.576800
0.576800
0.576800
0.598600
0.598600
0.598600
0.598600
0.598600
0.598600
0.598600
0.598600
0.598600
0.598600
0.598600
0.598600
0.620500
0.620500
0.620500
0.620500
0.620500
0.620500
0.620500
0.620500
0.620500
0.620500
0.642300
0.642300
0.642300
0.642300
0.642300
0.642300
0.642300
0.642300
0.642300
0.642300
0.664100
0.664100
0.664100
0.664100
0.664100
0.664100
0.664100
0.664100
0.664100
0.664100
0.664100
0.664100
0.686000
0.686000
0.686000
0.686000
0.686000
0.686000
0.686000
0.686000
0.686000
0.686000
0.686000
0.707800
0.707800
0.707800
0.707800
0.707800
0.707800
0.707800
0.707800
0.707800
0.707800
0.707800
0.707800
0.729600
0.729600
0.729600
0.729600
0.729600
0.729600
0.729600
0.729600
0.729600
0.729600
0.751500
0.751500
0.751500
0.751500
0.751500
0.751500
0.751500
0.751500
0.751500
0.751500
0.751500
0.751500
0.751500
0.751500
0.751500
0.751500
0.773300
0.773300
0.773300
0.773300
0.773300
0.773300
0.773300
0.795100
0.795100
0.795100
0.795100
0.795100
0.795100
0.795100
0.816900
0.816900
0.816900
0.816900
0.816900
0.816900
0.816900
0.816900
0.816900
0.816900
0.816900
0.816900
0.816900
0.816900
0.816900
0.838800
0.838800
0.838800
0.838800
0.838800
0.838800
0.838800
0.838800
0.838800
0.838800
0.838800
0.860600
0.860600
0.860600
0.860600
0.860600
0.860600
0.860600
0.860600
0.860600
0.860600
0.882400
0.882400
0.882400
0.882400
0.882400
0.882400
0.882400
0.882400
0.882400
0.882400
0.904300
0.904300
0.904300
0.904300
0.904300
0.904300
0.904300
0.904300
0.904300
0.904300
0.926100
0.926100
0.926100
0.926100
0.926100
0.926100
0.926100
0.926100
0.926100
0.926100
0.926100
0.926100
0.926100
0.947900
0.947900
0.947900
0.947900
0.947900
0.947900
0.969800
0.969800
0.969800
0.969800
0.969800
0.969800
0.969800
0.969800
0.969800
0.969800
0.969800
0.991600
0.991600
0.991600
0.991600
0.991600
0.991600
0.991600
0.991600
0.991600
0.991600
0.991600
0.991600
0.991600
0.991600
0.991600
0.991600
0.991600
0.991600
0.991600
1.573000
1.573000
1.573000
1.573000
1.573000
1.573000
1.573000
1.573000
1.573000
2.154000
2.154000
2.154000
2.154000
2.154000
2.154000
2.736000
2.736000
2.736000
2.736000
2.736000
2.736000
2.736000
3.317000
3.317000
3.317000
3.317000
3.317000
3.317000
3.317000
3.317000
3.317000
3.317000
3.317000
3.317000
3.898000
3.898000
3.898000
3.898000
3.898000
3.898000
3.898000
3.898000
4.480000
4.480000
4.480000
4.480000
4.480000
4.480000
4.480000
4.480000
4.480000
4.480000
4.480000
4.480000
4.480000
4.480000
5.061000
5.061000
5.061000
5.061000
5.061000
5.643000
5.643000
5.643000
5.643000
5.643000
5.643000
5.643000
5.643000
5.643000
6.224000
6.224000
6.224000
6.224000
6.224000
6.805000
6.805000
6.805000
6.805000
6.805000
6.805000
6.805000
6.805000
6.805000
6.805000
6.805000
6.805000
7.387000
7.387000
7.387000
7.387000
7.387000
7.387000
7.387000
7.387000
7.387000
7.387000
7.387000
7.968000
7.968000
7.968000
7.968000
7.968000
8.549000
8.549000
8.549000
8.549000
8.549000
8.549000
8.549000
8.549000
8.549000
8.549000
8.549000
8.549000
9.131000
9.131000
9.131000
9.131000
9.131000
9.131000
9.131000
9.131000
9.131000
9.131000
9.131000
9.712000
9.712000
9.712000
9.712000
9.712000
9.712000
9.712000
9.712000
9.712000
9.712000
9.712000
9.712000
9.712000
9.712000
10.290000
10.290000
10.290000
10.290000
10.290000
10.290000
10.290000
10.290000
10.290000
10.870000
10.870000
10.870000
10.870000
10.870000
10.870000
10.870000
11.460000
11.460000
11.460000
11.460000
11.460000
11.460000
11.460000
11.460000
11.460000
11.460000
11.460000
12.040000
12.040000
12.040000
12.040000
12.040000
12.040000
12.040000
12.040000
12.040000
12.040000
12.040000
12.040000
12.620000
12.620000
12.620000
12.620000
12.620000
12.620000
12.620000
12.620000
13.200000
13.200000
13.200000
13.200000
13.200000
13.200000
13.200000
13.200000
13.200000
13.200000
13.780000
13.780000
13.780000
13.780000
13.780000
13.780000
13.780000
13.780000
13.780000
14.360000
14.360000
14.360000
14.360000
14.360000
14.360000
14.360000
14.940000
14.940000
14.940000
14.940000
14.940000
14.940000
15.530000
15.530000
15.530000
15.530000
15.530000
15.530000
15.530000
15.530000
15.530000
16.110001
16.110001
16.110001
16.110001
16.110001
16.110001
16.110001
16.110001
16.690001
16.690001
16.690001
16.690001
16.690001
16.690001
16.690001
16.690001
16.690001
16.690001
16.690001
16.690001
17.270000
17.270000
17.270000
17.270000
17.270000
17.270000
17.270000
17.270000
17.270000
17.270000
17.270000
17.850000
17.850000
17.850000
17.850000
17.850000
17.850000
17.850000
18.430000
18.430000
18.430000
18.430000
18.430000
18.430000
18.430000
18.430000
18.430000
18.430000
19.010000
19.010000
19.010000
19.010000
19.010000
19.010000
19.010000
19.010000
19.600000
19.600000
19.600000
19.600000
19.600000
19.600000
20.180000
20.180000
20.180000
20.180000
20.180000
20.760000
20.760000
20.760000
20.760000
20.760000
20.760000
20.760000
20.760000
20.760000
20.760000
20.760000
20.760000
20.760000
20.760000
20.760000
21.340000
21.340000
21.340000
21.340000
21.340000
21.340000
21.340000
21.340000
21.340000
21.340000
21.340000
21.340000
21.340000
21.340000
21.920000
21.920000
21.920000
21.920000
21.920000
21.920000
21.920000
21.920000
21.920000
21.920000
22.500000
22.500000
22.500000
22.500000
22.500000
22.500000
22.500000
22.500000
22.500000
22.500000
23.080000
23.080000
23.080000
23.080000
23.080000
23.080000
23.080000
23.080000
23.080000
23.080000
23.080000
23.080000
23.080000
23.080000
23.080000
23.080000
23.670000
23.670000
23.670000
23.670000
23.670000
23.670000
23.670000
23.670000
24.250000
24.250000
24.250000
24.250000
24.250000
24.250000
24.250000
24.250000
24.250000
24.250000
24.250000
24.250000
24.250000
24.830000
24.830000
24.830000
24.830000
24.830000
24.830000
24.830000
24.830000
24.830000
25.410000
25.410000
25.410000
25.410000
25.410000
25.990000
25.990000
25.990000
25.990000
25.990000
25.990000
25.990000
25.990000
26.570000
26.570000
26.570000
26.570000
26.570000
26.570000
26.570000
26.570000
26.570000
26.570000
26.570000
27.150000
27.150000
27.150000
27.150000
27.150000
27.150000
27.150000
33.020000
33.020000
33.020000
33.020000
33.020000
33.020000
38.880001
38.880001
38.880001
38.880001
38.880001
38.880001
38.880001
38.880001
38.880001
38.880001
38.880001
38.880001
38.880001
38.880001
38.880001
44.740002
44.740002
44.740002
44.740002
44.740002
44.740002
50.599998
50.599998
50.599998
50.599998
50.599998
50.599998
50.599998
50.599998
50.599998
50.599998
50.599998
55.000000
55.000000
55.000000
55.000000
55.000000
