0.000000
0.000000
0.000000
0.000000
0.000000
0.000000
0.000000
0.000000
0.000000
0.000000
0.000000
0.000000
0.000000
0.000000
0.000000
0.000000
0.000000
0.000000
0.000000
0.000000
0.000000
0.000000
0.000000
0.000000
0.000000
0.000000
0.000000
0.000000
0.000000
0.000000
0.000000
0.000000
0.000000
0.000000
0.000000
0.000000
0.000000
0.000000
0.000000
0.000000
0.000000
0.000000
0.000000
0.000000
0.000000
0.000000
0.000000
0.000000
0.000000
0.000000
0.000000
0.000000
0.000000
0.000000
0.000000
0.000000
0.000000
0.165200
0.165200
0.165200
0.165200
0.165200
0.165200
0.165200
0.165200
0.165200
0.165200
0.165200
0.165200
0.165200
0.165200
0.165200
0.165200
0.165200
0.273800
0.273800
0.273800
0.273800
0.273800
0.273800
0.273800
0.273800
0.273800
0.273800
0.273800
0.382400
0.382400
0.382400
0.382400
0.382400
0.382400
0.382400
0.382400
0.382400
0.382400
0.382400
0.382400
0.382400
0.382400
0.382400
0.491000
0.491000
0.491000
0.491000
0.491000
0.491000
0.491000
0.599600
0.599600
0.599600
0.599600
0.599600
0.599600
0.708100
0.708100
0.708100
0.708100
0.708100
0.708100
0.708100
0.708100
0.708100
0.708100
0.708100
0.708100
0.708100
0.708100
0.708100
0.708100
0.708100
0.708100
0.816700
0.816700
0.816700
0.816700
0.816700
0.816700
0.816700
0.816700
0.816700
0.816700
0.816700
0.925300
0.925300
0.925300
0.925300
0.925300
0.925300
0.925300
0.925300
0.925300
1.034000
1.034000
1.034000
1.034000
1.034000
1.034000
1.034000
1.034000
1.034000
1.034000
1.142000
1.142000
1.142000
1.142000
1.142000
1.142000
1.142000
1.142000
1.142000
1.142000
1.251000
1.251000
1.251000
1.251000
1.251000
1.251000
1.251000
1.251000
1.251000
1.251000
1.251000
1.360000
1.360000
1.360000
1.360000
1.360000
1.360000
1.360000
1.360000
1.468000
1.468000
1.468000
1.468000
1.468000
1.468000
1.468000
1.468000
1.468000
1.468000
1.577000
1.577000
1.577000
1.577000
1.577000
1.577000
1.577000
1.577000
1.685000
1.685000
1.685000
1.685000
1.685000
1.685000
1.685000
1.685000
1.685000
1.794000
1.794000
1.794000
1.794000
1.794000
1.794000
1.794000
1.794000
1.903000
1.903000
1.903000
1.903000
1.903000
1.903000
1.903000
1.903000
1.903000
1.903000
1.903000
1.903000
1.903000
2.011000
2.011000
2.011000
2.011000
2.011000
2.011000
2.011000
2.011000
2.011000
2.011000
2.011000
2.011000
2.120000
2.120000
2.120000
2.120000
2.120000
2.120000
2.120000
2.120000
2.120000
2.228000
2.228000
2.228000
2.228000
2.228000
2.228000
2.228000
2.228000
2.228000
2.337000
2.337000
2.337000
2.337000
2.337000
2.337000
2.337000
2.337000
2.337000
2.337000
2.446000
2.446000
2.446000
2.446000
2.446000
2.446000
2.446000
2.446000
2.554000
2.554000
2.554000
2.554000
2.554000
2.554000
2.554000
2.554000
2.663000
2.663000
2.663000
2.663000
2.771000
2.771000
2.771000
2.771000
2.771000
2.771000
2.771000
2.771000
2.771000
2.771000
2.880000
2.880000
2.880000
2.880000
2.880000
2.880000
2.880000
2.880000
2.880000
2.880000
2.988000
2.988000
2.988000
2.988000
2.988000
2.988000
2.988000
2.988000
3.097000
3.097000
3.097000
3.097000
3.097000
3.097000
3.097000
3.097000
3.206000
3.206000
3.206000
3.206000
3.206000
3.206000
3.206000
3.206000
3.314000
3.314000
3.314000
3.314000
3.314000
3.314000
3.314000
3.314000
3.314000
3.314000
3.314000
3.423000
3.423000
3.423000
3.423000
3.423000
3.423000
3.423000
3.423000
3.423000
3.531000
3.531000
3.531000
3.531000
3.531000
3.531000
3.531000
3.531000
3.531000
3.531000
3.531000
3.640000
3.640000
3.640000
3.640000
3.640000
3.640000
3.640000
3.640000
3.640000
3.640000
3.640000
3.640000
3.640000
3.640000
3.749000
3.749000
3.749000
3.749000
3.749000
3.749000
3.749000
3.749000
3.749000
3.749000
3.749000
3.749000
3.857000
3.857000
3.857000
3.857000
3.857000
3.857000
3.857000
3.857000
3.857000
3.966000
3.966000
3.966000
3.966000
3.966000
3.966000
3.966000
3.966000
3.966000
3.966000
3.966000
3.966000
4.074000
4.074000
4.074000
4.074000
4.074000
4.074000
4.074000
4.183000
4.183000
4.183000
4.183000
4.183000
4.183000
4.183000
4.183000
4.183000
4.183000
4.183000
4.183000
4.183000
4.291000
4.291000
4.291000
4.291000
4.291000
4.291000
4.291000
4.291000
4.400000
4.400000
4.400000
4.400000
4.400000
4.400000
4.400000
4.400000
4.400000
4.400000
4.509000
4.509000
4.509000
4.617000
4.617000
4.617000
4.617000
4.617000
4.617000
4.617000
4.726000
4.726000
4.726000
4.726000
4.726000
4.726000
4.726000
4.726000
4.726000
4.726000
4.726000
4.726000
4.834000
4.834000
4.834000
4.834000
4.834000
4.834000
4.834000
4.834000
4.834000
4.834000
4.834000
4.834000
4.834000
4.943000
4.943000
4.943000
5.052000
5.052000
5.052000
5.052000
5.052000
5.052000
5.052000
5.052000
5.596000
5.596000
5.596000
5.596000
5.596000
5.596000
5.596000
5.596000
5.596000
5.596000
5.596000
6.141000
6.141000
6.141000
6.141000
6.141000
6.141000
6.141000
6.141000
6.141000
6.141000
6.141000
6.686000
6.686000
6.686000
6.686000
6.686000
6.686000
6.686000
6.686000
6.686000
6.686000
7.231000
7.231000
7.231000
7.231000
7.231000
7.231000
7.231000
7.231000
7.231000
7.231000
7.231000
7.776000
7.776000
7.776000
7.776000
7.776000
7.776000
7.776000
7.776000
7.776000
7.776000
7.776000
7.776000
7.776000
8.321000
8.321000
8.321000
8.321000
8.321000
8.321000
8.321000
8.866000
8.866000
8.866000
8.866000
8.866000
8.866000
8.866000
8.866000
8.866000
8.866000
8.866000
8.866000
9.411000
9.411000
9.411000
9.411000
9.411000
9.411000
9.411000
9.411000
9.411000
9.411000
9.411000
9.411000
9.956000
9.956000
9.956000
9.956000
9.956000
9.956000
9.956000
9.956000
9.956000
9.956000
9.956000
9.956000
9.956000
9.956000
9.956000
9.956000
9.956000
9.956000
10.500000
10.500000
10.500000
10.500000
10.500000
10.500000
10.500000
10.500000
10.500000
11.050000
11.050000
11.050000
11.050000
11.050000
11.050000
11.050000
11.590000
11.590000
11.590000
11.590000
11.590000
11.590000
11.590000
11.590000
11.590000
12.140000
12.140000
12.140000
12.140000
12.140000
12.140000
12.140000
12.140000
12.140000
12.140000
12.140000
12.680000
12.680000
12.680000
12.680000
12.680000
12.680000
12.680000
12.680000
12.680000
12.680000
12.680000
12.680000
12.680000
13.230000
13.230000
13.230000
13.230000
13.230000
13.230000
13.770000
13.770000
13.770000
13.770000
13.770000
13.770000
13.770000
13.770000
13.770000
13.770000
14.310000
14.310000
14.310000
14.310000
14.310000
14.310000
14.310000
14.310000
14.860000
14.860000
14.860000
14.860000
14.860000
14.860000
14.860000
14.860000
14.860000
14.860000
14.860000
14.860000
14.860000
15.400000
15.400000
15.400000
15.400000
15.400000
15.400000
15.400000
15.400000
15.400000
15.950000
15.950000
15.950000
15.950000
15.950000
15.950000
15.950000
15.950000
15.950000
16.490000
16.490000
16.490000
17.040001
17.040001
17.040001
17.040001
17.040001
17.040001
17.040001
17.580000
17.580000
17.580000
17.580000
17.580000
17.580000
17.580000
17.580000
17.580000
17.580000
17.580000
17.580000
17.580000
17.580000
18.129999
18.129999
18.129999
18.129999
18.129999
18.129999
18.129999
18.129999
18.129999
18.670000
18.670000
18.670000
18.670000
18.670000
19.219999
19.219999
19.219999
19.219999
19.219999
19.760000
19.760000
19.760000
19.760000
19.760000
19.760000
19.760000
19.760000
20.309999
20.309999
20.309999
20.309999
20.309999
20.309999
20.309999
20.309999
20.309999
20.309999
20.309999
20.309999
20.309999
20.850000
20.850000
20.850000
20.850000
20.850000
20.850000
20.850000
20.850000
20.850000
20.850000
20.850000
20.850000
20.850000
21.400000
21.400000
21.400000
21.400000
21.400000
21.400000
21.400000
21.400000
21.400000
21.400000
21.940001
21.940001
21.940001
21.940001
21.940001
21.940001
21.940001
21.940001
21.940001
22.490000
22.490000
22.490000
22.490000
22.490000
22.490000
22.490000
22.490000
22.490000
22.490000
22.490000
22.490000
22.490000
22.490000
23.030001
23.030001
23.030001
23.030001
23.030001
23.030001
23.030001
23.030001
23.030001
23.030001
23.030001
23.030001
23.030001
23.030001
23.030001
23.580000
23.580000
23.580000
23.580000
23.580000
24.120001
24.120001
24.120001
24.120001
24.120001
24.120001
24.120001
24.120001
24.120001
24.120001
24.120001
24.670000
24.670000
24.670000
24.670000
24.670000
25.209999
25.209999
25.209999
25.209999
25.209999
25.209999
25.209999
25.209999
25.209999
25.209999
25.209999
25.209999
25.209999
25.209999
25.760000
25.760000
25.760000
25.760000
25.760000
25.760000
25.760000
25.760000
25.760000
25.760000
26.299999
26.299999
26.299999
26.299999
26.299999
26.299999
26.299999
26.850000
26.850000
26.850000
26.850000
26.850000
26.850000
26.850000
26.850000
26.850000
26.850000
26.850000
26.850000
26.850000
26.850000
26.850000
26.850000
26.850000
27.389999
27.389999
27.389999
27.389999
27.389999
27.389999
27.389999
27.389999
27.389999
27.389999
27.389999
27.389999
27.940001
27.940001
27.940001
27.940001
27.940001
27.940001
27.940001
27.940001
27.940001
27.940001
27.940001
27.940001
27.940001
28.480000
28.480000
28.480000
28.480000
28.480000
29.030001
29.030001
29.030001
29.030001
29.030001
29.030001
29.030001
29.030001
29.030001
29.570000
29.570000
29.570000
29.570000
29.570000
29.570000
29.570000
37.240002
37.240002
37.240002
37.240002
37.240002
37.240002
37.240002
37.240002
37.240002
44.910000
44.910000
44.910000
44.910000
44.910000
44.910000
44.910000
44.910000
44.910000
52.580002
52.580002
52.580002
52.580002
52.580002
52.580002
52.580002
52.580002
52.580002
60.250000
60.250000
60.250000
60.250000
60.250000
60.250000
60.250000
60.250000
60.250000
60.250000
60.250000
60.250000
60.250000
60.250000
66.000000
66.000000
66.000000
66.000000
66.000000
66.000000
