0.000000
0.000000
0.000000
0.000000
0.000000
0.000000
0.000000
0.000000
0.000000
0.000000
0.000000
0.000000
0.000000
0.000000
0.000000
0.000000
0.000000
0.000000
0.000000
0.000000
0.000000
0.000000
0.000000
0.000000
0.000000
0.000000
0.000000
0.000000
0.000000
0.000000
0.000000
0.000000
0.000000
0.000000
0.000000
0.000000
0.000000
0.000000
0.000000
0.000000
0.000000
0.000000
0.000000
0.000000
0.057360
0.057360
0.057360
0.057360
0.057360
0.057360
0.057360
0.137900
0.137900
0.137900
0.137900
0.137900
0.137900
0.218500
0.218500
0.218500
0.218500
0.218500
0.218500
0.218500
0.218500
0.218500
0.218500
0.218500
0.218500
0.218500
0.218500
0.218500
0.218500
0.218500
0.218500
0.218500
0.299100
0.299100
0.299100
0.299100
0.299100
0.299100
0.299100
0.299100
0.299100
0.299100
0.299100
0.299100
0.299100
0.379600
0.379600
0.379600
0.379600
0.379600
0.379600
0.379600
0.379600
0.379600
0.379600
0.460200
0.460200
0.460200
0.460200
0.460200
0.540800
0.540800
0.540800
0.540800
0.621400
0.621400
0.621400
0.621400
0.621400
0.621400
0.621400
0.621400
0.621400
0.621400
0.701900
0.701900
0.701900
0.701900
0.701900
0.701900
0.701900
0.701900
0.782500
0.782500
0.782500
0.782500
0.782500
0.782500
0.782500
0.782500
0.782500
0.782500
0.863100
0.863100
0.863100
0.863100
0.863100
0.863100
0.863100
0.863100
0.863100
0.863100
0.863100
0.863100
0.863100
0.863100
0.863100
0.863100
0.863100
0.863100
0.863100
0.943700
0.943700
0.943700
0.943700
0.943700
0.943700
0.943700
0.943700
0.943700
0.943700
1.024000
1.024000
1.024000
1.024000
1.024000
1.105000
1.105000
1.105000
1.105000
1.105000
1.105000
1.105000
1.105000
1.105000
1.105000
1.105000
1.185000
1.185000
1.185000
1.185000
1.185000
1.185000
1.185000
1.185000
1.185000
1.185000
1.185000
1.266000
1.266000
1.266000
1.266000
1.266000
1.266000
1.266000
1.266000
1.266000
1.266000
1.266000
1.266000
1.347000
1.347000
1.347000
1.347000
1.347000
1.347000
1.347000
1.347000
1.347000
1.347000
1.347000
1.347000
1.347000
1.427000
1.427000
1.427000
1.427000
1.427000
1.427000
1.427000
1.427000
1.427000
1.427000
1.508000
1.508000
1.508000
1.508000
1.508000
1.508000
1.508000
1.508000
1.508000
1.508000
1.508000
1.508000
1.508000
1.588000
1.588000
1.588000
1.588000
1.588000
1.588000
1.588000
1.588000
1.588000
1.669000
1.669000
1.669000
1.669000
1.669000
1.749000
1.749000
1.749000
1.749000
1.749000
1.749000
1.749000
1.749000
1.830000
1.830000
1.830000
1.830000
1.830000
1.830000
1.830000
1.830000
1.830000
1.830000
1.830000
1.830000
1.911000
1.911000
1.911000
1.911000
1.991000
1.991000
1.991000
2.072000
2.072000
2.072000
2.072000
2.072000
2.072000
2.072000
2.072000
2.072000
2.152000
2.152000
2.152000
2.152000
2.152000
2.152000
2.152000
2.233000
2.233000
2.233000
2.233000
2.233000
2.233000
2.233000
2.233000
2.233000
2.313000
2.313000
2.313000
2.313000
2.313000
2.313000
2.313000
2.313000
2.313000
2.313000
2.313000
2.394000
2.394000
2.394000
2.394000
2.394000
2.394000
2.475000
2.475000
2.475000
2.475000
2.475000
2.475000
2.475000
2.475000
2.475000
2.555000
2.555000
2.555000
2.555000
2.555000
2.555000
2.555000
2.555000
2.555000
2.555000
2.555000
2.555000
2.636000
2.636000
2.636000
2.636000
2.636000
2.636000
2.716000
2.716000
2.716000
2.716000
2.716000
2.716000
2.716000
2.797000
2.797000
2.797000
2.877000
2.877000
2.877000
2.877000
2.877000
2.958000
2.958000
2.958000
2.958000
2.958000
2.958000
2.958000
2.958000
2.958000
2.958000
2.958000
2.958000
3.039000
3.039000
3.039000
3.039000
3.039000
3.039000
3.119000
3.119000
3.119000
3.119000
3.119000
3.119000
3.119000
3.200000
3.200000
3.200000
3.200000
3.200000
3.200000
3.200000
3.200000
3.200000
3.200000
3.200000
3.200000
3.200000
3.200000
3.280000
3.280000
3.280000
3.280000
3.280000
3.280000
3.280000
3.280000
3.280000
3.280000
3.280000
3.280000
3.361000
3.361000
3.361000
3.361000
3.361000
3.361000
3.361000
3.361000
3.361000
3.361000
3.361000
3.441000
3.441000
3.441000
3.441000
3.441000
3.441000
3.441000
3.441000
3.522000
3.522000
3.522000
3.522000
3.522000
3.522000
3.522000
3.522000
3.522000
3.522000
3.522000
3.522000
3.522000
3.603000
3.603000
3.603000
3.603000
3.603000
3.683000
3.683000
3.683000
3.683000
3.683000
3.683000
3.683000
4.798000
4.798000
4.798000
4.798000
4.798000
4.798000
4.798000
4.798000
4.798000
4.798000
5.912000
5.912000
5.912000
5.912000
5.912000
5.912000
5.912000
5.912000
5.912000
5.912000
5.912000
5.912000
5.912000
7.027000
7.027000
7.027000
7.027000
7.027000
7.027000
7.027000
7.027000
7.027000
7.027000
8.142000
8.142000
8.142000
8.142000
8.142000
8.142000
8.142000
8.142000
8.142000
8.142000
8.142000
8.142000
8.142000
8.142000
8.142000
9.256000
9.256000
9.256000
9.256000
9.256000
9.256000
9.256000
9.256000
9.256000
9.256000
9.256000
9.256000
9.256000
9.256000
9.256000
10.370000
10.370000
10.370000
10.370000
10.370000
10.370000
10.370000
11.490000
11.490000
11.490000
11.490000
11.490000
11.490000
12.600000
12.600000
12.600000
12.600000
12.600000
12.600000
12.600000
12.600000
12.600000
12.600000
12.600000
12.600000
12.600000
12.600000
12.600000
13.710000
13.710000
13.710000
13.710000
13.710000
13.710000
13.710000
13.710000
14.830000
14.830000
14.830000
14.830000
14.830000
14.830000
14.830000
14.830000
14.830000
15.940000
15.940000
15.940000
15.940000
15.940000
15.940000
17.059999
17.059999
17.059999
17.059999
17.059999
17.059999
17.059999
17.059999
17.059999
17.059999
17.059999
17.059999
17.059999
17.059999
18.170000
18.170000
18.170000
18.170000
18.170000
18.170000
18.170000
18.170000
18.170000
18.170000
18.170000
18.170000
18.170000
19.290001
19.290001
19.290001
19.290001
19.290001
19.290001
19.290001
19.290001
19.290001
20.400000
20.400000
20.400000
20.400000
20.400000
21.520000
21.520000
21.520000
21.520000
21.520000
21.520000
21.520000
21.520000
21.520000
21.520000
21.520000
21.520000
21.520000
21.520000
21.520000
21.520000
22.629999
22.629999
22.629999
22.629999
22.629999
22.629999
22.629999
22.629999
22.629999
23.750000
23.750000
23.750000
23.750000
23.750000
23.750000
23.750000
23.750000
23.750000
23.750000
23.750000
23.750000
24.860001
24.860001
24.860001
24.860001
24.860001
24.860001
24.860001
24.860001
24.860001
24.860001
24.860001
25.980000
25.980000
25.980000
25.980000
25.980000
25.980000
25.980000
25.980000
25.980000
25.980000
25.980000
25.980000
27.090000
27.090000
27.090000
27.090000
27.090000
27.090000
27.090000
27.090000
27.090000
28.209999
28.209999
28.209999
28.209999
28.209999
28.209999
29.320000
29.320000
29.320000
29.320000
29.320000
29.320000
29.320000
29.320000
29.320000
29.320000
29.320000
29.320000
29.320000
29.320000
30.430000
30.430000
30.430000
30.430000
30.430000
30.430000
30.430000
30.430000
30.430000
30.430000
30.430000
30.430000
30.430000
31.549999
31.549999
31.549999
31.549999
31.549999
31.549999
31.549999
32.660000
32.660000
32.660000
32.660000
32.660000
32.660000
32.660000
32.660000
32.660000
32.660000
32.660000
32.660000
32.660000
32.660000
33.779999
33.779999
33.779999
33.779999
33.779999
33.779999
33.779999
33.779999
33.779999
34.889999
34.889999
34.889999
34.889999
34.889999
34.889999
34.889999
34.889999
34.889999
34.889999
34.889999
34.889999
34.889999
36.009998
36.009998
36.009998
36.009998
36.009998
36.009998
36.009998
36.009998
36.009998
36.009998
36.009998
36.009998
36.009998
37.119999
37.119999
37.119999
37.119999
37.119999
37.119999
37.119999
37.119999
37.119999
37.119999
37.119999
38.240002
38.240002
38.240002
38.240002
38.240002
38.240002
38.240002
38.240002
38.240002
38.240002
38.240002
38.240002
38.240002
38.240002
39.349998
39.349998
39.349998
39.349998
39.349998
39.349998
39.349998
39.349998
39.349998
39.349998
39.349998
39.349998
39.349998
39.349998
39.349998
39.349998
40.470001
40.470001
40.470001
40.470001
40.470001
40.470001
40.470001
40.470001
40.470001
40.470001
41.580002
41.580002
41.580002
41.580002
41.580002
41.580002
41.580002
41.580002
41.580002
41.580002
42.700001
42.700001
42.700001
42.700001
42.700001
42.700001
42.700001
42.700001
42.700001
42.700001
42.700001
43.810001
43.810001
43.810001
43.810001
43.810001
43.810001
43.810001
43.810001
43.810001
43.810001
43.810001
44.930000
44.930000
44.930000
44.930000
44.930000
44.930000
44.930000
44.930000
44.930000
44.930000
44.930000
44.930000
44.930000
44.930000
46.040001
46.040001
46.040001
46.040001
46.040001
46.040001
46.040001
47.150002
47.150002
47.150002
47.150002
47.150002
47.150002
47.150002
47.150002
48.270000
48.270000
48.270000
48.270000
48.270000
48.270000
48.270000
48.270000
48.270000
48.270000
48.270000
48.270000
48.270000
48.270000
49.380001
49.380001
49.380001
49.380001
49.380001
49.380001
49.380001
49.380001
49.380001
49.380001
50.500000
50.500000
50.500000
50.500000
50.500000
50.500000
51.610001
51.610001
51.610001
51.610001
51.610001
51.610001
51.610001
51.610001
51.610001
51.610001
51.610001
51.610001
51.610001
52.730000
52.730000
52.730000
52.730000
52.730000
52.730000
52.730000
52.730000
53.840000
53.840000
53.840000
53.840000
53.840000
53.840000
53.840000
53.840000
53.840000
53.840000
53.840000
53.840000
53.840000
53.840000
53.840000
53.840000
53.840000
63.349998
63.349998
63.349998
63.349998
63.349998
63.349998
63.349998
63.349998
72.860001
72.860001
72.860001
72.860001
72.860001
72.860001
72.860001
72.860001
72.860001
82.360001
82.360001
82.360001
82.360001
82.360001
82.360001
82.360001
82.360001
82.360001
82.360001
91.870003
91.870003
91.870003
91.870003
91.870003
91.870003
91.870003
91.870003
91.870003
91.870003
91.870003
91.870003
91.870003
99.000000
99.000000
99.000000
99.000000
99.000000
99.000000
99.000000
