0.286200
0.286200
0.286200
0.286200
0.286200
0.286200
0.286200
0.286200
0.286200
0.884100
0.884100
0.884100
0.884100
0.884100
0.884100
0.884100
0.884100
0.884100
1.681000
1.681000
1.681000
1.681000
1.681000
1.681000
1.681000
1.681000
1.681000
2.478000
2.478000
2.478000
2.478000
2.478000
2.478000
3.276000
3.276000
3.276000
3.276000
3.276000
3.276000
3.276000
3.276000
3.276000
3.276000
3.276000
3.276000
3.276000
3.276000
3.276000
3.276000
3.276000
4.073000
4.073000
4.073000
4.073000
4.073000
4.073000
4.246000
4.246000
4.246000
4.246000
4.246000
4.246000
4.246000
4.246000
4.246000
4.246000
4.246000
4.420000
4.420000
4.420000
4.420000
4.420000
4.420000
4.420000
4.420000
4.420000
4.420000
4.420000
4.420000
4.593000
4.593000
4.767000
4.767000
4.767000
4.767000
4.767000
4.767000
4.767000
4.767000
4.767000
4.767000
4.767000
4.767000
4.767000
4.940000
4.940000
4.940000
4.940000
4.940000
4.940000
4.940000
4.940000
4.940000
4.940000
5.114000
5.114000
5.114000
5.114000
5.114000
5.114000
5.114000
5.114000
5.114000
5.114000
5.114000
5.114000
5.114000
5.114000
5.287000
5.287000
5.287000
5.287000
5.287000
5.287000
5.287000
5.461000
5.461000
5.461000
5.461000
5.461000
5.461000
5.461000
5.634000
5.634000
5.634000
5.634000
5.634000
5.634000
5.634000
5.634000
5.634000
5.808000
5.808000
5.808000
5.808000
5.808000
5.808000
5.808000
5.808000
5.808000
5.981000
5.981000
5.981000
5.981000
5.981000
5.981000
5.981000
5.981000
5.981000
5.981000
5.981000
6.155000
6.155000
6.155000
6.155000
6.155000
6.155000
6.155000
6.155000
6.155000
6.155000
6.155000
6.155000
6.328000
6.328000
6.328000
6.328000
6.328000
6.328000
6.328000
6.328000
6.328000
6.328000
6.328000
6.328000
6.328000
6.328000
6.502000
6.502000
6.502000
6.502000
6.502000
6.502000
6.502000
6.502000
6.502000
6.502000
6.502000
6.502000
6.502000
6.676000
6.676000
6.676000
6.676000
6.676000
6.676000
6.676000
6.676000
6.676000
6.676000
6.676000
6.849000
6.849000
6.849000
6.849000
6.849000
6.849000
6.849000
7.023000
7.023000
7.023000
7.023000
7.023000
7.023000
7.023000
7.023000
7.023000
7.196000
7.196000
7.196000
7.196000
7.196000
7.370000
7.370000
7.370000
7.370000
7.370000
7.370000
7.370000
7.543000
7.543000
7.543000
7.543000
7.543000
7.543000
7.543000
7.543000
7.543000
7.543000
7.543000
7.717000
7.717000
7.717000
7.717000
7.717000
7.717000
7.717000
7.717000
7.717000
7.717000
7.717000
7.717000
7.717000
7.717000
7.717000
7.890000
7.890000
7.890000
7.890000
7.890000
7.890000
8.064000
8.064000
8.064000
8.064000
8.064000
8.064000
8.064000
8.064000
8.064000
8.064000
8.237000
8.237000
8.237000
8.237000
8.237000
8.237000
8.237000
8.237000
8.237000
8.411000
8.411000
8.411000
8.411000
8.411000
8.411000
8.411000
8.411000
8.411000
8.411000
8.584000
8.584000
8.584000
8.584000
8.584000
8.584000
8.584000
8.584000
8.584000
8.584000
8.584000
8.758000
8.758000
8.758000
8.758000
8.758000
8.758000
8.758000
8.758000
8.758000
8.758000
8.758000
8.758000
8.758000
8.758000
8.758000
8.758000
8.758000
8.758000
8.758000
8.758000
8.931000
8.931000
8.931000
8.931000
8.931000
9.105000
9.105000
9.105000
9.105000
9.105000
9.105000
9.105000
9.278000
9.278000
9.278000
9.278000
9.278000
9.278000
9.452000
9.452000
9.452000
9.452000
9.452000
9.452000
9.452000
9.452000
9.452000
9.452000
9.452000
9.452000
9.452000
9.452000
9.452000
9.625000
9.625000
9.625000
9.625000
9.625000
9.625000
9.799000
9.799000
9.799000
9.799000
9.799000
9.799000
9.799000
9.972000
9.972000
9.972000
9.972000
9.972000
9.972000
9.972000
10.150000
10.150000
10.150000
10.150000
10.150000
10.150000
10.150000
10.320000
10.320000
10.320000
10.320000
10.320000
10.320000
10.320000
10.320000
10.320000
10.320000
10.320000
10.320000
10.320000
10.490000
10.490000
10.490000
10.490000
10.490000
10.490000
10.490000
10.490000
10.490000
10.490000
10.490000
10.670000
10.670000
10.670000
10.670000
10.670000
10.670000
10.670000
10.670000
10.840000
10.840000
10.840000
10.840000
10.840000
10.840000
10.840000
10.840000
10.840000
10.840000
11.010000
11.010000
11.010000
11.010000
11.010000
11.010000
11.010000
11.190000
11.190000
11.190000
11.190000
11.190000
11.190000
11.190000
11.190000
11.190000
11.190000
11.360000
11.360000
11.360000
11.360000
11.360000
11.360000
11.360000
11.360000
11.360000
11.360000
11.360000
11.360000
11.530000
11.530000
11.530000
11.530000
11.530000
11.530000
11.530000
11.710000
11.710000
11.710000
11.710000
11.710000
11.710000
11.710000
11.710000
11.710000
11.710000
11.710000
11.710000
11.710000
11.710000
11.880000
11.880000
11.880000
11.880000
11.880000
11.880000
11.880000
11.880000
11.880000
11.880000
11.880000
12.010000
12.010000
12.010000
12.010000
12.010000
12.010000
12.010000
12.010000
12.010000
12.010000
12.140000
12.140000
12.140000
12.270000
12.270000
12.270000
12.270000
12.270000
12.270000
12.270000
12.400000
12.400000
12.400000
12.400000
12.400000
12.400000
12.400000
12.400000
12.400000
12.530000
12.530000
12.530000
12.530000
12.530000
12.530000
12.530000
12.660000
12.660000
12.660000
12.660000
12.660000
12.660000
12.660000
12.660000
12.660000
12.660000
12.660000
12.790000
12.790000
12.790000
12.790000
12.790000
12.790000
12.790000
12.790000
12.790000
12.920000
12.920000
12.920000
12.920000
12.920000
12.920000
12.920000
12.920000
12.920000
13.050000
13.050000
13.050000
13.050000
13.050000
13.050000
13.050000
13.050000
13.050000
13.050000
13.050000
13.050000
13.050000
13.050000
13.050000
13.180000
13.180000
13.180000
13.180000
13.180000
13.180000
13.180000
13.180000
13.180000
13.180000
13.180000
13.180000
13.310000
13.310000
13.310000
13.310000
13.310000
13.310000
13.310000
13.310000
13.310000
13.310000
13.310000
13.310000
13.440000
13.440000
13.440000
13.440000
13.440000
13.440000
13.440000
13.440000
13.440000
13.440000
13.440000
13.570000
13.570000
13.570000
13.570000
13.570000
13.570000
13.570000
13.570000
13.570000
13.570000
13.700000
13.700000
13.700000
13.700000
13.700000
13.700000
13.700000
13.700000
13.700000
13.700000
13.700000
13.830000
13.830000
13.830000
13.830000
13.830000
13.830000
13.830000
13.960000
13.960000
13.960000
13.960000
13.960000
13.960000
13.960000
13.960000
13.960000
13.960000
13.960000
14.100000
14.100000
14.100000
14.100000
14.100000
14.230000
14.230000
14.230000
14.230000
14.230000
14.230000
14.230000
14.230000
14.230000
14.230000
14.230000
14.230000
14.230000
14.230000
14.230000
14.230000
14.360000
14.360000
14.360000
14.360000
14.360000
14.360000
14.360000
14.360000
14.360000
14.360000
14.360000
14.490000
14.490000
14.490000
14.490000
14.490000
14.490000
14.490000
14.490000
14.490000
14.490000
14.620000
14.620000
14.620000
14.620000
14.620000
14.620000
14.620000
14.620000
14.620000
14.620000
14.750000
14.750000
14.750000
14.750000
14.750000
14.750000
14.750000
14.750000
14.750000
14.750000
14.880000
14.880000
14.880000
15.010000
15.010000
15.010000
15.010000
15.010000
15.010000
15.010000
15.010000
15.010000
15.010000
15.140000
15.140000
15.140000
15.140000
15.140000
15.140000
15.140000
15.140000
15.140000
15.140000
15.140000
15.270000
15.270000
15.270000
15.270000
15.270000
15.400000
15.400000
15.400000
15.400000
15.400000
15.400000
15.400000
15.400000
15.400000
15.400000
15.400000
15.400000
15.400000
15.400000
15.400000
15.400000
15.400000
15.400000
15.400000
15.530000
15.530000
15.530000
15.530000
15.660000
15.660000
15.660000
15.660000
15.660000
15.660000
15.660000
15.660000
15.790000
15.790000
15.790000
15.790000
15.790000
15.790000
15.790000
15.790000
15.790000
15.790000
15.790000
15.790000
15.790000
15.790000
15.790000
15.920000
15.920000
15.920000
15.920000
15.920000
15.920000
15.920000
16.049999
16.049999
16.049999
16.049999
16.049999
16.049999
16.049999
16.049999
16.049999
16.049999
16.049999
16.049999
16.049999
16.180000
16.180000
16.180000
16.180000
16.180000
16.180000
16.180000
16.180000
16.180000
16.180000
16.180000
16.180000
16.309999
16.309999
16.309999
16.309999
16.309999
16.309999
16.309999
16.309999
16.309999
16.309999
16.309999
16.440001
16.440001
16.440001
16.440001
16.440001
16.440001
16.440001
16.440001
16.570000
16.570000
16.570000
16.570000
16.570000
16.570000
16.570000
16.570000
16.570000
16.570000
16.570000
16.570000
16.570000
16.570000
16.570000
16.700001
16.700001
16.700001
16.700001
16.700001
16.700001
16.700001
16.700001
16.700001
16.700001
16.700001
16.700001
16.700001
16.700001
16.830000
16.830000
16.830000
16.830000
16.830000
16.959999
16.959999
16.959999
16.959999
16.959999
16.959999
16.959999
16.959999
16.959999
17.090000
17.090000
17.090000
17.090000
17.090000
17.090000
17.090000
17.090000
17.090000
17.090000
17.090000
17.090000
17.090000
17.090000
17.090000
17.219999
17.219999
17.219999
17.219999
17.219999
17.219999
17.219999
17.219999
17.219999
17.219999
17.350000
17.350000
17.350000
17.350000
17.350000
17.350000
17.350000
17.350000
17.350000
17.350000
17.350000
17.350000
17.350000
17.480000
17.480000
17.480000
17.480000
17.480000
17.480000
17.480000
17.480000
17.480000
17.480000
17.480000
17.610001
17.610001
17.610001
17.610001
17.610001
17.610001
17.610001
17.610001
17.610001
17.610001
17.610001
17.610001
17.610001
17.610001
17.740000
17.740000
17.740000
17.740000
17.740000
17.740000
17.740000
17.740000
17.740000
17.740000
18.870001
18.870001
18.870001
18.870001
18.870001
20.000000
20.000000
20.000000
20.000000
20.000000
20.000000
20.000000
20.000000
20.000000
20.000000
21.129999
21.129999
21.129999
21.129999
21.129999
21.129999
21.129999
21.129999
21.129999
21.129999
21.129999
22.250000
22.250000
22.250000
22.250000
22.250000
22.250000
22.250000
22.250000
22.250000
22.250000
22.250000
23.100000
23.100000
23.100000
23.100000
23.100000
23.100000
23.100000
23.100000
23.100000
23.100000
23.100000
