0.000000
0.000000
0.000000
0.000000
0.000000
0.000000
0.000000
0.000000
0.000000
0.000000
0.000000
0.000000
0.000000
0.000000
0.000000
0.000000
0.000000
0.000000
0.000000
0.000000
0.000000
0.000000
0.000000
0.000000
0.000000
0.000000
0.000000
0.000000
0.000000
0.000000
0.000000
0.000000
0.000000
0.000000
0.000000
0.000000
0.000000
0.000000
0.245600
0.245600
0.245600
0.245600
0.245600
0.245600
0.245600
0.245600
0.245600
0.447600
0.447600
0.447600
0.447600
0.447600
0.447600
0.649500
0.649500
0.649500
0.649500
0.851500
0.851500
0.851500
0.851500
0.851500
0.851500
0.851500
1.053000
1.053000
1.053000
1.053000
1.053000
1.053000
1.053000
1.053000
1.053000
1.053000
1.053000
1.053000
1.053000
1.053000
1.053000
1.053000
1.053000
1.255000
1.255000
1.255000
1.255000
1.255000
1.255000
1.255000
1.255000
1.255000
1.255000
1.457000
1.457000
1.457000
1.457000
1.457000
1.457000
1.457000
1.457000
1.457000
1.659000
1.659000
1.659000
1.659000
1.659000
1.659000
1.659000
1.659000
1.659000
1.659000
1.659000
1.659000
1.659000
1.659000
1.659000
1.659000
1.659000
1.659000
1.659000
1.659000
1.659000
1.861000
1.861000
1.861000
1.861000
1.861000
1.861000
1.861000
1.861000
1.861000
1.861000
1.861000
1.861000
1.861000
1.861000
1.861000
2.063000
2.063000
2.063000
2.063000
2.063000
2.265000
2.265000
2.265000
2.265000
2.265000
2.265000
2.265000
2.265000
2.265000
2.265000
2.265000
2.265000
2.467000
2.467000
2.467000
2.467000
2.467000
2.467000
2.467000
2.467000
2.467000
2.467000
2.669000
2.669000
2.669000
2.669000
2.669000
2.669000
2.669000
2.669000
2.669000
2.669000
2.669000
2.871000
2.871000
2.871000
2.871000
2.871000
2.871000
2.871000
2.871000
2.871000
2.871000
2.871000
3.073000
3.073000
3.275000
3.275000
3.275000
3.275000
3.275000
3.477000
3.477000
3.477000
3.477000
3.477000
3.477000
3.477000
3.477000
3.477000
3.477000
3.477000
3.679000
3.679000
3.679000
3.679000
3.679000
3.679000
3.679000
3.679000
3.881000
3.881000
3.881000
3.881000
3.881000
3.881000
3.881000
3.881000
3.881000
3.881000
3.881000
3.881000
3.881000
4.083000
4.083000
4.083000
4.083000
4.083000
4.083000
4.083000
4.083000
4.083000
4.284000
4.284000
4.284000
4.284000
4.284000
4.284000
4.284000
4.284000
4.284000
4.284000
4.284000
4.284000
4.284000
4.284000
4.284000
4.486000
4.486000
4.486000
4.486000
4.486000
4.486000
4.486000
4.486000
4.486000
4.486000
4.486000
4.486000
4.688000
4.688000
4.688000
4.688000
4.688000
4.688000
4.688000
4.688000
4.688000
4.688000
4.688000
4.688000
4.890000
4.890000
4.890000
4.890000
4.890000
4.890000
5.092000
5.092000
5.092000
5.294000
5.294000
5.294000
5.294000
5.294000
5.294000
5.496000
5.496000
5.496000
5.496000
5.496000
5.496000
5.496000
5.496000
5.496000
5.496000
5.496000
5.496000
5.698000
5.698000
5.698000
5.698000
5.698000
5.698000
5.698000
5.900000
5.900000
5.900000
5.900000
5.900000
5.900000
5.900000
5.900000
5.900000
5.900000
5.900000
5.900000
5.900000
6.102000
6.102000
6.102000
6.102000
6.102000
6.102000
6.102000
6.102000
6.304000
6.304000
6.304000
6.304000
6.304000
6.304000
6.304000
6.304000
6.304000
6.304000
6.304000
6.304000
6.304000
6.304000
6.304000
6.304000
6.304000
6.304000
6.304000
6.304000
6.506000
6.506000
6.506000
6.506000
6.506000
6.506000
6.506000
6.506000
6.506000
6.506000
6.708000
6.708000
6.708000
6.708000
6.708000
6.708000
6.708000
6.708000
6.708000
6.708000
6.708000
6.910000
6.910000
6.910000
6.910000
6.910000
6.910000
6.910000
6.910000
6.910000
6.910000
6.910000
6.910000
6.910000
6.910000
6.910000
6.910000
7.112000
7.112000
7.112000
7.112000
7.112000
7.112000
7.112000
7.112000
7.314000
7.314000
7.314000
7.314000
7.314000
7.314000
7.516000
7.516000
7.516000
7.516000
7.516000
7.516000
7.516000
7.516000
7.717000
7.717000
7.717000
7.717000
7.717000
7.717000
7.717000
7.717000
7.717000
7.717000
7.919000
7.919000
7.919000
7.919000
7.919000
7.919000
7.919000
7.919000
7.919000
7.919000
7.919000
8.121000
8.121000
8.121000
8.121000
8.121000
8.121000
8.121000
8.121000
8.121000
8.121000
8.121000
8.323000
8.323000
8.323000
8.323000
8.323000
8.323000
8.323000
8.323000
8.323000
8.323000
8.323000
8.323000
8.323000
8.323000
8.323000
8.323000
8.323000
8.323000
8.525000
8.525000
8.525000
8.525000
8.525000
8.525000
8.525000
8.525000
8.525000
8.525000
8.525000
8.525000
8.727000
8.727000
8.727000
8.727000
8.727000
8.727000
8.727000
8.727000
8.727000
8.929000
8.929000
8.929000
8.929000
8.929000
8.929000
8.929000
8.929000
8.929000
8.929000
8.929000
9.131000
9.131000
9.131000
9.131000
9.131000
9.131000
9.131000
9.131000
9.131000
9.131000
9.131000
9.131000
9.333000
9.333000
9.333000
9.333000
9.333000
9.333000
9.333000
9.333000
9.333000
9.333000
9.333000
9.333000
10.390000
10.390000
10.390000
10.390000
10.390000
10.390000
10.390000
10.390000
10.390000
10.390000
10.390000
10.390000
11.450000
11.450000
11.450000
11.450000
11.450000
12.500000
12.500000
12.500000
12.500000
12.500000
12.500000
13.560000
13.560000
14.610000
14.610000
14.610000
14.610000
14.610000
14.610000
14.610000
14.610000
14.610000
14.610000
15.670000
15.670000
15.670000
15.670000
15.670000
15.670000
15.670000
15.670000
15.670000
15.670000
15.670000
15.670000
15.670000
15.670000
16.730000
16.730000
16.730000
16.730000
16.730000
16.730000
16.730000
16.730000
16.730000
16.730000
17.780001
17.780001
17.780001
17.780001
17.780001
17.780001
17.780001
17.780001
17.780001
17.780001
17.780001
17.780001
18.840000
18.840000
18.840000
18.840000
18.840000
18.840000
18.840000
18.840000
18.840000
18.840000
18.840000
18.840000
19.889999
19.889999
19.889999
19.889999
19.889999
19.889999
19.889999
20.950001
20.950001
20.950001
20.950001
20.950001
20.950001
20.950001
20.950001
22.010000
22.010000
22.010000
22.010000
22.010000
22.010000
22.010000
22.010000
22.010000
22.010000
22.010000
22.010000
22.010000
22.010000
22.010000
22.010000
23.059999
23.059999
23.059999
23.059999
23.059999
23.059999
23.059999
23.059999
24.120001
24.120001
24.120001
24.120001
24.120001
24.120001
25.180000
25.180000
25.180000
25.180000
25.180000
26.230000
26.230000
26.230000
26.230000
26.230000
26.230000
26.230000
26.230000
26.230000
26.230000
26.230000
26.230000
26.230000
26.230000
27.290001
27.290001
27.290001
27.290001
27.290001
27.290001
27.290001
27.290001
27.290001
27.290001
27.290001
27.290001
27.290001
28.340000
28.340000
28.340000
28.340000
28.340000
29.400000
29.400000
29.400000
29.400000
29.400000
29.400000
29.400000
29.400000
29.400000
29.400000
29.400000
29.400000
29.400000
30.459999
30.459999
30.459999
30.459999
30.459999
30.459999
30.459999
30.459999
30.459999
30.459999
30.459999
30.459999
30.459999
30.459999
30.459999
31.510000
31.510000
31.510000
31.510000
31.510000
31.510000
31.510000
31.510000
31.510000
31.510000
32.570000
32.570000
32.570000
32.570000
33.619999
33.619999
33.619999
33.619999
33.619999
33.619999
33.619999
33.619999
33.619999
33.619999
33.619999
33.619999
34.680000
34.680000
34.680000
34.680000
34.680000
34.680000
34.680000
34.680000
34.680000
34.680000
34.680000
35.740002
35.740002
35.740002
35.740002
35.740002
35.740002
35.740002
35.740002
35.740002
35.740002
35.740002
36.790001
36.790001
36.790001
36.790001
36.790001
36.790001
36.790001
36.790001
36.790001
36.790001
36.790001
37.849998
37.849998
37.849998
37.849998
37.849998
37.849998
37.849998
37.849998
37.849998
37.849998
37.849998
38.910000
38.910000
38.910000
38.910000
38.910000
38.910000
38.910000
38.910000
38.910000
38.910000
39.959999
39.959999
39.959999
39.959999
39.959999
39.959999
39.959999
39.959999
39.959999
39.959999
39.959999
41.020000
41.020000
41.020000
41.020000
41.020000
41.020000
41.020000
41.020000
41.020000
41.020000
41.020000
42.070000
42.070000
42.070000
42.070000
42.070000
42.070000
42.070000
42.070000
42.070000
42.070000
42.070000
43.130001
43.130001
43.130001
43.130001
43.130001
43.130001
43.130001
43.130001
43.130001
43.130001
44.189999
44.189999
44.189999
44.189999
44.189999
44.189999
44.189999
44.189999
44.189999
44.189999
44.189999
44.189999
45.240002
45.240002
45.240002
45.240002
45.240002
45.240002
45.240002
45.240002
45.240002
46.299999
46.299999
46.299999
46.299999
46.299999
46.299999
46.299999
46.299999
46.299999
46.299999
47.360001
47.360001
47.360001
47.360001
47.360001
48.410000
48.410000
48.410000
48.410000
48.410000
48.410000
48.410000
48.410000
48.410000
49.470001
49.470001
49.470001
49.470001
49.470001
49.470001
50.520000
50.520000
50.520000
50.520000
50.520000
50.520000
50.520000
50.520000
50.520000
51.580002
51.580002
51.580002
51.580002
51.580002
51.580002
51.580002
52.639999
52.639999
52.639999
52.639999
52.639999
52.639999
52.639999
53.689999
53.689999
53.689999
53.689999
53.689999
53.689999
53.689999
53.689999
53.689999
53.689999
53.689999
53.689999
54.750000
54.750000
54.750000
54.750000
54.750000
54.750000
54.750000
54.750000
55.799999
55.799999
55.799999
55.799999
55.799999
55.799999
55.799999
55.799999
55.799999
55.799999
56.860001
56.860001
56.860001
56.860001
56.860001
56.860001
56.860001
56.860001
56.860001
62.720001
62.720001
62.720001
62.720001
62.720001
62.720001
62.720001
62.720001
62.720001
62.720001
62.720001
62.720001
62.720001
68.580002
68.580002
68.580002
68.580002
68.580002
68.580002
68.580002
68.580002
74.440002
74.440002
74.440002
74.440002
74.440002
74.440002
74.440002
74.440002
74.440002
74.440002
80.309998
80.309998
80.309998
80.309998
80.309998
80.309998
80.309998
80.309998
80.309998
80.309998
80.309998
80.309998
80.309998
80.309998
84.699997
84.699997
84.699997
84.699997
84.699997
84.699997
84.699997
84.699997
84.699997
84.699997
84.699997
84.699997
84.699997
84.699997
