0.000000
0.000000
0.000000
0.000000
0.000000
0.000000
0.000000
0.000000
0.000000
0.000000
0.000000
0.000000
0.000000
0.000000
0.000000
0.000000
0.000000
0.000000
0.000000
0.000000
0.000000
0.000000
0.000000
0.000000
0.000000
0.000000
0.000000
0.000000
1.439000
1.439000
1.439000
1.439000
1.439000
1.439000
1.439000
5.599000
5.599000
5.599000
5.599000
5.599000
5.599000
5.599000
5.599000
5.599000
5.599000
5.599000
5.599000
5.599000
5.599000
5.599000
5.599000
5.599000
9.758000
9.758000
9.758000
9.758000
9.758000
9.758000
9.758000
9.758000
9.758000
9.758000
9.758000
10.690000
10.690000
10.690000
10.690000
10.690000
10.690000
10.690000
10.690000
10.690000
10.690000
11.610000
11.610000
11.610000
11.610000
11.610000
11.610000
11.610000
11.610000
12.540000
12.540000
12.540000
12.540000
12.540000
12.540000
12.540000
12.540000
12.540000
12.540000
13.470000
13.470000
13.470000
13.470000
13.470000
13.470000
13.470000
13.470000
13.470000
13.470000
13.470000
14.400000
14.400000
14.400000
14.400000
14.400000
14.400000
14.400000
14.400000
14.400000
14.400000
15.330000
15.330000
15.330000
15.330000
15.330000
15.330000
15.330000
15.330000
15.330000
15.330000
16.260000
16.260000
16.260000
16.260000
16.260000
16.260000
16.260000
16.260000
16.260000
16.260000
16.260000
17.180000
17.180000
17.180000
17.180000
17.180000
17.180000
17.180000
17.180000
17.180000
17.180000
17.180000
17.180000
17.180000
17.180000
17.180000
17.180000
18.110001
18.110001
18.110001
18.110001
18.110001
18.110001
18.110001
18.110001
19.040001
19.040001
19.040001
19.040001
19.040001
19.040001
19.040001
19.040001
19.040001
19.040001
19.969999
19.969999
19.969999
19.969999
19.969999
19.969999
20.900000
20.900000
20.900000
20.900000
20.900000
20.900000
20.900000
20.900000
20.900000
20.900000
21.830000
21.830000
21.830000
21.830000
21.830000
21.830000
21.830000
21.830000
22.750000
22.750000
22.750000
22.750000
22.750000
22.750000
22.750000
22.750000
22.750000
22.750000
22.750000
22.750000
22.750000
23.680000
23.680000
23.680000
23.680000
23.680000
23.680000
23.680000
23.680000
23.680000
24.610001
24.610001
24.610001
24.610001
24.610001
24.610001
24.610001
24.610001
24.610001
24.610001
24.610001
24.610001
24.610001
24.610001
24.610001
25.540001
25.540001
25.540001
25.540001
25.540001
25.540001
25.540001
26.469999
26.469999
26.469999
26.469999
26.469999
27.400000
27.400000
27.400000
27.400000
27.400000
27.400000
27.400000
27.400000
28.320000
28.320000
28.320000
28.320000
28.320000
28.320000
28.320000
28.320000
29.250000
29.250000
29.250000
29.250000
29.250000
29.250000
29.250000
29.250000
29.250000
29.250000
29.250000
29.250000
29.250000
30.180000
30.180000
30.180000
30.180000
30.180000
30.180000
30.180000
30.180000
30.180000
30.180000
30.180000
30.180000
30.180000
31.110001
31.110001
31.110001
31.110001
31.110001
31.110001
31.110001
31.110001
31.110001
32.040001
32.040001
32.040001
32.040001
32.040001
32.040001
32.040001
32.040001
32.040001
32.040001
32.040001
32.040001
32.959999
32.959999
32.959999
32.959999
32.959999
33.889999
33.889999
33.889999
33.889999
33.889999
33.889999
33.889999
33.889999
33.889999
33.889999
33.889999
34.820000
34.820000
34.820000
34.820000
34.820000
34.820000
34.820000
34.820000
34.820000
35.750000
35.750000
35.750000
35.750000
35.750000
35.750000
35.750000
35.750000
36.680000
36.680000
36.680000
36.680000
36.680000
36.680000
36.680000
36.680000
36.680000
36.680000
37.610001
37.610001
37.610001
37.610001
37.610001
37.610001
37.610001
37.610001
37.610001
37.610001
37.610001
37.610001
38.529999
38.529999
38.529999
38.529999
38.529999
38.529999
38.529999
39.459999
39.459999
39.459999
39.459999
39.459999
39.459999
39.459999
39.459999
39.459999
40.389999
40.389999
40.389999
40.389999
40.389999
40.389999
40.389999
40.389999
41.320000
41.320000
41.320000
41.320000
41.320000
41.320000
41.320000
41.320000
42.250000
42.250000
42.250000
42.250000
42.250000
42.250000
42.250000
42.250000
42.250000
42.250000
42.250000
42.250000
42.250000
42.250000
43.180000
43.180000
43.180000
43.180000
43.180000
43.180000
44.099998
44.099998
44.099998
44.099998
44.099998
44.099998
44.099998
45.029999
45.029999
45.029999
45.029999
45.029999
45.029999
45.029999
45.029999
45.029999
45.029999
45.029999
45.029999
45.959999
45.959999
45.959999
45.959999
45.959999
45.959999
45.959999
45.959999
45.959999
45.959999
45.959999
46.889999
46.889999
46.889999
46.889999
46.889999
46.889999
46.889999
46.889999
46.889999
46.889999
47.820000
47.820000
47.820000
47.820000
47.820000
48.750000
48.750000
48.750000
48.750000
48.750000
48.750000
48.750000
48.750000
48.750000
48.750000
48.750000
49.669998
49.669998
49.669998
49.669998
49.669998
49.669998
49.669998
49.669998
49.669998
50.599998
50.599998
50.599998
50.599998
50.599998
50.599998
50.599998
50.599998
50.599998
50.599998
50.599998
50.599998
50.599998
50.599998
50.599998
50.599998
50.599998
50.599998
51.529999
51.529999
51.529999
51.529999
51.529999
51.529999
51.529999
51.529999
51.529999
52.410000
52.410000
52.410000
52.410000
52.410000
52.410000
52.410000
52.410000
52.410000
53.290001
53.290001
53.290001
53.290001
53.290001
53.290001
53.290001
53.290001
53.290001
53.290001
54.169998
54.169998
54.169998
54.169998
54.169998
54.169998
54.169998
54.169998
55.049999
55.049999
55.049999
55.049999
55.049999
55.049999
55.930000
55.930000
55.930000
55.930000
55.930000
55.930000
55.930000
55.930000
55.930000
55.930000
56.810001
56.810001
56.810001
56.810001
56.810001
56.810001
56.810001
57.700001
57.700001
57.700001
57.700001
57.700001
57.700001
57.700001
57.700001
57.700001
57.700001
57.700001
58.580002
58.580002
58.580002
58.580002
58.580002
58.580002
58.580002
58.580002
58.580002
59.459999
59.459999
59.459999
59.459999
59.459999
59.459999
59.459999
59.459999
60.340000
60.340000
60.340000
60.340000
60.340000
60.340000
60.340000
60.340000
60.340000
60.340000
60.340000
60.340000
61.220001
61.220001
61.220001
61.220001
61.220001
61.220001
61.220001
61.220001
61.220001
61.220001
61.220001
62.099998
62.099998
62.099998
62.099998
62.099998
62.099998
62.099998
62.099998
62.099998
62.099998
62.099998
62.980000
62.980000
62.980000
62.980000
62.980000
62.980000
62.980000
62.980000
63.860001
63.860001
63.860001
63.860001
63.860001
63.860001
63.860001
63.860001
63.860001
63.860001
63.860001
63.860001
64.739998
64.739998
64.739998
64.739998
64.739998
65.620003
65.620003
65.620003
65.620003
65.620003
65.620003
65.620003
65.620003
65.620003
66.500000
66.500000
66.500000
66.500000
66.500000
66.500000
66.500000
66.500000
66.500000
66.500000
66.500000
66.500000
66.500000
67.379997
67.379997
67.379997
67.379997
67.379997
67.379997
67.379997
67.379997
67.379997
67.379997
68.269997
68.269997
68.269997
68.269997
68.269997
68.269997
68.269997
68.269997
68.269997
68.269997
69.150002
69.150002
69.150002
69.150002
69.150002
69.150002
69.150002
69.150002
69.150002
70.029999
70.029999
70.029999
70.029999
70.029999
70.029999
70.029999
70.029999
70.029999
70.029999
70.029999
70.910004
70.910004
70.910004
70.910004
70.910004
70.910004
70.910004
70.910004
70.910004
71.790001
71.790001
71.790001
71.790001
71.790001
71.790001
71.790001
71.790001
72.669998
72.669998
72.669998
72.669998
72.669998
72.669998
72.669998
72.669998
72.669998
72.669998
72.669998
72.669998
72.669998
72.669998
72.669998
72.669998
73.550003
73.550003
73.550003
73.550003
73.550003
73.550003
73.550003
73.550003
73.550003
73.550003
73.550003
73.550003
73.550003
73.550003
73.550003
73.550003
74.430000
74.430000
74.430000
74.430000
74.430000
74.430000
74.430000
74.430000
75.309998
75.309998
75.309998
75.309998
75.309998
75.309998
75.309998
75.309998
75.309998
75.309998
76.190002
76.190002
76.190002
76.190002
76.190002
76.190002
76.190002
76.190002
76.190002
77.070000
77.070000
77.070000
77.070000
77.070000
77.070000
77.949997
77.949997
77.949997
77.949997
77.949997
77.949997
77.949997
77.949997
77.949997
77.949997
78.839996
78.839996
78.839996
78.839996
78.839996
78.839996
78.839996
78.839996
78.839996
79.720001
79.720001
79.720001
79.720001
79.720001
80.599998
80.599998
80.599998
80.599998
80.599998
80.599998
80.599998
80.599998
80.599998
80.599998
81.480003
81.480003
81.480003
81.480003
81.480003
81.480003
81.480003
82.360001
82.360001
82.360001
82.360001
82.360001
82.360001
82.360001
82.360001
82.360001
83.239998
83.239998
83.239998
83.239998
83.239998
83.239998
83.239998
83.239998
83.239998
83.239998
83.239998
83.239998
83.239998
83.239998
83.239998
84.120003
84.120003
84.120003
84.120003
84.120003
84.120003
84.120003
84.120003
84.120003
84.120003
84.120003
84.120003
84.120003
84.120003
85.000000
85.000000
85.000000
85.000000
85.000000
85.000000
85.000000
85.000000
85.000000
85.000000
85.000000
85.000000
85.879997
85.879997
85.879997
85.879997
85.879997
85.879997
85.879997
85.879997
85.879997
85.879997
86.760002
86.760002
86.760002
86.760002
86.760002
86.760002
86.760002
86.760002
87.639999
87.639999
87.639999
87.639999
87.639999
87.639999
87.639999
87.639999
87.639999
87.639999
87.639999
87.639999
88.519997
88.519997
88.519997
88.519997
88.519997
88.519997
88.519997
88.519997
88.519997
88.519997
88.519997
89.410004
89.410004
89.410004
89.410004
89.410004
89.410004
89.410004
89.410004
89.410004
90.290001
90.290001
90.290001
90.290001
90.290001
90.290001
90.290001
90.290001
91.169998
91.169998
91.169998
91.169998
91.169998
91.169998
91.169998
91.169998
91.169998
91.169998
95.129997
95.129997
95.129997
95.129997
95.129997
95.129997
95.129997
95.129997
95.129997
95.129997
95.129997
99.099998
99.099998
99.099998
99.099998
99.099998
99.099998
99.099998
99.099998
99.099998
103.099998
103.099998
103.099998
103.099998
103.099998
103.099998
103.099998
103.099998
103.099998
103.099998
103.099998
103.099998
107.000000
107.000000
107.000000
107.000000
107.000000
107.000000
107.000000
107.000000
107.000000
107.000000
107.000000
107.000000
107.000000
107.000000
107.000000
107.000000
110.000000
110.000000
110.000000
110.000000
110.000000
110.000000
110.000000
110.000000
110.000000
110.000000
