0.000000
0.000000
0.000000
0.000000
0.000000
0.000000
0.000000
0.000000
0.000000
0.000000
0.000000
0.000000
0.000000
0.000000
0.000000
0.000000
0.000000
0.000000
0.000000
0.000000
0.000000
0.000000
0.000000
0.000000
0.000000
0.000000
0.000000
0.000000
0.000000
0.000000
0.000000
0.000000
0.000000
0.000000
0.000000
0.000000
0.000000
0.000000
0.000000
0.000000
0.000000
0.000000
0.000000
0.000000
0.000000
0.000000
0.000000
0.000000
0.000000
0.000000
0.000000
0.000000
0.000000
0.000000
0.000000
0.000000
0.000000
0.000000
0.000000
0.000000
0.000000
0.000000
0.000000
0.620900
0.620900
0.620900
0.620900
0.620900
0.620900
0.620900
0.620900
0.620900
0.898000
0.898000
0.898000
0.898000
0.898000
0.898000
1.175000
1.175000
1.175000
1.175000
1.175000
1.175000
1.452000
1.452000
1.452000
1.452000
1.452000
1.452000
1.452000
1.452000
1.729000
1.729000
1.729000
1.729000
1.729000
1.729000
2.006000
2.006000
2.006000
2.006000
2.006000
2.006000
2.284000
2.284000
2.284000
2.284000
2.284000
2.284000
2.284000
2.284000
2.284000
2.284000
2.284000
2.561000
2.561000
2.561000
2.561000
2.561000
2.561000
2.561000
2.561000
2.561000
2.561000
2.561000
2.561000
2.838000
2.838000
2.838000
2.838000
2.838000
2.838000
2.838000
2.838000
2.838000
2.838000
2.838000
2.838000
3.115000
3.115000
3.115000
3.115000
3.115000
3.115000
3.115000
3.115000
3.115000
3.115000
3.392000
3.392000
3.392000
3.392000
3.392000
3.392000
3.392000
3.392000
3.392000
3.392000
3.392000
3.669000
3.669000
3.669000
3.669000
3.669000
3.669000
3.669000
3.669000
3.669000
3.669000
3.946000
3.946000
3.946000
3.946000
3.946000
3.946000
3.946000
3.946000
3.946000
3.946000
3.946000
4.223000
4.223000
4.223000
4.223000
4.223000
4.223000
4.223000
4.223000
4.223000
4.223000
4.223000
4.223000
4.223000
4.501000
4.501000
4.501000
4.501000
4.501000
4.501000
4.501000
4.501000
4.501000
4.501000
4.501000
4.501000
4.501000
4.501000
4.778000
4.778000
4.778000
4.778000
4.778000
4.778000
5.055000
5.055000
5.055000
5.055000
5.055000
5.055000
5.332000
5.332000
5.332000
5.332000
5.332000
5.332000
5.332000
5.332000
5.332000
5.609000
5.609000
5.609000
5.609000
5.609000
5.609000
5.609000
5.609000
5.609000
5.609000
5.609000
5.609000
5.609000
5.886000
5.886000
5.886000
5.886000
5.886000
5.886000
5.886000
5.886000
5.886000
6.163000
6.163000
6.163000
6.163000
6.163000
6.163000
6.163000
6.163000
6.163000
6.163000
6.163000
6.440000
6.440000
6.440000
6.440000
6.440000
6.440000
6.440000
6.440000
6.440000
6.440000
6.440000
6.440000
6.440000
6.440000
6.440000
6.440000
6.717000
6.717000
6.717000
6.717000
6.717000
6.717000
6.995000
6.995000
6.995000
6.995000
6.995000
6.995000
7.272000
7.272000
7.272000
7.272000
7.272000
7.272000
7.272000
7.272000
7.272000
7.272000
7.272000
7.549000
7.549000
7.549000
7.549000
7.549000
7.826000
7.826000
7.826000
7.826000
7.826000
7.826000
8.103000
8.103000
8.103000
8.103000
8.103000
8.103000
8.103000
8.103000
8.380000
8.380000
8.380000
8.380000
8.380000
8.380000
8.380000
8.380000
8.380000
8.380000
8.380000
8.657000
8.657000
8.657000
8.657000
8.657000
8.657000
8.657000
8.934000
8.934000
8.934000
8.934000
8.934000
8.934000
8.934000
8.934000
8.934000
8.934000
8.934000
8.934000
9.212000
9.212000
9.212000
9.212000
9.212000
9.212000
9.212000
9.212000
9.212000
9.212000
9.212000
9.212000
9.212000
9.212000
9.212000
9.489000
9.489000
9.489000
9.489000
9.489000
9.489000
9.489000
9.489000
9.489000
9.489000
9.489000
9.766000
9.766000
9.766000
9.766000
9.766000
10.040000
10.040000
10.040000
10.040000
10.040000
10.040000
10.040000
10.040000
10.320000
10.320000
10.320000
10.320000
10.320000
10.320000
10.320000
10.320000
10.320000
10.320000
10.600000
10.600000
10.600000
10.600000
10.600000
10.600000
10.600000
10.600000
10.600000
10.600000
10.870000
10.870000
10.870000
10.870000
10.870000
10.870000
10.870000
10.870000
10.870000
11.150000
11.150000
11.150000
11.150000
11.150000
11.150000
11.150000
11.150000
11.150000
11.430000
11.430000
11.430000
11.430000
11.430000
11.430000
11.430000
11.430000
11.430000
11.430000
11.430000
11.430000
11.430000
11.430000
11.430000
11.710000
11.710000
11.710000
11.710000
11.710000
11.710000
11.710000
11.710000
11.710000
11.710000
11.710000
11.710000
11.710000
11.710000
11.710000
11.710000
11.710000
11.980000
11.980000
11.980000
11.980000
11.980000
11.980000
11.980000
11.980000
11.980000
11.980000
12.260000
12.260000
12.260000
12.260000
12.260000
12.260000
12.260000
12.540000
12.540000
12.540000
12.540000
12.540000
12.540000
12.540000
12.540000
12.540000
12.810000
12.810000
12.810000
12.810000
12.810000
12.810000
12.810000
12.810000
12.810000
13.090000
13.090000
13.090000
13.090000
13.090000
13.090000
13.090000
13.090000
13.090000
13.090000
13.090000
13.090000
13.980000
13.980000
13.980000
13.980000
13.980000
13.980000
13.980000
13.980000
13.980000
14.880000
14.880000
14.880000
14.880000
14.880000
14.880000
14.880000
14.880000
14.880000
14.880000
14.880000
14.880000
15.770000
15.770000
15.770000
15.770000
15.770000
15.770000
15.770000
15.770000
16.660000
16.660000
16.660000
16.660000
16.660000
16.660000
16.660000
16.660000
16.660000
16.660000
17.559999
17.559999
17.559999
17.559999
17.559999
17.559999
17.559999
17.559999
18.450001
18.450001
18.450001
18.450001
18.450001
18.450001
18.450001
18.450001
18.450001
18.450001
19.340000
19.340000
19.340000
19.340000
19.340000
19.340000
19.340000
19.340000
19.340000
19.340000
19.340000
19.340000
20.240000
20.240000
20.240000
20.240000
20.240000
20.240000
20.240000
20.240000
20.240000
20.240000
20.240000
20.240000
20.240000
21.129999
21.129999
21.129999
21.129999
21.129999
21.129999
22.020000
22.020000
22.020000
22.020000
22.020000
22.020000
22.020000
22.020000
22.020000
22.020000
22.020000
22.910000
22.910000
22.910000
22.910000
22.910000
22.910000
22.910000
22.910000
22.910000
22.910000
23.809999
23.809999
23.809999
23.809999
23.809999
23.809999
23.809999
24.700001
24.700001
24.700001
24.700001
24.700001
24.700001
24.700001
24.700001
24.700001
24.700001
25.590000
25.590000
25.590000
25.590000
25.590000
25.590000
25.590000
25.590000
25.590000
25.590000
25.590000
25.590000
25.590000
25.590000
25.590000
26.490000
26.490000
26.490000
26.490000
26.490000
26.490000
26.490000
26.490000
26.490000
26.490000
27.379999
27.379999
27.379999
27.379999
27.379999
27.379999
28.270000
28.270000
28.270000
28.270000
28.270000
28.270000
29.170000
29.170000
29.170000
29.170000
29.170000
29.170000
29.170000
30.059999
30.059999
30.059999
30.059999
30.059999
30.059999
30.059999
30.059999
30.059999
30.059999
30.059999
30.059999
30.059999
30.059999
30.059999
30.950001
30.950001
30.950001
30.950001
30.950001
30.950001
30.950001
30.950001
30.950001
30.950001
30.950001
31.840000
31.840000
31.840000
31.840000
31.840000
31.840000
31.840000
31.840000
31.840000
31.840000
31.840000
31.840000
31.840000
32.740002
32.740002
32.740002
32.740002
32.740002
33.630001
33.630001
33.630001
33.630001
33.630001
33.630001
33.630001
33.630001
33.630001
33.630001
33.630001
33.630001
34.520000
34.520000
34.520000
34.520000
34.520000
35.419998
35.419998
35.419998
35.419998
35.419998
35.419998
35.419998
35.419998
36.310001
36.310001
36.310001
36.310001
36.310001
36.310001
36.310001
36.310001
36.310001
36.310001
36.310001
37.200001
37.200001
37.200001
37.200001
37.200001
37.200001
37.200001
37.200001
38.090000
38.090000
38.090000
38.090000
38.090000
38.090000
38.090000
38.090000
38.090000
38.090000
38.090000
38.090000
38.990002
38.990002
38.990002
38.990002
38.990002
38.990002
38.990002
38.990002
38.990002
38.990002
38.990002
38.990002
39.880001
39.880001
39.880001
39.880001
39.880001
39.880001
39.880001
39.880001
39.880001
39.880001
39.880001
39.880001
40.770000
40.770000
40.770000
40.770000
40.770000
40.770000
40.770000
40.770000
40.770000
41.669998
41.669998
41.669998
41.669998
41.669998
41.669998
41.669998
41.669998
41.669998
41.669998
41.669998
41.669998
41.669998
41.669998
42.560001
42.560001
42.560001
42.560001
42.560001
42.560001
42.560001
42.560001
42.560001
43.450001
43.450001
43.450001
43.450001
43.450001
43.450001
43.450001
43.450001
43.450001
44.349998
44.349998
44.349998
44.349998
44.349998
44.349998
44.349998
44.349998
44.349998
44.349998
44.349998
45.240002
45.240002
45.240002
45.240002
45.240002
45.240002
45.240002
46.130001
46.130001
46.130001
46.130001
46.130001
46.130001
46.130001
47.020000
47.020000
47.020000
47.020000
47.020000
47.020000
47.020000
47.020000
47.020000
47.919998
47.919998
47.919998
47.919998
47.919998
47.919998
47.919998
47.919998
47.919998
48.810001
48.810001
48.810001
48.810001
48.810001
48.810001
48.810001
48.810001
48.810001
49.700001
49.700001
49.700001
49.700001
49.700001
49.700001
49.700001
49.700001
49.700001
49.700001
49.700001
49.700001
50.599998
50.599998
50.599998
50.599998
50.599998
50.599998
51.490002
51.490002
51.490002
51.490002
51.490002
51.490002
51.490002
51.490002
51.490002
51.490002
51.490002
51.490002
51.490002
51.490002
51.490002
51.490002
51.490002
51.490002
51.490002
52.380001
52.380001
52.380001
52.380001
52.380001
52.380001
52.380001
52.380001
52.380001
52.380001
53.279999
53.279999
53.279999
53.279999
53.279999
53.279999
53.279999
64.059998
64.059998
64.059998
64.059998
64.059998
74.839996
74.839996
74.839996
74.839996
74.839996
74.839996
74.839996
74.839996
74.839996
85.629997
85.629997
85.629997
85.629997
85.629997
85.629997
85.629997
85.629997
85.629997
85.629997
85.629997
96.410004
96.410004
96.410004
96.410004
96.410004
96.410004
96.410004
96.410004
96.410004
96.410004
96.410004
96.410004
104.500000
104.500000
104.500000
104.500000
104.500000
104.500000
104.500000
104.500000
104.500000
104.500000
104.500000
104.500000
104.500000
104.500000
104.500000
104.500000
