0.000000
0.000000
0.000000
0.000000
0.000000
0.000000
0.000000
0.000000
0.000000
0.000000
0.000000
0.000000
0.000000
0.000000
0.000000
0.000000
0.000000
0.000000
0.000000
0.000000
0.000000
0.000000
0.000000
0.000000
0.000000
0.000000
0.000000
0.000000
0.000000
0.000000
0.000000
0.000000
0.000000
0.000000
0.000000
0.000000
0.000000
0.000000
0.000000
0.000000
0.000000
0.000000
0.000000
0.000000
0.000000
0.000000
0.000000
0.000000
0.000000
0.000000
0.000000
0.139000
0.139000
0.139000
0.139000
0.139000
0.139000
0.139000
0.139000
0.139000
0.139000
0.241900
0.241900
0.241900
0.241900
0.241900
0.241900
0.241900
0.241900
0.241900
0.241900
0.344800
0.344800
0.344800
0.344800
0.344800
0.344800
0.344800
0.344800
0.344800
0.447700
0.447700
0.447700
0.447700
0.447700
0.447700
0.447700
0.447700
0.447700
0.447700
0.447700
0.550600
0.550600
0.550600
0.550600
0.550600
0.550600
0.550600
0.550600
0.653500
0.653500
0.653500
0.653500
0.653500
0.653500
0.653500
0.756400
0.756400
0.756400
0.756400
0.756400
0.756400
0.756400
0.756400
0.756400
0.756400
0.859300
0.859300
0.859300
0.859300
0.859300
0.859300
0.859300
0.962200
0.962200
0.962200
0.962200
0.962200
0.962200
0.962200
1.065000
1.065000
1.065000
1.168000
1.168000
1.168000
1.168000
1.168000
1.168000
1.168000
1.168000
1.168000
1.168000
1.271000
1.271000
1.271000
1.271000
1.271000
1.271000
1.271000
1.271000
1.271000
1.271000
1.271000
1.374000
1.374000
1.374000
1.374000
1.374000
1.374000
1.374000
1.374000
1.374000
1.374000
1.374000
1.477000
1.477000
1.477000
1.477000
1.477000
1.477000
1.477000
1.477000
1.477000
1.477000
1.580000
1.580000
1.580000
1.580000
1.580000
1.580000
1.580000
1.580000
1.683000
1.683000
1.683000
1.785000
1.785000
1.785000
1.785000
1.888000
1.888000
1.888000
1.888000
1.888000
1.888000
1.888000
1.888000
1.888000
1.888000
1.888000
1.991000
1.991000
1.991000
1.991000
1.991000
1.991000
1.991000
1.991000
1.991000
1.991000
1.991000
2.094000
2.094000
2.094000
2.094000
2.094000
2.094000
2.094000
2.094000
2.094000
2.094000
2.094000
2.197000
2.197000
2.197000
2.197000
2.197000
2.197000
2.197000
2.300000
2.300000
2.300000
2.300000
2.300000
2.300000
2.300000
2.300000
2.300000
2.300000
2.300000
2.300000
2.300000
2.300000
2.300000
2.300000
2.403000
2.403000
2.403000
2.403000
2.403000
2.403000
2.403000
2.506000
2.506000
2.506000
2.506000
2.506000
2.506000
2.506000
2.506000
2.506000
2.506000
2.506000
2.506000
2.506000
2.506000
2.506000
2.506000
2.609000
2.609000
2.609000
2.609000
2.609000
2.609000
2.609000
2.609000
2.609000
2.609000
2.712000
2.712000
2.712000
2.712000
2.712000
2.712000
2.712000
2.712000
2.712000
2.712000
2.712000
2.712000
2.712000
2.814000
2.814000
2.814000
2.814000
2.814000
2.814000
2.814000
2.814000
2.814000
2.917000
2.917000
2.917000
2.917000
2.917000
2.917000
2.917000
3.020000
3.020000
3.020000
3.020000
3.020000
3.020000
3.123000
3.123000
3.123000
3.123000
3.123000
3.123000
3.123000
3.123000
3.226000
3.226000
3.226000
3.226000
3.226000
3.226000
3.226000
3.329000
3.329000
3.329000
3.329000
3.329000
3.329000
3.329000
3.329000
3.329000
3.432000
3.432000
3.432000
3.432000
3.432000
3.432000
3.432000
3.432000
3.432000
3.432000
3.432000
3.432000
3.432000
3.432000
3.432000
3.535000
3.535000
3.535000
3.535000
3.535000
3.535000
3.638000
3.638000
3.638000
3.638000
3.638000
3.638000
3.638000
3.638000
3.638000
3.638000
3.638000
3.741000
3.741000
3.741000
3.741000
3.741000
3.741000
3.741000
3.741000
3.844000
3.844000
3.844000
3.844000
3.844000
3.844000
3.946000
3.946000
3.946000
3.946000
3.946000
3.946000
3.946000
4.049000
4.049000
4.049000
4.049000
4.049000
4.049000
4.049000
4.049000
4.049000
4.049000
4.152000
4.152000
4.152000
4.152000
4.152000
4.152000
4.152000
4.152000
4.152000
4.152000
4.152000
4.152000
4.152000
4.152000
4.152000
4.152000
4.255000
4.255000
4.255000
4.255000
4.255000
4.255000
4.255000
4.255000
4.255000
4.358000
4.358000
4.358000
4.358000
4.358000
4.358000
4.358000
4.358000
4.461000
4.461000
4.461000
4.461000
4.461000
4.461000
4.461000
4.461000
4.461000
4.461000
4.461000
4.461000
4.461000
4.461000
4.564000
4.564000
4.564000
4.564000
4.564000
4.564000
4.564000
4.564000
4.564000
4.564000
4.564000
4.667000
4.667000
4.667000
4.667000
4.667000
4.667000
4.667000
4.667000
4.667000
4.667000
4.667000
4.770000
4.770000
4.770000
4.770000
4.770000
4.770000
4.770000
4.770000
5.151000
5.151000
5.151000
5.151000
5.151000
5.151000
5.151000
5.151000
5.151000
5.151000
5.151000
5.151000
5.151000
5.151000
5.151000
5.532000
5.532000
5.532000
5.532000
5.532000
5.532000
5.532000
5.532000
5.532000
5.532000
5.913000
5.913000
5.913000
5.913000
5.913000
5.913000
5.913000
5.913000
6.294000
6.294000
6.294000
6.294000
6.294000
6.294000
6.294000
6.294000
6.294000
6.294000
6.294000
6.675000
6.675000
6.675000
6.675000
6.675000
6.675000
6.675000
6.675000
6.675000
6.675000
6.675000
6.675000
6.675000
6.675000
6.675000
7.056000
7.056000
7.056000
7.056000
7.056000
7.056000
7.056000
7.056000
7.438000
7.438000
7.438000
7.438000
7.438000
7.438000
7.438000
7.438000
7.438000
7.438000
7.438000
7.819000
7.819000
7.819000
7.819000
7.819000
7.819000
8.200000
8.200000
8.200000
8.200000
8.200000
8.200000
8.200000
8.581000
8.581000
8.581000
8.581000
8.581000
8.581000
8.581000
8.581000
8.581000
8.581000
8.581000
8.962000
8.962000
8.962000
8.962000
8.962000
8.962000
8.962000
8.962000
8.962000
8.962000
9.343000
9.343000
9.343000
9.343000
9.343000
9.343000
9.343000
9.343000
9.343000
9.343000
9.724000
9.724000
9.724000
9.724000
9.724000
9.724000
9.724000
9.724000
9.724000
9.724000
9.724000
9.724000
9.724000
10.110000
10.110000
10.110000
10.110000
10.110000
10.110000
10.110000
10.110000
10.110000
10.110000
10.490000
10.490000
10.490000
10.490000
10.490000
10.490000
10.490000
10.490000
10.490000
10.490000
10.870000
10.870000
10.870000
10.870000
10.870000
10.870000
10.870000
10.870000
10.870000
10.870000
10.870000
10.870000
10.870000
10.870000
10.870000
10.870000
10.870000
11.250000
11.250000
11.250000
11.250000
11.250000
11.250000
11.250000
11.250000
11.250000
11.250000
11.250000
11.250000
11.250000
11.250000
11.630000
11.630000
11.630000
11.630000
11.630000
11.630000
12.010000
12.010000
12.010000
12.010000
12.010000
12.010000
12.010000
12.010000
12.390000
12.770000
12.770000
12.770000
12.770000
12.770000
12.770000
12.770000
12.770000
12.770000
12.770000
12.770000
12.770000
12.770000
12.770000
12.770000
12.770000
12.770000
13.150000
13.150000
13.150000
13.150000
13.150000
13.150000
13.150000
13.150000
13.150000
13.150000
13.540000
13.540000
13.540000
13.540000
13.540000
13.540000
13.540000
13.540000
13.540000
13.540000
13.540000
13.540000
13.920000
13.920000
13.920000
13.920000
13.920000
13.920000
13.920000
13.920000
13.920000
14.300000
14.300000
14.300000
14.300000
14.300000
14.300000
14.300000
14.300000
14.680000
14.680000
14.680000
14.680000
14.680000
14.680000
14.680000
14.680000
14.680000
14.680000
15.060000
15.060000
15.060000
15.060000
15.060000
15.060000
15.060000
15.060000
15.060000
15.060000
15.060000
15.060000
15.060000
15.440000
15.440000
15.440000
15.440000
15.440000
15.440000
15.440000
15.440000
15.820000
15.820000
15.820000
15.820000
15.820000
15.820000
15.820000
15.820000
15.820000
15.820000
15.820000
15.820000
16.200001
16.200001
16.200001
16.200001
16.200001
16.200001
16.200001
16.200001
16.200001
16.200001
16.200001
16.590000
16.590000
16.590000
16.590000
16.590000
16.590000
16.590000
16.590000
16.590000
16.590000
16.590000
16.590000
16.590000
16.969999
16.969999
16.969999
16.969999
16.969999
16.969999
16.969999
16.969999
16.969999
16.969999
16.969999
16.969999
17.350000
17.350000
17.350000
17.350000
17.350000
17.350000
17.350000
17.350000
17.350000
17.350000
17.350000
17.350000
17.350000
17.350000
17.730000
17.730000
17.730000
17.730000
17.730000
17.730000
17.730000
17.730000
17.730000
17.730000
17.730000
17.730000
17.730000
18.110001
18.110001
18.110001
18.110001
18.110001
18.110001
18.110001
18.110001
18.110001
18.490000
18.490000
18.490000
18.490000
18.490000
18.490000
18.490000
18.870001
18.870001
18.870001
18.870001
18.870001
18.870001
18.870001
18.870001
18.870001
18.870001
18.870001
18.870001
18.870001
19.250000
19.250000
19.250000
19.250000
19.250000
19.250000
19.250000
19.250000
19.250000
19.629999
19.629999
19.629999
19.629999
19.629999
19.629999
19.629999
19.629999
19.629999
19.629999
19.629999
19.629999
19.629999
19.629999
19.629999
19.629999
20.020000
20.020000
20.020000
20.020000
20.020000
20.020000
20.020000
20.020000
20.020000
20.020000
20.020000
20.400000
20.400000
20.400000
20.400000
20.400000
20.400000
20.400000
20.400000
20.400000
20.400000
20.780001
20.780001
20.780001
20.780001
20.780001
20.780001
20.780001
20.780001
20.780001
20.780001
20.780001
20.780001
20.780001
20.780001
20.780001
20.780001
21.160000
21.160000
21.160000
21.160000
21.160000
21.160000
21.160000
21.160000
21.160000
21.160000
21.540001
21.540001
21.540001
21.540001
21.540001
21.540001
21.540001
21.540001
21.540001
21.920000
21.920000
21.920000
21.920000
21.920000
21.920000
21.920000
21.920000
26.570000
26.570000
26.570000
26.570000
26.570000
26.570000
26.570000
26.570000
31.219999
31.219999
31.219999
31.219999
31.219999
31.219999
31.219999
31.219999
35.869999
35.869999
35.869999
35.869999
35.869999
35.869999
40.509998
40.509998
40.509998
40.509998
40.509998
40.509998
40.509998
44.000000
44.000000
44.000000
44.000000
44.000000
44.000000
44.000000
44.000000
44.000000
44.000000
44.000000
44.000000
