0.000000
0.000000
0.000000
0.000000
0.000000
0.000000
0.000000
0.000000
0.000000
0.000000
0.000000
0.000000
0.000000
0.000000
0.000000
0.000000
0.000000
0.000000
0.000000
0.000000
0.000000
0.000000
0.000000
0.000000
0.000000
0.000000
0.000000
0.000000
0.000000
0.000000
0.000000
0.000000
0.000000
0.000000
0.000000
0.000000
0.000000
0.000000
0.000000
0.000000
0.000000
0.000000
0.000000
0.000000
0.000000
0.000000
0.000000
0.000000
0.013640
0.013640
0.013640
0.013640
0.013640
0.013640
0.013640
0.013640
0.013640
0.021560
0.021560
0.021560
0.021560
0.021560
0.021560
0.021560
0.021560
0.021560
0.021560
0.021560
0.021560
0.021560
0.021560
0.029490
0.029490
0.029490
0.029490
0.037410
0.037410
0.037410
0.037410
0.037410
0.037410
0.037410
0.037410
0.037410
0.045330
0.045330
0.045330
0.045330
0.053260
0.053260
0.053260
0.053260
0.053260
0.053260
0.053260
0.053260
0.053260
0.053260
0.053260
0.053260
0.061180
0.061180
0.061180
0.061180
0.061180
0.061180
0.069100
0.069100
0.069100
0.069100
0.069100
0.069100
0.069100
0.069100
0.069100
0.069100
0.069100
0.077030
0.077030
0.077030
0.077030
0.077030
0.077030
0.077030
0.084950
0.084950
0.084950
0.084950
0.084950
0.084950
0.084950
0.084950
0.084950
0.084950
0.084950
0.084950
0.084950
0.084950
0.092870
0.092870
0.092870
0.092870
0.092870
0.092870
0.092870
0.092870
0.092870
0.092870
0.092870
0.092870
0.092870
0.092870
0.092870
0.100800
0.100800
0.100800
0.100800
0.100800
0.100800
0.100800
0.100800
0.100800
0.100800
0.100800
0.100800
0.100800
0.108700
0.108700
0.108700
0.108700
0.108700
0.108700
0.108700
0.108700
0.108700
0.108700
0.108700
0.116600
0.116600
0.116600
0.116600
0.116600
0.116600
0.116600
0.116600
0.116600
0.124600
0.124600
0.124600
0.124600
0.124600
0.124600
0.124600
0.124600
0.132500
0.132500
0.132500
0.132500
0.132500
0.132500
0.132500
0.132500
0.132500
0.132500
0.132500
0.140400
0.140400
0.140400
0.140400
0.140400
0.148300
0.148300
0.148300
0.148300
0.148300
0.148300
0.148300
0.156300
0.156300
0.156300
0.156300
0.156300
0.156300
0.156300
0.156300
0.164200
0.164200
0.164200
0.164200
0.164200
0.164200
0.164200
0.164200
0.164200
0.164200
0.172100
0.172100
0.172100
0.172100
0.172100
0.172100
0.172100
0.172100
0.172100
0.172100
0.172100
0.172100
0.172100
0.180000
0.180000
0.180000
0.180000
0.180000
0.180000
0.180000
0.180000
0.180000
0.187900
0.187900
0.187900
0.187900
0.187900
0.187900
0.187900
0.187900
0.187900
0.187900
0.187900
0.187900
0.195900
0.195900
0.195900
0.195900
0.195900
0.195900
0.195900
0.195900
0.195900
0.195900
0.195900
0.195900
0.195900
0.195900
0.203800
0.203800
0.203800
0.203800
0.203800
0.203800
0.203800
0.203800
0.203800
0.203800
0.203800
0.211700
0.211700
0.211700
0.211700
0.211700
0.211700
0.211700
0.211700
0.211700
0.211700
0.211700
0.211700
0.211700
0.211700
0.211700
0.219600
0.219600
0.219600
0.219600
0.219600
0.219600
0.219600
0.219600
0.219600
0.219600
0.219600
0.227600
0.227600
0.227600
0.227600
0.227600
0.227600
0.235500
0.235500
0.235500
0.235500
0.235500
0.235500
0.235500
0.235500
0.235500
0.235500
0.235500
0.235500
0.243400
0.243400
0.243400
0.243400
0.243400
0.243400
0.243400
0.243400
0.243400
0.251300
0.251300
0.251300
0.251300
0.251300
0.251300
0.251300
0.251300
0.251300
0.251300
0.251300
0.251300
0.251300
0.251300
0.251300
0.259300
0.259300
0.259300
0.259300
0.259300
0.259300
0.259300
0.259300
0.267200
0.267200
0.267200
0.267200
0.267200
0.275100
0.275100
0.275100
0.275100
0.275100
0.275100
0.275100
0.275100
0.275100
0.275100
0.275100
0.275100
0.283000
0.283000
0.283000
0.283000
0.283000
0.283000
0.283000
0.283000
0.283000
0.283000
0.283000
0.283000
0.283000
0.290900
0.290900
0.290900
0.290900
0.290900
0.290900
0.290900
0.290900
0.290900
0.290900
0.298900
0.298900
0.298900
0.298900
0.298900
0.298900
0.306800
0.306800
0.306800
0.306800
0.306800
0.306800
0.306800
0.306800
0.314700
0.314700
0.314700
0.314700
0.314700
0.314700
0.322600
0.322600
0.322600
0.322600
0.322600
0.322600
0.322600
0.322600
0.322600
0.322600
0.330600
0.330600
0.330600
0.330600
0.330600
0.330600
0.330600
0.330600
0.330600
0.330600
0.330600
0.338500
0.338500
0.338500
0.338500
0.338500
0.338500
0.338500
0.338500
0.346400
0.346400
0.346400
0.346400
0.346400
0.346400
0.346400
0.346400
0.346400
0.346400
0.346400
0.346400
0.346400
0.346400
0.346400
0.354300
0.354300
0.354300
0.354300
0.354300
0.354300
0.354300
0.354300
0.354300
0.354300
0.354300
0.354300
0.354300
0.354300
0.354300
0.354300
0.354300
0.362300
0.362300
0.362300
0.362300
0.362300
0.362300
0.362300
0.362300
0.362300
0.362300
0.362300
0.362300
0.362300
0.370200
0.370200
0.370200
0.370200
0.370200
0.370200
0.379400
0.379400
0.379400
0.379400
0.379400
0.379400
0.379400
0.379400
0.379400
0.379400
0.388700
0.388700
0.388700
0.388700
0.388700
0.388700
0.398000
0.398000
0.398000
0.398000
0.398000
0.398000
0.398000
0.398000
0.398000
0.407200
0.407200
0.407200
0.407200
0.407200
0.407200
0.416500
0.416500
0.416500
0.416500
0.416500
0.416500
0.416500
0.416500
0.416500
0.416500
0.416500
0.416500
0.425700
0.425700
0.425700
0.425700
0.425700
0.425700
0.425700
0.425700
0.425700
0.425700
0.425700
0.425700
0.425700
0.435000
0.435000
0.435000
0.435000
0.435000
0.435000
0.435000
0.435000
0.435000
0.444300
0.444300
0.444300
0.444300
0.444300
0.453500
0.453500
0.453500
0.453500
0.453500
0.453500
0.453500
0.462800
0.462800
0.462800
0.462800
0.462800
0.462800
0.462800
0.462800
0.462800
0.462800
0.472000
0.472000
0.472000
0.472000
0.472000
0.472000
0.481300
0.481300
0.481300
0.481300
0.481300
0.481300
0.481300
0.481300
0.481300
0.481300
0.481300
0.481300
0.490600
0.490600
0.490600
0.490600
0.490600
0.490600
0.490600
0.490600
0.490600
0.490600
0.490600
0.490600
0.499800
0.499800
0.499800
0.499800
0.499800
0.499800
0.499800
0.509100
0.509100
0.509100
0.509100
0.509100
0.509100
0.509100
0.509100
0.509100
0.509100
0.518400
0.518400
0.518400
0.518400
0.518400
0.518400
0.527600
0.527600
0.527600
0.527600
0.527600
0.527600
0.527600
0.527600
0.527600
0.527600
0.527600
0.527600
0.527600
0.527600
0.527600
0.527600
0.527600
0.536900
0.536900
0.536900
0.536900
0.536900
0.536900
0.536900
0.536900
0.536900
0.536900
0.536900
0.536900
0.536900
0.536900
0.536900
0.546100
0.546100
0.546100
0.546100
0.546100
0.546100
0.546100
0.546100
0.546100
0.546100
0.555400
0.555400
0.555400
0.555400
0.555400
0.555400
0.555400
0.555400
0.555400
0.564700
0.564700
0.564700
0.564700
0.564700
0.564700
0.564700
0.564700
0.564700
0.564700
0.564700
0.573900
0.573900
0.573900
0.573900
0.573900
0.573900
0.573900
0.573900
0.573900
0.573900
0.583200
0.583200
0.583200
0.583200
0.583200
0.583200
0.583200
0.583200
0.583200
0.583200
0.583200
0.583200
0.583200
0.583200
0.583200
0.592400
0.592400
0.592400
0.592400
0.592400
0.592400
0.592400
0.592400
0.592400
0.592400
0.601700
0.601700
0.601700
0.601700
0.601700
0.601700
0.601700
0.601700
0.601700
0.601700
0.611000
0.611000
0.611000
0.611000
0.611000
0.611000
0.611000
0.611000
0.611000
0.611000
0.611000
0.611000
0.611000
0.620200
0.620200
0.620200
0.620200
0.620200
0.620200
0.620200
0.620200
0.620200
0.620200
0.629500
0.629500
0.629500
0.629500
0.629500
0.629500
0.629500
0.629500
0.629500
0.629500
0.629500
0.629500
0.638800
0.638800
0.638800
0.638800
0.638800
0.638800
0.638800
0.638800
0.638800
0.638800
0.638800
0.638800
0.648000
0.648000
0.648000
0.648000
0.648000
0.648000
0.648000
0.648000
0.657300
0.657300
0.657300
0.657300
0.657300
0.666500
0.666500
0.666500
0.666500
0.666500
0.666500
0.666500
0.666500
0.675800
0.675800
0.675800
0.675800
0.675800
0.675800
0.675800
0.675800
0.675800
0.675800
0.675800
0.675800
0.675800
0.675800
0.685100
0.685100
0.685100
0.685100
0.685100
0.685100
0.694300
0.694300
0.694300
0.694300
0.694300
0.694300
0.694300
0.694300
0.694300
0.694300
0.703600
0.703600
0.703600
0.703600
0.703600
0.703600
0.703600
0.703600
0.703600
0.703600
0.703600
0.712800
0.712800
0.712800
0.712800
0.712800
0.712800
0.712800
0.722100
0.722100
0.722100
0.722100
0.722100
0.722100
0.731400
0.731400
0.731400
0.731400
0.731400
0.731400
0.731400
0.731400
0.731400
0.731400
0.731400
0.731400
0.731400
0.740600
0.740600
0.740600
0.740600
0.740600
0.740600
0.749900
0.749900
0.749900
0.749900
0.749900
0.749900
0.749900
0.749900
0.749900
0.749900
0.749900
0.759200
0.759200
0.759200
0.759200
0.759200
0.759200
0.759200
0.759200
0.759200
0.759200
0.768400
0.768400
0.768400
0.768400
0.768400
0.768400
0.777700
0.777700
0.777700
0.777700
0.777700
0.777700
0.777700
0.777700
0.777700
0.777700
0.777700
0.777700
0.777700
0.777700
0.777700
0.786900
0.786900
0.786900
0.786900
0.786900
0.786900
0.786900
0.786900
0.786900
0.786900
0.786900
0.786900
0.786900
0.786900
0.838400
0.838400
0.838400
0.838400
0.838400
0.838400
0.838400
0.838400
0.889800
0.889800
0.889800
0.889800
0.889800
0.889800
0.889800
0.889800
0.889800
0.889800
0.889800
0.941200
0.941200
0.941200
0.941200
0.941200
0.941200
0.941200
0.941200
0.941200
0.941200
0.992700
0.992700
0.992700
0.992700
0.992700
1.031000
1.031000
1.031000
1.031000
1.031000
1.031000
1.031000
1.031000
1.031000
1.031000
1.031000
1.031000
