0.000000
0.000000
0.000000
0.000000
0.000000
0.000000
0.000000
0.000000
0.000000
0.000000
0.000000
0.000000
0.000000
0.000000
0.000000
0.000000
0.000000
0.000000
0.000000
0.000000
0.000000
0.000000
0.000000
0.000000
0.000000
0.000000
0.000000
0.000000
0.000000
0.000000
0.000000
0.000000
0.000000
0.000000
0.000000
0.000000
0.000000
0.000000
0.000000
0.000000
0.000000
0.000000
0.000000
0.000000
0.000000
0.000000
0.000000
0.000000
0.000000
0.000000
0.000000
0.000000
0.013630
0.013630
0.013630
0.013630
0.013630
0.013630
0.073010
0.073010
0.073010
0.073010
0.073010
0.073010
0.073010
0.073010
0.073010
0.073010
0.073010
0.073010
0.073010
0.073010
0.132400
0.132400
0.132400
0.132400
0.132400
0.132400
0.132400
0.132400
0.132400
0.191800
0.191800
0.191800
0.191800
0.191800
0.191800
0.191800
0.191800
0.191800
0.251100
0.251100
0.251100
0.251100
0.251100
0.251100
0.251100
0.251100
0.251100
0.251100
0.251100
0.251100
0.251100
0.251100
0.251100
0.310500
0.310500
0.310500
0.310500
0.310500
0.310500
0.310500
0.310500
0.310500
0.310500
0.310500
0.369900
0.369900
0.369900
0.369900
0.369900
0.369900
0.369900
0.369900
0.369900
0.369900
0.369900
0.369900
0.369900
0.429200
0.429200
0.429200
0.429200
0.429200
0.429200
0.429200
0.429200
0.429200
0.429200
0.429200
0.429200
0.488600
0.488600
0.488600
0.488600
0.488600
0.488600
0.488600
0.488600
0.488600
0.488600
0.488600
0.488600
0.548000
0.548000
0.548000
0.548000
0.548000
0.548000
0.548000
0.548000
0.548000
0.548000
0.548000
0.548000
0.548000
0.607400
0.607400
0.607400
0.607400
0.607400
0.607400
0.607400
0.607400
0.607400
0.607400
0.607400
0.607400
0.607400
0.607400
0.607400
0.607400
0.607400
0.607400
0.666700
0.666700
0.666700
0.666700
0.666700
0.666700
0.666700
0.666700
0.726100
0.726100
0.726100
0.726100
0.726100
0.726100
0.726100
0.726100
0.726100
0.726100
0.726100
0.726100
0.726100
0.785500
0.785500
0.785500
0.785500
0.785500
0.785500
0.785500
0.785500
0.785500
0.785500
0.785500
0.785500
0.785500
0.785500
0.844800
0.844800
0.844800
0.844800
0.844800
0.844800
0.844800
0.844800
0.844800
0.844800
0.844800
0.844800
0.844800
0.904200
0.904200
0.904200
0.904200
0.904200
0.904200
0.904200
0.963600
0.963600
0.963600
0.963600
0.963600
0.963600
0.963600
0.963600
0.963600
0.963600
1.023000
1.023000
1.023000
1.023000
1.023000
1.023000
1.023000
1.023000
1.023000
1.023000
1.023000
1.023000
1.082000
1.082000
1.082000
1.082000
1.082000
1.082000
1.082000
1.082000
1.082000
1.082000
1.082000
1.082000
1.142000
1.142000
1.142000
1.142000
1.142000
1.142000
1.142000
1.142000
1.142000
1.142000
1.201000
1.201000
1.201000
1.201000
1.201000
1.201000
1.201000
1.201000
1.201000
1.201000
1.260000
1.260000
1.260000
1.260000
1.260000
1.260000
1.260000
1.320000
1.320000
1.320000
1.320000
1.320000
1.320000
1.379000
1.379000
1.379000
1.379000
1.379000
1.379000
1.379000
1.439000
1.439000
1.439000
1.439000
1.439000
1.439000
1.439000
1.439000
1.439000
1.439000
1.498000
1.498000
1.498000
1.498000
1.498000
1.498000
1.498000
1.498000
1.498000
1.557000
1.557000
1.557000
1.557000
1.557000
1.557000
1.557000
1.557000
1.557000
1.557000
1.557000
1.557000
1.557000
1.557000
1.617000
1.617000
1.617000
1.617000
1.617000
1.617000
1.617000
1.617000
1.617000
1.617000
1.617000
1.617000
1.617000
1.676000
1.676000
1.676000
1.676000
1.676000
1.676000
1.676000
1.676000
1.676000
1.676000
1.676000
1.735000
1.735000
1.735000
1.735000
1.735000
1.735000
1.735000
1.735000
1.795000
1.795000
1.795000
1.795000
1.795000
1.795000
1.795000
1.795000
1.795000
1.854000
1.854000
1.914000
1.914000
1.914000
1.914000
1.914000
1.914000
1.914000
1.914000
1.914000
1.914000
1.914000
1.914000
1.973000
1.973000
1.973000
1.973000
1.973000
1.973000
1.973000
1.973000
1.973000
1.973000
2.032000
2.032000
2.032000
2.032000
2.032000
2.032000
2.032000
2.032000
2.032000
2.032000
2.032000
2.032000
2.032000
2.032000
2.092000
2.092000
2.092000
2.092000
2.092000
2.092000
2.092000
2.092000
2.092000
2.092000
2.092000
2.151000
2.151000
2.151000
2.151000
2.151000
2.151000
2.151000
2.151000
2.151000
2.151000
2.151000
2.151000
2.151000
2.210000
2.210000
2.210000
2.210000
2.210000
2.210000
2.210000
2.210000
2.210000
2.270000
2.270000
2.270000
2.270000
2.270000
2.270000
2.270000
2.270000
2.270000
2.329000
2.329000
2.329000
2.329000
2.329000
2.329000
2.389000
2.389000
2.389000
2.389000
2.389000
2.389000
2.389000
2.389000
2.389000
2.389000
2.389000
2.389000
2.448000
2.448000
2.448000
2.448000
2.448000
2.448000
2.448000
2.448000
2.507000
2.507000
2.507000
2.507000
2.507000
2.507000
2.507000
2.507000
2.507000
2.507000
2.507000
2.567000
2.567000
2.567000
2.567000
2.567000
2.567000
2.567000
2.626000
2.626000
2.626000
2.626000
2.626000
2.626000
2.626000
2.626000
2.626000
2.626000
2.626000
2.626000
2.626000
2.626000
2.626000
2.685000
2.685000
2.685000
2.685000
2.685000
2.685000
2.685000
2.685000
2.685000
2.986000
2.986000
2.986000
2.986000
2.986000
2.986000
2.986000
2.986000
2.986000
3.286000
3.286000
3.286000
3.286000
3.286000
3.286000
3.286000
3.286000
3.286000
3.286000
3.286000
3.286000
3.286000
3.286000
3.286000
3.286000
3.586000
3.586000
3.586000
3.586000
3.586000
3.586000
3.586000
3.586000
3.886000
3.886000
3.886000
3.886000
3.886000
3.886000
3.886000
4.187000
4.187000
4.187000
4.187000
4.187000
4.187000
4.187000
4.187000
4.187000
4.187000
4.187000
4.187000
4.187000
4.187000
4.487000
4.487000
4.487000
4.487000
4.487000
4.487000
4.487000
4.787000
4.787000
4.787000
4.787000
4.787000
4.787000
4.787000
4.787000
5.087000
5.087000
5.087000
5.087000
5.087000
5.087000
5.087000
5.087000
5.388000
5.388000
5.388000
5.388000
5.388000
5.388000
5.388000
5.388000
5.388000
5.388000
5.388000
5.688000
5.688000
5.688000
5.688000
5.688000
5.688000
5.688000
5.988000
5.988000
5.988000
5.988000
5.988000
5.988000
5.988000
5.988000
5.988000
5.988000
5.988000
5.988000
5.988000
6.288000
6.288000
6.288000
6.288000
6.288000
6.288000
6.288000
6.288000
6.288000
6.288000
6.588000
6.588000
6.588000
6.588000
6.588000
6.588000
6.588000
6.588000
6.588000
6.588000
6.588000
6.889000
6.889000
6.889000
6.889000
6.889000
6.889000
6.889000
6.889000
6.889000
7.189000
7.189000
7.189000
7.189000
7.189000
7.189000
7.189000
7.189000
7.189000
7.189000
7.189000
7.489000
7.489000
7.489000
7.489000
7.489000
7.489000
7.489000
7.789000
7.789000
7.789000
7.789000
7.789000
7.789000
8.090000
8.090000
8.090000
8.090000
8.090000
8.090000
8.090000
8.090000
8.090000
8.090000
8.090000
8.090000
8.390000
8.390000
8.390000
8.390000
8.390000
8.390000
8.390000
8.390000
8.390000
8.390000
8.390000
8.390000
8.390000
8.390000
8.690000
8.690000
8.690000
8.690000
8.690000
8.690000
8.690000
8.690000
8.690000
8.690000
8.690000
8.690000
8.690000
8.990000
8.990000
8.990000
8.990000
8.990000
8.990000
8.990000
8.990000
8.990000
8.990000
9.291000
9.291000
9.291000
9.291000
9.291000
9.291000
9.291000
9.591000
9.591000
9.591000
9.591000
9.591000
9.591000
9.891000
9.891000
9.891000
9.891000
9.891000
9.891000
9.891000
9.891000
9.891000
10.190000
10.190000
10.190000
10.190000
10.190000
10.190000
10.190000
10.190000
10.490000
10.490000
10.490000
10.490000
10.490000
10.490000
10.490000
10.490000
10.490000
10.790000
10.790000
10.790000
10.790000
10.790000
10.790000
11.090000
11.090000
11.090000
11.090000
11.090000
11.090000
11.090000
11.090000
11.090000
11.090000
11.090000
11.090000
11.090000
11.090000
11.390000
11.390000
11.390000
11.390000
11.390000
11.390000
11.390000
11.690000
11.690000
11.690000
11.690000
11.690000
11.690000
11.690000
11.690000
11.990000
11.990000
11.990000
11.990000
11.990000
11.990000
11.990000
11.990000
11.990000
11.990000
11.990000
12.290000
12.290000
12.290000
12.290000
12.290000
12.290000
12.290000
12.290000
12.590000
12.590000
12.590000
12.590000
12.590000
12.590000
12.590000
12.590000
12.890000
12.890000
12.890000
12.890000
12.890000
12.890000
12.890000
12.890000
12.890000
13.190000
13.190000
13.190000
13.190000
13.190000
13.190000
13.190000
13.190000
13.490000
13.490000
13.490000
13.490000
13.490000
13.490000
13.490000
13.490000
13.490000
13.790000
13.790000
13.790000
13.790000
13.790000
13.790000
13.790000
13.790000
13.790000
13.790000
14.090000
14.090000
14.090000
14.090000
14.090000
14.090000
14.090000
14.390000
14.390000
14.390000
14.390000
14.390000
14.390000
14.690000
14.690000
14.690000
14.690000
14.690000
14.690000
14.690000
14.690000
14.690000
14.690000
14.690000
14.690000
15.000000
15.000000
15.000000
15.000000
15.000000
15.000000
15.000000
15.000000
15.000000
15.300000
15.300000
15.300000
15.300000
15.300000
15.300000
15.300000
15.300000
15.300000
15.300000
15.300000
15.300000
15.300000
15.600000
15.600000
15.600000
15.600000
15.900000
15.900000
15.900000
15.900000
15.900000
15.900000
15.900000
15.900000
15.900000
15.900000
15.900000
15.900000
15.900000
16.200001
16.200001
16.200001
16.200001
16.200001
16.200001
16.200001
16.200001
16.200001
16.200001
16.200001
19.150000
19.150000
19.150000
19.150000
19.150000
19.150000
19.150000
19.150000
19.150000
19.150000
19.150000
19.150000
22.110001
22.110001
22.110001
22.110001
22.110001
22.110001
25.070000
25.070000
25.070000
25.070000
25.070000
28.030001
28.030001
28.030001
28.030001
28.030001
28.030001
28.030001
30.250000
30.250000
30.250000
30.250000
30.250000
30.250000
30.250000
30.250000
30.250000
30.250000
30.250000
30.250000
