0.000000
0.000000
0.000000
0.000000
0.000000
0.000000
0.000000
0.000000
0.000000
0.000000
0.000000
0.000000
0.000000
0.000000
0.000000
0.000000
0.000000
0.000000
0.000000
0.000000
0.000000
0.000000
0.000000
0.000000
0.000000
0.000000
0.000000
0.000000
0.000000
0.000000
0.000000
0.000000
0.000000
0.000000
0.000000
0.000000
0.000000
0.000000
0.000000
0.000000
0.000000
0.000000
0.000000
0.000000
0.000000
0.000000
0.000000
0.000000
0.000000
0.000000
0.000000
0.000000
0.000000
0.035510
0.035510
0.035510
0.035510
0.035510
0.035510
0.035510
0.035510
0.035510
0.035510
0.035510
0.035510
0.035510
0.163100
0.163100
0.163100
0.163100
0.163100
0.163100
0.290700
0.290700
0.290700
0.290700
0.290700
0.290700
0.290700
0.290700
0.290700
0.290700
0.290700
0.418200
0.418200
0.418200
0.418200
0.545800
0.545800
0.545800
0.545800
0.545800
0.545800
0.545800
0.545800
0.545800
0.545800
0.673400
0.673400
0.673400
0.673400
0.673400
0.673400
0.673400
0.673400
0.673400
0.673400
0.801000
0.801000
0.801000
0.801000
0.801000
0.801000
0.928500
0.928500
0.928500
0.928500
0.928500
0.928500
1.056000
1.056000
1.056000
1.056000
1.056000
1.056000
1.056000
1.056000
1.056000
1.056000
1.184000
1.184000
1.184000
1.184000
1.184000
1.184000
1.184000
1.184000
1.184000
1.184000
1.184000
1.184000
1.311000
1.311000
1.311000
1.311000
1.311000
1.311000
1.311000
1.311000
1.311000
1.311000
1.439000
1.439000
1.439000
1.439000
1.439000
1.439000
1.439000
1.439000
1.439000
1.439000
1.439000
1.566000
1.566000
1.566000
1.566000
1.566000
1.566000
1.694000
1.694000
1.694000
1.694000
1.694000
1.694000
1.694000
1.694000
1.694000
1.694000
1.822000
1.822000
1.822000
1.822000
1.822000
1.822000
1.822000
1.822000
1.822000
1.822000
1.822000
1.822000
1.822000
1.822000
1.822000
1.949000
1.949000
1.949000
1.949000
1.949000
1.949000
1.949000
1.949000
1.949000
1.949000
2.077000
2.077000
2.077000
2.077000
2.077000
2.077000
2.077000
2.077000
2.204000
2.204000
2.204000
2.204000
2.204000
2.204000
2.204000
2.204000
2.204000
2.204000
2.332000
2.332000
2.332000
2.332000
2.332000
2.332000
2.332000
2.332000
2.332000
2.332000
2.459000
2.459000
2.459000
2.459000
2.459000
2.459000
2.459000
2.459000
2.459000
2.459000
2.459000
2.459000
2.587000
2.587000
2.587000
2.587000
2.587000
2.587000
2.587000
2.715000
2.715000
2.715000
2.715000
2.715000
2.715000
2.715000
2.715000
2.715000
2.715000
2.715000
2.715000
2.715000
2.715000
2.715000
2.715000
2.842000
2.842000
2.842000
2.842000
2.842000
2.842000
2.970000
2.970000
2.970000
2.970000
2.970000
2.970000
2.970000
2.970000
2.970000
2.970000
2.970000
3.097000
3.097000
3.097000
3.097000
3.097000
3.097000
3.097000
3.225000
3.225000
3.225000
3.225000
3.225000
3.225000
3.225000
3.225000
3.225000
3.225000
3.225000
3.352000
3.352000
3.352000
3.352000
3.352000
3.352000
3.352000
3.480000
3.480000
3.480000
3.480000
3.480000
3.480000
3.480000
3.480000
3.480000
3.480000
3.480000
3.480000
3.480000
3.608000
3.608000
3.608000
3.608000
3.608000
3.608000
3.608000
3.608000
3.735000
3.735000
3.735000
3.735000
3.735000
3.863000
3.863000
3.863000
3.863000
3.863000
3.863000
3.863000
3.863000
3.863000
3.863000
3.990000
3.990000
3.990000
3.990000
3.990000
3.990000
3.990000
3.990000
3.990000
3.990000
3.990000
3.990000
3.990000
3.990000
3.990000
4.118000
4.118000
4.118000
4.118000
4.118000
4.118000
4.118000
4.118000
4.118000
4.118000
4.245000
4.245000
4.245000
4.245000
4.245000
4.245000
4.245000
4.245000
4.245000
4.245000
4.245000
4.245000
4.245000
4.373000
4.373000
4.373000
4.373000
4.373000
4.373000
4.373000
4.373000
4.373000
4.373000
4.373000
4.501000
4.501000
4.501000
4.501000
4.501000
4.501000
4.501000
4.501000
4.501000
4.501000
4.501000
4.501000
4.628000
4.628000
4.628000
4.628000
4.628000
4.628000
4.628000
4.756000
4.756000
4.756000
4.756000
4.756000
4.756000
4.756000
4.756000
4.883000
4.883000
4.883000
4.883000
4.883000
4.883000
4.883000
4.883000
4.883000
5.011000
5.011000
5.011000
5.011000
5.011000
5.011000
5.011000
5.011000
5.011000
5.011000
5.011000
5.138000
5.138000
5.138000
5.138000
5.138000
5.138000
5.138000
5.138000
5.138000
5.138000
5.138000
5.138000
5.138000
5.138000
5.138000
5.266000
5.266000
5.266000
5.266000
5.266000
5.266000
5.266000
5.266000
5.266000
5.394000
5.394000
5.394000
5.394000
5.394000
5.394000
5.394000
5.394000
5.394000
5.521000
5.521000
5.521000
5.521000
5.521000
5.649000
5.649000
5.649000
5.649000
5.649000
5.649000
5.649000
5.776000
5.776000
5.776000
5.776000
5.776000
5.776000
5.776000
5.776000
5.776000
5.776000
5.776000
6.346000
6.346000
6.346000
6.346000
6.346000
6.346000
6.346000
6.346000
6.346000
6.346000
6.346000
6.346000
6.915000
6.915000
6.915000
6.915000
6.915000
6.915000
6.915000
6.915000
6.915000
6.915000
6.915000
6.915000
6.915000
7.484000
7.484000
7.484000
7.484000
7.484000
7.484000
7.484000
7.484000
7.484000
7.484000
7.484000
7.484000
8.053000
8.053000
8.053000
8.623000
8.623000
8.623000
8.623000
8.623000
8.623000
8.623000
8.623000
8.623000
8.623000
8.623000
8.623000
8.623000
9.192000
9.192000
9.192000
9.192000
9.192000
9.192000
9.761000
9.761000
9.761000
9.761000
9.761000
9.761000
10.330000
10.330000
10.330000
10.330000
10.330000
10.330000
10.330000
10.330000
10.330000
10.900000
10.900000
10.900000
10.900000
10.900000
10.900000
10.900000
10.900000
10.900000
10.900000
10.900000
11.470000
11.470000
11.470000
11.470000
11.470000
11.470000
11.470000
11.470000
11.470000
12.040000
12.040000
12.040000
12.040000
12.040000
12.040000
12.040000
12.040000
12.040000
12.040000
12.040000
12.040000
12.040000
12.040000
12.040000
12.610000
12.610000
12.610000
12.610000
12.610000
12.610000
12.610000
12.610000
12.610000
13.180000
13.180000
13.180000
13.180000
13.180000
13.180000
13.180000
13.180000
13.180000
13.180000
13.180000
13.750000
13.750000
13.750000
13.750000
13.750000
13.750000
13.750000
13.750000
14.320000
14.320000
14.320000
14.320000
14.320000
14.320000
14.320000
14.320000
14.880000
14.880000
14.880000
14.880000
14.880000
14.880000
14.880000
14.880000
14.880000
15.450000
15.450000
15.450000
15.450000
15.450000
15.450000
15.450000
15.450000
16.020000
16.020000
16.020000
16.020000
16.020000
16.020000
16.020000
16.020000
16.020000
16.020000
16.590000
16.590000
16.590000
16.590000
16.590000
16.590000
16.590000
16.590000
16.590000
16.590000
17.160000
17.160000
17.160000
17.160000
17.160000
17.160000
17.160000
17.160000
17.730000
17.730000
17.730000
17.730000
17.730000
17.730000
17.730000
17.730000
17.730000
17.730000
17.730000
17.730000
18.299999
18.299999
18.299999
18.299999
18.299999
18.299999
18.299999
18.299999
18.299999
18.299999
18.299999
18.870001
18.870001
18.870001
18.870001
18.870001
18.870001
18.870001
18.870001
18.870001
19.440001
19.440001
19.440001
19.440001
19.440001
19.440001
19.440001
19.440001
19.440001
19.440001
19.440001
20.010000
20.010000
20.010000
20.010000
20.010000
20.010000
20.010000
20.010000
20.010000
20.010000
20.010000
20.580000
20.580000
20.580000
20.580000
20.580000
20.580000
20.580000
20.580000
20.580000
20.580000
20.580000
20.580000
20.580000
20.580000
20.580000
20.580000
21.150000
21.150000
21.150000
21.150000
21.150000
21.150000
21.150000
21.150000
21.150000
21.150000
21.150000
21.719999
21.719999
21.719999
21.719999
21.719999
21.719999
21.719999
21.719999
21.719999
21.719999
21.719999
21.719999
22.290001
22.290001
22.290001
22.290001
22.290001
22.290001
22.290001
22.290001
22.290001
22.290001
22.290001
22.290001
22.290001
22.850000
22.850000
22.850000
22.850000
23.420000
23.420000
23.420000
23.420000
23.420000
23.420000
23.420000
23.420000
23.990000
23.990000
23.990000
23.990000
23.990000
23.990000
23.990000
23.990000
23.990000
24.559999
24.559999
24.559999
24.559999
24.559999
24.559999
24.559999
24.559999
24.559999
25.129999
25.129999
25.129999
25.129999
25.129999
25.129999
25.129999
25.129999
25.129999
25.129999
25.129999
25.700001
25.700001
25.700001
25.700001
25.700001
25.700001
25.700001
25.700001
25.700001
26.270000
26.270000
26.270000
26.270000
26.270000
26.270000
26.270000
26.270000
26.270000
26.270000
26.270000
26.270000
26.270000
26.270000
26.840000
26.840000
26.840000
26.840000
27.410000
27.410000
27.410000
27.410000
27.410000
27.410000
27.410000
27.410000
27.410000
27.980000
27.980000
27.980000
27.980000
27.980000
27.980000
27.980000
27.980000
27.980000
27.980000
28.549999
28.549999
28.549999
28.549999
28.549999
28.549999
28.549999
28.549999
28.549999
28.549999
28.549999
28.549999
28.549999
29.120001
29.120001
29.120001
29.120001
29.120001
29.120001
29.120001
29.120001
29.120001
29.120001
29.120001
29.120001
29.690001
29.690001
29.690001
29.690001
29.690001
29.690001
29.690001
29.690001
29.690001
29.690001
29.690001
30.250000
30.250000
30.250000
30.250000
30.250000
30.250000
30.250000
30.250000
30.250000
30.250000
30.250000
30.250000
30.250000
30.250000
30.820000
30.820000
30.820000
30.820000
30.820000
30.820000
30.820000
30.820000
30.820000
30.820000
30.820000
30.820000
30.820000
31.389999
31.389999
31.389999
31.389999
31.389999
31.389999
31.389999
31.389999
38.590000
38.590000
38.590000
38.590000
38.590000
38.590000
38.590000
38.590000
38.590000
38.590000
45.790001
45.790001
45.790001
45.790001
45.790001
45.790001
45.790001
45.790001
45.790001
52.980000
52.980000
52.980000
52.980000
52.980000
52.980000
52.980000
52.980000
52.980000
52.980000
52.980000
52.980000
52.980000
52.980000
52.980000
60.180000
60.180000
60.180000
60.180000
60.180000
60.180000
60.180000
60.180000
65.580002
65.580002
65.580002
65.580002
65.580002
65.580002
65.580002
65.580002
