0.000000
0.000000
0.000000
0.000000
0.000000
0.000000
0.000000
0.000000
0.000000
0.000000
0.000000
0.000000
0.000000
0.000000
0.000000
0.000000
0.000000
0.000000
0.000000
0.000000
0.000000
0.000000
0.000000
0.000000
0.000000
0.000000
0.000000
0.000000
0.000000
0.000000
0.000000
0.000000
0.000000
0.000000
0.000000
0.000000
0.000000
0.000000
0.000000
0.000000
0.000000
0.000000
0.000000
0.000000
0.000000
0.000000
0.000000
0.000000
0.000000
0.000000
0.000000
0.000000
0.000000
0.000000
0.000000
0.000000
0.000000
0.000000
0.000000
0.000030
0.000030
0.000030
0.000030
0.000030
0.000030
0.000030
0.000030
0.000030
0.000030
0.086270
0.086270
0.086270
0.086270
0.086270
0.086270
0.086270
0.086270
0.086270
0.086270
0.086270
0.086270
0.086270
0.172500
0.172500
0.172500
0.172500
0.172500
0.172500
0.172500
0.258700
0.258700
0.258700
0.258700
0.258700
0.258700
0.258700
0.258700
0.258700
0.345000
0.345000
0.345000
0.345000
0.345000
0.345000
0.345000
0.345000
0.345000
0.345000
0.345000
0.345000
0.431200
0.431200
0.431200
0.431200
0.431200
0.517500
0.517500
0.517500
0.517500
0.517500
0.517500
0.517500
0.517500
0.517500
0.603700
0.603700
0.603700
0.603700
0.603700
0.603700
0.603700
0.689900
0.689900
0.689900
0.689900
0.689900
0.776200
0.776200
0.776200
0.776200
0.776200
0.776200
0.862400
0.862400
0.862400
0.862400
0.862400
0.862400
0.862400
0.862400
0.948700
0.948700
0.948700
0.948700
0.948700
0.948700
0.948700
0.948700
1.035000
1.035000
1.035000
1.035000
1.035000
1.035000
1.035000
1.121000
1.121000
1.121000
1.121000
1.121000
1.121000
1.121000
1.121000
1.207000
1.207000
1.207000
1.207000
1.207000
1.207000
1.207000
1.207000
1.207000
1.207000
1.207000
1.207000
1.207000
1.207000
1.207000
1.294000
1.294000
1.294000
1.294000
1.294000
1.294000
1.294000
1.294000
1.294000
1.294000
1.294000
1.294000
1.294000
1.380000
1.380000
1.380000
1.380000
1.380000
1.380000
1.380000
1.380000
1.380000
1.380000
1.466000
1.466000
1.466000
1.466000
1.466000
1.466000
1.466000
1.466000
1.466000
1.466000
1.466000
1.466000
1.466000
1.552000
1.552000
1.552000
1.552000
1.552000
1.552000
1.552000
1.552000
1.552000
1.552000
1.552000
1.552000
1.552000
1.552000
1.552000
1.552000
1.639000
1.639000
1.639000
1.639000
1.639000
1.639000
1.639000
1.639000
1.725000
1.725000
1.725000
1.725000
1.725000
1.725000
1.725000
1.725000
1.725000
1.725000
1.725000
1.725000
1.811000
1.811000
1.811000
1.811000
1.811000
1.811000
1.811000
1.811000
1.811000
1.811000
1.811000
1.811000
1.811000
1.811000
1.897000
1.897000
1.897000
1.897000
1.897000
1.897000
1.897000
1.897000
1.984000
1.984000
1.984000
1.984000
1.984000
2.070000
2.070000
2.070000
2.156000
2.156000
2.156000
2.156000
2.156000
2.156000
2.156000
2.156000
2.156000
2.156000
2.242000
2.242000
2.242000
2.242000
2.242000
2.242000
2.242000
2.242000
2.242000
2.242000
2.242000
2.242000
2.242000
2.242000
2.328000
2.328000
2.328000
2.328000
2.328000
2.328000
2.328000
2.328000
2.328000
2.328000
2.328000
2.328000
2.415000
2.415000
2.415000
2.415000
2.415000
2.415000
2.415000
2.415000
2.415000
2.415000
2.415000
2.415000
2.415000
2.415000
2.501000
2.501000
2.501000
2.501000
2.501000
2.501000
2.501000
2.501000
2.501000
2.501000
2.501000
2.501000
2.587000
2.587000
2.587000
2.587000
2.587000
2.587000
2.587000
2.587000
2.587000
2.587000
2.587000
2.587000
2.587000
2.587000
2.673000
2.673000
2.673000
2.673000
2.673000
2.673000
2.673000
2.760000
2.760000
2.760000
2.760000
2.760000
2.760000
2.760000
2.760000
2.760000
2.760000
2.760000
2.760000
2.760000
2.846000
2.846000
2.846000
2.846000
2.846000
2.846000
2.846000
2.846000
2.846000
2.846000
2.846000
2.846000
2.846000
2.932000
2.932000
2.932000
2.932000
2.932000
3.018000
3.018000
3.018000
3.018000
3.018000
3.018000
3.018000
3.018000
3.018000
3.018000
3.018000
3.018000
3.018000
3.018000
3.105000
3.105000
3.105000
3.105000
3.105000
3.105000
3.105000
3.105000
3.105000
3.105000
3.105000
3.105000
3.191000
3.191000
3.191000
3.191000
3.191000
3.191000
3.191000
3.191000
3.191000
3.191000
3.191000
3.191000
3.191000
3.191000
3.277000
3.277000
3.277000
3.277000
3.277000
3.277000
3.277000
3.277000
3.277000
3.277000
3.277000
3.277000
3.363000
3.363000
3.363000
3.363000
3.363000
3.363000
3.363000
3.363000
3.363000
3.363000
3.363000
3.363000
3.363000
3.363000
3.450000
3.450000
3.450000
3.450000
3.450000
3.450000
3.450000
3.450000
3.450000
3.450000
3.536000
3.536000
3.536000
3.536000
3.622000
3.622000
3.622000
3.622000
3.622000
3.622000
3.622000
3.708000
3.708000
3.708000
3.708000
3.708000
3.708000
3.708000
3.708000
3.708000
3.795000
3.795000
3.795000
3.795000
3.795000
3.795000
3.795000
3.795000
3.795000
3.795000
3.795000
3.795000
3.881000
3.881000
3.881000
3.881000
3.881000
3.881000
3.881000
3.881000
3.881000
3.881000
3.881000
3.881000
3.881000
4.391000
4.391000
4.391000
4.391000
4.391000
4.391000
4.391000
4.391000
4.902000
4.902000
4.902000
4.902000
4.902000
4.902000
5.413000
5.413000
5.413000
5.413000
5.413000
5.413000
5.413000
5.413000
5.413000
5.413000
5.413000
5.413000
5.413000
5.413000
5.413000
5.413000
5.413000
5.413000
5.924000
5.924000
5.924000
5.924000
5.924000
5.924000
5.924000
6.434000
6.434000
6.434000
6.434000
6.434000
6.434000
6.945000
6.945000
6.945000
6.945000
6.945000
6.945000
6.945000
7.456000
7.456000
7.456000
7.456000
7.456000
7.456000
7.456000
7.456000
7.456000
7.456000
7.456000
7.456000
7.456000
7.456000
7.456000
7.456000
7.966000
7.966000
7.966000
7.966000
7.966000
7.966000
7.966000
7.966000
7.966000
7.966000
8.477000
8.477000
8.477000
8.477000
8.477000
8.477000
8.988000
8.988000
8.988000
8.988000
8.988000
8.988000
8.988000
8.988000
9.499000
9.499000
9.499000
9.499000
9.499000
9.499000
9.499000
9.499000
9.499000
9.499000
9.499000
9.499000
9.499000
10.010000
10.010000
10.010000
10.010000
10.010000
10.010000
10.010000
10.010000
10.010000
10.520000
10.520000
10.520000
10.520000
10.520000
10.520000
10.520000
10.520000
11.030000
11.030000
11.030000
11.030000
11.030000
11.030000
11.030000
11.030000
11.030000
11.030000
11.540000
11.540000
11.540000
11.540000
11.540000
11.540000
11.540000
11.540000
11.540000
12.050000
12.050000
12.050000
12.050000
12.050000
12.050000
12.050000
12.050000
12.050000
12.050000
12.560000
12.560000
12.560000
12.560000
12.560000
12.560000
12.560000
12.560000
13.070000
13.070000
13.070000
13.070000
13.070000
13.070000
13.070000
13.070000
13.070000
13.580000
13.580000
13.580000
13.580000
13.580000
13.580000
13.580000
13.580000
13.580000
13.580000
13.580000
13.580000
14.090000
14.090000
14.090000
14.090000
14.090000
14.090000
14.090000
14.090000
14.090000
14.610000
14.610000
14.610000
14.610000
14.610000
14.610000
14.610000
14.610000
14.610000
15.120000
15.120000
15.120000
15.120000
15.120000
15.120000
15.120000
15.120000
15.120000
15.630000
15.630000
15.630000
15.630000
15.630000
15.630000
15.630000
16.139999
16.139999
16.139999
16.139999
16.139999
16.139999
16.650000
16.650000
16.650000
16.650000
16.650000
17.160000
17.160000
17.160000
17.160000
17.160000
17.160000
17.160000
17.160000
17.160000
17.160000
17.160000
17.160000
17.670000
17.670000
17.670000
17.670000
17.670000
17.670000
17.670000
17.670000
17.670000
17.670000
17.670000
18.180000
18.180000
18.180000
18.180000
18.180000
18.180000
18.180000
18.180000
18.180000
18.180000
18.180000
18.180000
18.690001
18.690001
18.690001
18.690001
18.690001
18.690001
18.690001
18.690001
18.690001
18.690001
18.690001
18.690001
18.690001
19.200001
19.200001
19.200001
19.200001
19.200001
19.200001
19.200001
19.200001
19.200001
19.200001
19.200001
19.200001
19.200001
19.709999
19.709999
19.709999
19.709999
19.709999
19.709999
19.709999
19.709999
19.709999
20.219999
20.219999
20.219999
20.219999
20.219999
20.219999
20.219999
20.219999
20.219999
20.219999
20.730000
20.730000
20.730000
20.730000
20.730000
20.730000
20.730000
20.730000
20.730000
20.730000
20.730000
20.730000
21.240000
21.240000
21.240000
21.240000
21.240000
21.240000
21.240000
21.240000
21.240000
21.760000
21.760000
21.760000
21.760000
21.760000
21.760000
21.760000
21.760000
21.760000
21.760000
21.760000
21.760000
22.270000
22.270000
22.270000
22.270000
22.270000
22.270000
22.270000
22.270000
22.270000
22.270000
22.780001
22.780001
22.780001
22.780001
22.780001
22.780001
22.780001
22.780001
22.780001
22.780001
23.290001
23.290001
23.290001
23.290001
23.290001
23.290001
23.290001
23.290001
23.290001
23.799999
23.799999
23.799999
23.799999
23.799999
23.799999
23.799999
23.799999
24.309999
24.309999
24.309999
24.309999
24.309999
24.309999
24.820000
24.820000
24.820000
24.820000
24.820000
24.820000
25.330000
25.330000
25.330000
25.330000
25.330000
25.330000
25.330000
25.840000
25.840000
25.840000
25.840000
25.840000
25.840000
25.840000
25.840000
25.840000
25.840000
25.840000
25.840000
25.840000
26.350000
26.350000
26.350000
26.350000
26.350000
26.350000
26.350000
26.350000
26.350000
26.860001
26.860001
26.860001
26.860001
26.860001
26.860001
26.860001
26.860001
37.709999
37.709999
37.709999
37.709999
37.709999
37.709999
37.709999
48.549999
48.549999
48.549999
48.549999
48.549999
48.549999
48.549999
48.549999
59.400002
59.400002
59.400002
59.400002
59.400002
59.400002
59.400002
70.239998
70.239998
70.239998
70.239998
70.239998
70.239998
70.239998
70.239998
70.239998
70.239998
70.239998
70.239998
70.239998
70.239998
78.379997
78.379997
78.379997
78.379997
78.379997
78.379997
78.379997
78.379997
78.379997
78.379997
78.379997
78.379997
78.379997
78.379997
78.379997
