0.000000
0.000000
0.000000
0.000000
0.000000
0.000000
0.000000
0.000000
0.000000
0.000000
0.000000
0.000000
0.000000
0.000000
0.000000
0.000000
0.000000
0.000000
0.000000
0.000000
0.000000
0.000000
0.000000
0.000000
0.000000
0.000000
0.000000
0.000000
0.000000
0.000000
0.000000
0.000000
0.000000
0.000000
0.000000
0.000000
0.000000
0.000000
0.000000
0.000000
0.000000
0.000000
0.000000
0.000000
0.000000
0.000000
0.000000
0.000000
0.000000
0.000000
0.000000
0.000000
0.000000
0.000000
0.000000
0.000000
0.120600
0.120600
0.120600
0.120600
0.120600
0.120600
0.120600
0.179900
0.179900
0.179900
0.179900
0.179900
0.179900
0.179900
0.179900
0.179900
0.179900
0.179900
0.239200
0.239200
0.239200
0.239200
0.239200
0.239200
0.239200
0.239200
0.239200
0.239200
0.239200
0.298400
0.298400
0.298400
0.298400
0.298400
0.298400
0.298400
0.298400
0.298400
0.298400
0.357700
0.357700
0.357700
0.357700
0.357700
0.357700
0.357700
0.357700
0.357700
0.357700
0.357700
0.357700
0.357700
0.357700
0.357700
0.416900
0.416900
0.416900
0.416900
0.416900
0.416900
0.416900
0.416900
0.416900
0.476200
0.476200
0.476200
0.476200
0.476200
0.476200
0.476200
0.476200
0.535500
0.535500
0.535500
0.535500
0.535500
0.594700
0.594700
0.594700
0.594700
0.594700
0.594700
0.594700
0.594700
0.594700
0.594700
0.594700
0.594700
0.594700
0.654000
0.654000
0.654000
0.654000
0.654000
0.654000
0.654000
0.654000
0.654000
0.654000
0.713200
0.713200
0.713200
0.713200
0.713200
0.713200
0.713200
0.713200
0.713200
0.772500
0.772500
0.772500
0.772500
0.772500
0.772500
0.772500
0.772500
0.772500
0.831800
0.831800
0.831800
0.831800
0.831800
0.831800
0.831800
0.831800
0.831800
0.891000
0.891000
0.891000
0.891000
0.891000
0.891000
0.891000
0.891000
0.950300
0.950300
0.950300
0.950300
0.950300
0.950300
0.950300
0.950300
0.950300
0.950300
0.950300
1.010000
1.010000
1.010000
1.010000
1.010000
1.010000
1.010000
1.010000
1.010000
1.069000
1.069000
1.069000
1.069000
1.069000
1.069000
1.069000
1.069000
1.069000
1.069000
1.128000
1.128000
1.128000
1.128000
1.128000
1.128000
1.128000
1.128000
1.128000
1.187000
1.187000
1.187000
1.187000
1.187000
1.187000
1.187000
1.187000
1.187000
1.187000
1.187000
1.247000
1.247000
1.247000
1.247000
1.247000
1.247000
1.247000
1.247000
1.247000
1.306000
1.306000
1.306000
1.306000
1.306000
1.306000
1.306000
1.306000
1.306000
1.306000
1.306000
1.306000
1.365000
1.365000
1.365000
1.365000
1.365000
1.365000
1.365000
1.424000
1.424000
1.424000
1.424000
1.424000
1.424000
1.424000
1.484000
1.484000
1.484000
1.484000
1.484000
1.484000
1.484000
1.543000
1.543000
1.543000
1.543000
1.543000
1.543000
1.543000
1.543000
1.543000
1.543000
1.602000
1.602000
1.602000
1.602000
1.602000
1.661000
1.661000
1.661000
1.661000
1.661000
1.661000
1.661000
1.661000
1.661000
1.661000
1.661000
1.661000
1.661000
1.661000
1.721000
1.721000
1.721000
1.721000
1.721000
1.721000
1.721000
1.721000
1.721000
1.721000
1.721000
1.721000
1.780000
1.780000
1.780000
1.780000
1.780000
1.780000
1.780000
1.780000
1.780000
1.780000
1.839000
1.839000
1.839000
1.839000
1.839000
1.839000
1.839000
1.839000
1.839000
1.839000
1.839000
1.839000
1.839000
1.839000
1.898000
1.898000
1.898000
1.898000
1.898000
1.898000
1.898000
1.898000
1.898000
1.898000
1.898000
1.958000
1.958000
1.958000
1.958000
1.958000
1.958000
1.958000
1.958000
1.958000
1.958000
2.017000
2.017000
2.017000
2.017000
2.017000
2.017000
2.017000
2.017000
2.076000
2.076000
2.076000
2.076000
2.076000
2.076000
2.076000
2.076000
2.076000
2.076000
2.076000
2.076000
2.076000
2.076000
2.135000
2.135000
2.135000
2.135000
2.135000
2.135000
2.135000
2.195000
2.195000
2.195000
2.195000
2.195000
2.195000
2.195000
2.195000
2.254000
2.254000
2.254000
2.254000
2.254000
2.254000
2.254000
2.313000
2.313000
2.313000
2.313000
2.313000
2.313000
2.313000
2.372000
2.372000
2.372000
2.372000
2.372000
2.372000
2.372000
2.372000
2.372000
2.372000
2.372000
2.372000
2.432000
2.432000
2.432000
2.432000
2.432000
2.432000
2.432000
2.432000
2.491000
2.491000
2.491000
2.491000
2.491000
2.491000
2.491000
2.550000
2.550000
2.550000
2.550000
2.550000
2.550000
2.550000
2.610000
2.610000
2.610000
2.610000
2.610000
2.610000
2.610000
2.610000
2.669000
2.669000
2.669000
2.669000
2.669000
2.669000
2.669000
2.669000
2.669000
2.669000
2.669000
2.728000
2.728000
2.728000
2.728000
2.728000
2.728000
2.728000
2.728000
2.728000
2.728000
2.728000
2.728000
2.787000
2.787000
3.264000
3.264000
3.264000
3.264000
3.264000
3.264000
3.741000
3.741000
3.741000
3.741000
3.741000
3.741000
3.741000
3.741000
3.741000
3.741000
4.218000
4.218000
4.218000
4.218000
4.218000
4.218000
4.218000
4.218000
4.218000
4.218000
4.218000
4.218000
4.218000
4.218000
4.695000
4.695000
4.695000
4.695000
4.695000
4.695000
4.695000
4.695000
5.172000
5.172000
5.172000
5.172000
5.172000
5.172000
5.172000
5.172000
5.172000
5.649000
5.649000
5.649000
5.649000
5.649000
5.649000
5.649000
5.649000
6.126000
6.126000
6.126000
6.126000
6.126000
6.126000
6.126000
6.126000
6.126000
6.126000
6.126000
6.126000
6.126000
6.126000
6.603000
6.603000
6.603000
6.603000
6.603000
6.603000
6.603000
6.603000
6.603000
6.603000
6.603000
7.080000
7.080000
7.080000
7.080000
7.080000
7.080000
7.080000
7.557000
7.557000
7.557000
7.557000
7.557000
7.557000
7.557000
7.557000
7.557000
7.557000
7.557000
7.557000
7.557000
7.557000
8.033000
8.033000
8.033000
8.033000
8.033000
8.033000
8.033000
8.510000
8.510000
8.510000
8.510000
8.510000
8.510000
8.510000
8.510000
8.510000
8.510000
8.510000
8.510000
8.510000
8.987000
8.987000
8.987000
8.987000
8.987000
8.987000
8.987000
8.987000
8.987000
9.464000
9.464000
9.464000
9.464000
9.464000
9.464000
9.464000
9.464000
9.464000
9.464000
9.464000
9.464000
9.464000
9.941000
9.941000
9.941000
9.941000
9.941000
9.941000
9.941000
9.941000
9.941000
9.941000
10.420000
10.420000
10.420000
10.420000
10.420000
10.420000
10.420000
10.420000
10.420000
10.420000
10.420000
10.420000
10.420000
10.890000
10.890000
10.890000
10.890000
10.890000
10.890000
10.890000
10.890000
10.890000
10.890000
11.370000
11.370000
11.370000
11.370000
11.370000
11.370000
11.370000
11.370000
11.370000
11.370000
11.850000
11.850000
11.850000
11.850000
11.850000
11.850000
11.850000
11.850000
12.330000
12.330000
12.330000
12.330000
12.330000
12.330000
12.800000
12.800000
12.800000
12.800000
12.800000
12.800000
12.800000
12.800000
12.800000
12.800000
12.800000
13.280000
13.280000
13.280000
13.280000
13.280000
13.280000
13.280000
13.280000
13.280000
13.280000
13.280000
13.280000
13.280000
13.760000
13.760000
13.760000
13.760000
13.760000
13.760000
13.760000
13.760000
14.230000
14.230000
14.230000
14.230000
14.230000
14.230000
14.230000
14.230000
14.230000
14.230000
14.710000
14.710000
14.710000
14.710000
14.710000
14.710000
15.190000
15.190000
15.190000
15.190000
15.190000
15.190000
15.190000
15.190000
15.190000
15.190000
15.190000
15.190000
15.660000
15.660000
15.660000
15.660000
15.660000
15.660000
15.660000
15.660000
15.660000
15.660000
16.139999
16.139999
16.139999
16.139999
16.139999
16.139999
16.139999
16.139999
16.139999
16.139999
16.620001
16.620001
16.620001
16.620001
16.620001
16.620001
16.620001
16.620001
16.620001
16.620001
16.620001
16.620001
16.620001
16.620001
16.620001
16.620001
16.620001
17.090000
17.090000
17.090000
17.090000
17.090000
17.090000
17.090000
17.090000
17.570000
17.570000
17.570000
17.570000
17.570000
17.570000
17.570000
17.570000
17.570000
17.570000
17.570000
18.049999
18.049999
18.049999
18.049999
18.049999
18.049999
18.049999
18.049999
18.049999
18.049999
18.530001
18.530001
18.530001
18.530001
18.530001
18.530001
18.530001
18.530001
18.530001
19.000000
19.000000
19.000000
19.000000
19.000000
19.000000
19.000000
19.000000
19.000000
19.480000
19.480000
19.480000
19.480000
19.480000
19.480000
19.480000
19.480000
19.480000
19.480000
19.480000
19.480000
19.480000
19.480000
19.959999
19.959999
19.959999
19.959999
19.959999
19.959999
19.959999
19.959999
19.959999
19.959999
19.959999
19.959999
19.959999
19.959999
19.959999
19.959999
19.959999
19.959999
20.430000
20.430000
20.430000
20.430000
20.430000
20.430000
20.910000
20.910000
20.910000
20.910000
20.910000
20.910000
20.910000
21.389999
21.389999
21.389999
21.389999
21.389999
21.389999
21.389999
21.389999
21.389999
21.389999
21.389999
21.389999
21.860001
21.860001
21.860001
21.860001
21.860001
21.860001
21.860001
21.860001
21.860001
21.860001
21.860001
21.860001
21.860001
21.860001
22.340000
22.340000
22.340000
22.340000
22.340000
22.820000
22.820000
22.820000
22.820000
22.820000
22.820000
22.820000
23.290001
23.290001
23.290001
23.290001
23.290001
23.770000
23.770000
23.770000
23.770000
23.770000
23.770000
23.770000
23.770000
23.770000
23.770000
23.770000
23.770000
23.770000
23.770000
23.770000
23.770000
23.770000
24.250000
24.250000
24.250000
24.250000
24.250000
24.250000
24.250000
24.250000
24.250000
32.049999
32.049999
32.049999
32.049999
32.049999
32.049999
32.049999
32.049999
32.049999
32.049999
32.049999
32.049999
39.840000
39.840000
39.840000
39.840000
39.840000
39.840000
39.840000
39.840000
39.840000
39.840000
39.840000
39.840000
39.840000
47.639999
47.639999
47.639999
47.639999
47.639999
47.639999
47.639999
47.639999
47.639999
47.639999
47.639999
47.639999
47.639999
47.639999
47.639999
55.439999
55.439999
55.439999
55.439999
55.439999
55.439999
55.439999
61.290001
61.290001
61.290001
61.290001
61.290001
61.290001
61.290001
61.290001
61.290001
