0.000000
0.000000
0.000000
0.000000
0.000000
0.000000
0.000000
0.000000
0.000000
0.000000
0.000000
0.000000
0.000000
0.000000
0.000000
0.000000
0.000000
0.000000
0.000000
0.000000
0.000000
0.000000
0.000000
0.000000
0.000000
0.000000
0.000000
0.000000
0.000000
0.000000
0.000000
0.000000
0.000000
0.000000
0.000000
0.000000
0.000000
0.000000
0.000000
0.000000
0.000000
0.000000
0.000000
0.000000
0.000000
0.000000
0.000000
0.000000
0.000000
0.369200
0.369200
0.369200
0.369200
0.475100
0.475100
0.475100
0.475100
0.475100
0.475100
0.475100
0.475100
0.475100
0.475100
0.475100
0.475100
0.475100
0.581100
0.581100
0.581100
0.581100
0.687100
0.687100
0.687100
0.687100
0.687100
0.687100
0.687100
0.687100
0.687100
0.687100
0.687100
0.687100
0.687100
0.687100
0.793100
0.793100
0.793100
0.793100
0.793100
0.793100
0.793100
0.793100
0.793100
0.793100
0.793100
0.899000
0.899000
0.899000
0.899000
0.899000
0.899000
0.899000
0.899000
0.899000
0.899000
1.005000
1.005000
1.005000
1.005000
1.005000
1.005000
1.005000
1.005000
1.111000
1.111000
1.111000
1.111000
1.111000
1.111000
1.111000
1.111000
1.111000
1.111000
1.111000
1.111000
1.111000
1.217000
1.217000
1.217000
1.217000
1.217000
1.217000
1.217000
1.217000
1.217000
1.217000
1.217000
1.217000
1.217000
1.217000
1.217000
1.217000
1.323000
1.323000
1.323000
1.323000
1.323000
1.323000
1.323000
1.323000
1.429000
1.429000
1.429000
1.429000
1.429000
1.429000
1.535000
1.535000
1.535000
1.535000
1.535000
1.535000
1.641000
1.641000
1.641000
1.641000
1.641000
1.641000
1.641000
1.641000
1.641000
1.641000
1.641000
1.641000
1.641000
1.641000
1.641000
1.747000
1.747000
1.747000
1.747000
1.747000
1.747000
1.747000
1.747000
1.747000
1.747000
1.853000
1.853000
1.853000
1.853000
1.853000
1.853000
1.853000
1.853000
1.853000
1.853000
1.959000
1.959000
1.959000
1.959000
1.959000
1.959000
1.959000
1.959000
1.959000
1.959000
1.959000
1.959000
2.065000
2.065000
2.065000
2.065000
2.065000
2.065000
2.065000
2.065000
2.065000
2.065000
2.065000
2.171000
2.171000
2.171000
2.171000
2.171000
2.171000
2.171000
2.171000
2.171000
2.171000
2.171000
2.277000
2.277000
2.277000
2.277000
2.277000
2.277000
2.277000
2.277000
2.277000
2.277000
2.277000
2.277000
2.383000
2.383000
2.383000
2.383000
2.383000
2.383000
2.383000
2.383000
2.383000
2.383000
2.383000
2.383000
2.383000
2.489000
2.489000
2.489000
2.489000
2.489000
2.489000
2.489000
2.489000
2.489000
2.489000
2.489000
2.489000
2.595000
2.595000
2.595000
2.595000
2.595000
2.595000
2.595000
2.595000
2.595000
2.595000
2.701000
2.701000
2.701000
2.701000
2.701000
2.701000
2.701000
2.701000
2.701000
2.701000
2.807000
2.807000
2.807000
2.807000
2.807000
2.807000
2.807000
2.807000
2.807000
2.807000
2.807000
2.913000
2.913000
2.913000
2.913000
2.913000
2.913000
2.913000
2.913000
3.019000
3.019000
3.019000
3.019000
3.019000
3.019000
3.019000
3.019000
3.019000
3.125000
3.125000
3.125000
3.125000
3.125000
3.125000
3.125000
3.125000
3.125000
3.125000
3.231000
3.231000
3.231000
3.231000
3.231000
3.231000
3.231000
3.231000
3.231000
3.231000
3.231000
3.231000
3.231000
3.231000
3.231000
3.337000
3.337000
3.337000
3.337000
3.337000
3.337000
3.337000
3.337000
3.337000
3.443000
3.443000
3.443000
3.443000
3.443000
3.443000
3.443000
3.443000
3.443000
3.443000
3.443000
3.549000
3.549000
3.549000
3.549000
3.549000
3.549000
3.549000
3.549000
3.549000
3.549000
3.549000
3.549000
3.549000
3.654000
3.654000
3.654000
3.654000
3.654000
3.654000
3.654000
3.654000
3.654000
3.654000
3.654000
3.654000
3.760000
3.760000
3.760000
3.760000
3.760000
3.760000
3.760000
3.760000
3.760000
3.760000
3.866000
3.866000
3.866000
3.866000
3.866000
3.972000
3.972000
3.972000
3.972000
3.972000
3.972000
3.972000
3.972000
3.972000
3.972000
3.972000
3.972000
3.972000
3.972000
3.972000
4.078000
4.078000
4.078000
4.078000
4.078000
4.078000
4.078000
4.078000
4.078000
4.078000
4.184000
4.184000
4.184000
4.184000
4.184000
4.184000
4.184000
4.184000
4.184000
4.184000
4.184000
4.184000
4.290000
4.290000
4.290000
4.290000
4.290000
4.290000
4.290000
4.290000
4.290000
4.290000
4.290000
4.396000
4.396000
4.396000
4.396000
4.502000
4.502000
4.502000
4.502000
4.502000
4.502000
4.502000
4.502000
4.502000
4.502000
4.502000
4.608000
4.608000
4.608000
4.608000
4.608000
4.608000
4.608000
4.608000
4.608000
4.608000
4.608000
4.608000
4.714000
4.714000
4.714000
4.714000
4.714000
4.714000
4.714000
4.820000
4.820000
4.820000
4.820000
4.820000
4.820000
4.820000
4.820000
4.820000
4.820000
4.820000
4.926000
4.926000
4.926000
4.926000
4.926000
4.926000
4.926000
4.926000
4.926000
4.926000
5.032000
5.032000
5.032000
5.032000
5.032000
5.032000
5.032000
5.032000
5.138000
5.138000
5.138000
5.138000
5.138000
5.138000
5.138000
5.138000
5.138000
5.138000
5.138000
5.451000
5.451000
5.451000
5.451000
5.451000
5.451000
5.451000
5.451000
5.451000
5.451000
5.451000
5.764000
5.764000
5.764000
5.764000
5.764000
5.764000
5.764000
6.077000
6.077000
6.077000
6.077000
6.077000
6.077000
6.077000
6.077000
6.077000
6.077000
6.077000
6.077000
6.390000
6.390000
6.390000
6.390000
6.390000
6.390000
6.390000
6.390000
6.390000
6.390000
6.390000
6.390000
6.390000
6.703000
6.703000
6.703000
6.703000
6.703000
6.703000
6.703000
6.703000
6.703000
6.703000
7.016000
7.016000
7.016000
7.016000
7.016000
7.016000
7.016000
7.016000
7.016000
7.016000
7.016000
7.016000
7.329000
7.329000
7.329000
7.329000
7.329000
7.329000
7.329000
7.329000
7.329000
7.642000
7.642000
7.642000
7.642000
7.642000
7.642000
7.642000
7.642000
7.642000
7.955000
7.955000
7.955000
7.955000
7.955000
7.955000
7.955000
7.955000
7.955000
8.268000
8.268000
8.268000
8.268000
8.268000
8.268000
8.268000
8.268000
8.268000
8.268000
8.268000
8.268000
8.268000
8.581000
8.581000
8.581000
8.581000
8.894000
8.894000
8.894000
8.894000
8.894000
8.894000
8.894000
8.894000
8.894000
8.894000
9.207000
9.207000
9.207000
9.207000
9.520000
9.520000
9.520000
9.520000
9.520000
9.520000
9.520000
9.520000
9.833000
9.833000
9.833000
9.833000
10.150000
10.150000
10.150000
10.150000
10.150000
10.150000
10.150000
10.150000
10.150000
10.460000
10.460000
10.460000
10.460000
10.460000
10.460000
10.460000
10.460000
10.460000
10.460000
10.460000
10.460000
10.460000
10.460000
10.460000
10.770000
10.770000
10.770000
10.770000
10.770000
10.770000
10.770000
10.770000
11.090000
11.090000
11.090000
11.090000
11.090000
11.090000
11.090000
11.090000
11.090000
11.090000
11.400000
11.400000
11.400000
11.400000
11.400000
11.400000
11.400000
11.400000
11.400000
11.710000
11.710000
11.710000
11.710000
11.710000
11.710000
11.710000
11.710000
11.710000
12.020000
12.020000
12.020000
12.020000
12.020000
12.020000
12.020000
12.020000
12.020000
12.020000
12.020000
12.340000
12.340000
12.340000
12.340000
12.340000
12.340000
12.340000
12.340000
12.340000
12.340000
12.340000
12.650000
12.650000
12.650000
12.650000
12.650000
12.650000
12.650000
12.650000
12.650000
12.650000
12.650000
12.650000
12.960000
12.960000
12.960000
12.960000
12.960000
12.960000
12.960000
12.960000
12.960000
13.280000
13.280000
13.280000
13.280000
13.280000
13.280000
13.280000
13.280000
13.280000
13.590000
13.590000
13.590000
13.590000
13.900000
13.900000
13.900000
13.900000
13.900000
13.900000
13.900000
13.900000
13.900000
13.900000
13.900000
13.900000
14.220000
14.220000
14.220000
14.220000
14.220000
14.220000
14.220000
14.220000
14.530000
14.530000
14.530000
14.530000
14.530000
14.530000
14.530000
14.530000
14.530000
14.530000
14.530000
14.840000
14.840000
14.840000
14.840000
14.840000
14.840000
14.840000
14.840000
14.840000
14.840000
15.150000
15.150000
15.150000
15.150000
15.150000
15.150000
15.150000
15.150000
15.150000
15.150000
15.150000
15.150000
15.470000
15.470000
15.470000
15.470000
15.470000
15.470000
15.780000
15.780000
15.780000
15.780000
15.780000
15.780000
15.780000
15.780000
15.780000
15.780000
15.780000
15.780000
16.090000
16.090000
16.090000
16.090000
16.090000
16.090000
16.090000
16.090000
16.090000
16.090000
16.090000
16.090000
16.090000
16.090000
16.090000
16.410000
16.410000
16.410000
16.410000
16.410000
16.410000
16.410000
16.410000
16.410000
16.410000
16.719999
16.719999
16.719999
16.719999
16.719999
16.719999
16.719999
16.719999
16.719999
16.719999
17.030001
17.030001
17.030001
17.030001
17.030001
17.030001
17.030001
17.350000
17.350000
17.350000
17.350000
17.350000
17.350000
17.350000
17.350000
17.350000
17.350000
17.660000
17.660000
17.660000
17.660000
17.660000
17.660000
17.969999
17.969999
17.969999
17.969999
17.969999
17.969999
17.969999
17.969999
17.969999
17.969999
18.280001
18.280001
18.280001
18.280001
18.280001
18.280001
18.280001
18.280001
18.280001
18.280001
18.600000
18.600000
18.600000
18.600000
18.600000
18.600000
18.600000
18.600000
18.600000
18.600000
18.600000
18.600000
18.910000
18.910000
18.910000
18.910000
18.910000
18.910000
18.910000
18.910000
19.219999
19.219999
19.219999
19.219999
19.219999
19.219999
19.219999
21.400000
21.400000
21.400000
21.400000
21.400000
21.400000
21.400000
21.400000
21.400000
23.580000
23.580000
23.580000
23.580000
23.580000
23.580000
23.580000
23.580000
23.580000
23.580000
23.580000
23.580000
25.750000
25.750000
25.750000
25.750000
25.750000
25.750000
25.750000
25.750000
27.930000
27.930000
27.930000
27.930000
27.930000
27.930000
27.930000
27.930000
27.930000
27.930000
27.930000
27.930000
27.930000
29.559999
29.559999
29.559999
29.559999
29.559999
29.559999
29.559999
29.559999
