0.000000
0.000000
0.000000
0.000000
0.000000
0.000000
0.000000
0.000000
0.000000
0.000000
0.000000
0.000000
0.000000
0.000000
0.000000
0.000000
0.000000
0.000000
0.000000
0.000000
0.000000
0.000000
0.000000
0.000000
0.000000
0.000000
0.000000
0.000000
0.000000
0.000000
0.000000
0.000000
0.000000
0.000000
0.000000
0.000000
0.000000
0.000000
0.000000
0.000000
0.000000
0.000000
0.000000
0.000000
0.000000
0.000000
0.000000
0.000000
0.000000
0.000000
0.172200
0.172200
0.172200
0.172200
0.172200
0.172200
0.172200
0.172200
0.172200
0.172200
0.311100
0.311100
0.311100
0.311100
0.311100
0.311100
0.311100
0.311100
0.311100
0.311100
0.311100
0.311100
0.311100
0.449900
0.449900
0.449900
0.449900
0.449900
0.449900
0.449900
0.449900
0.588800
0.588800
0.588800
0.588800
0.588800
0.588800
0.588800
0.727600
0.727600
0.727600
0.727600
0.727600
0.727600
0.727600
0.727600
0.727600
0.727600
0.866400
0.866400
0.866400
0.866400
0.866400
0.866400
0.866400
0.866400
0.866400
0.866400
0.866400
0.866400
0.866400
1.005000
1.005000
1.005000
1.005000
1.005000
1.005000
1.005000
1.005000
1.005000
1.005000
1.144000
1.144000
1.144000
1.144000
1.144000
1.144000
1.144000
1.144000
1.144000
1.144000
1.144000
1.144000
1.144000
1.144000
1.144000
1.144000
1.283000
1.283000
1.283000
1.283000
1.283000
1.283000
1.283000
1.283000
1.283000
1.283000
1.422000
1.422000
1.422000
1.422000
1.422000
1.422000
1.422000
1.422000
1.422000
1.422000
1.561000
1.561000
1.561000
1.561000
1.561000
1.561000
1.561000
1.561000
1.561000
1.561000
1.561000
1.699000
1.699000
1.699000
1.699000
1.699000
1.699000
1.699000
1.699000
1.699000
1.699000
1.699000
1.699000
1.699000
1.838000
1.838000
1.838000
1.838000
1.838000
1.838000
1.838000
1.838000
1.838000
1.838000
1.977000
1.977000
1.977000
1.977000
2.116000
2.116000
2.116000
2.116000
2.116000
2.116000
2.116000
2.116000
2.116000
2.116000
2.116000
2.255000
2.255000
2.255000
2.255000
2.255000
2.255000
2.255000
2.255000
2.255000
2.255000
2.255000
2.255000
2.255000
2.394000
2.394000
2.394000
2.394000
2.394000
2.394000
2.533000
2.533000
2.533000
2.533000
2.533000
2.533000
2.533000
2.533000
2.533000
2.533000
2.533000
2.671000
2.671000
2.671000
2.671000
2.671000
2.671000
2.671000
2.671000
2.671000
2.671000
2.810000
2.810000
2.810000
2.810000
2.810000
2.810000
2.810000
2.810000
2.810000
2.810000
2.810000
2.810000
2.949000
2.949000
2.949000
2.949000
2.949000
2.949000
2.949000
2.949000
2.949000
2.949000
2.949000
3.088000
3.088000
3.088000
3.088000
3.088000
3.088000
3.088000
3.088000
3.088000
3.088000
3.088000
3.088000
3.088000
3.088000
3.227000
3.227000
3.227000
3.227000
3.227000
3.227000
3.227000
3.227000
3.227000
3.366000
3.366000
3.366000
3.366000
3.366000
3.366000
3.366000
3.504000
3.504000
3.504000
3.504000
3.504000
3.504000
3.504000
3.504000
3.504000
3.504000
3.643000
3.643000
3.643000
3.643000
3.643000
3.643000
3.643000
3.643000
3.643000
3.643000
3.643000
3.643000
3.643000
3.643000
3.643000
3.643000
3.782000
3.782000
3.782000
3.782000
3.782000
3.782000
3.782000
3.782000
3.782000
3.921000
3.921000
3.921000
3.921000
3.921000
4.060000
4.060000
4.060000
4.060000
4.060000
4.060000
4.060000
4.060000
4.060000
4.060000
4.060000
4.060000
4.060000
4.199000
4.199000
4.199000
4.199000
4.199000
4.199000
4.199000
4.337000
4.337000
4.337000
4.337000
4.337000
4.337000
4.337000
4.337000
4.337000
4.476000
4.476000
4.476000
4.476000
4.476000
4.476000
4.476000
4.476000
4.615000
4.615000
4.615000
4.615000
4.615000
4.615000
4.754000
4.754000
4.754000
4.754000
4.754000
4.754000
4.754000
4.754000
4.754000
4.893000
4.893000
4.893000
4.893000
4.893000
4.893000
4.893000
4.893000
4.893000
5.032000
5.032000
5.032000
5.032000
5.032000
5.032000
5.032000
5.032000
5.032000
5.170000
5.170000
5.170000
5.170000
5.170000
5.170000
5.170000
5.170000
5.170000
5.170000
5.170000
5.309000
5.309000
5.309000
5.309000
5.309000
5.309000
5.309000
5.309000
5.448000
5.448000
5.448000
5.448000
5.448000
5.448000
5.448000
5.448000
5.448000
5.448000
5.448000
5.448000
5.587000
5.587000
5.587000
5.587000
5.587000
5.587000
5.587000
5.587000
5.587000
5.587000
5.587000
5.726000
5.726000
5.726000
5.726000
5.726000
5.726000
5.726000
5.726000
5.726000
5.726000
5.726000
5.726000
5.726000
5.726000
5.726000
5.865000
5.865000
5.865000
5.865000
5.865000
5.865000
5.865000
5.865000
5.865000
5.865000
5.865000
5.865000
5.865000
5.865000
5.865000
6.003000
6.003000
6.003000
6.003000
6.003000
6.003000
6.003000
6.003000
6.003000
6.003000
6.003000
6.003000
6.142000
6.142000
6.142000
6.142000
6.142000
6.142000
6.142000
6.142000
6.142000
6.142000
6.142000
6.281000
6.281000
6.281000
6.281000
6.281000
6.281000
6.281000
6.281000
6.281000
6.281000
6.420000
6.420000
6.420000
6.420000
6.420000
6.420000
6.420000
6.420000
6.420000
6.420000
6.420000
7.171000
7.171000
7.171000
7.171000
7.171000
7.171000
7.171000
7.171000
7.171000
7.171000
7.171000
7.171000
7.171000
7.171000
7.922000
7.922000
7.922000
7.922000
7.922000
7.922000
7.922000
7.922000
7.922000
7.922000
7.922000
7.922000
7.922000
8.673000
8.673000
8.673000
8.673000
8.673000
8.673000
8.673000
8.673000
9.424000
9.424000
9.424000
9.424000
9.424000
9.424000
10.180000
10.180000
10.180000
10.180000
10.180000
10.180000
10.180000
10.180000
10.180000
10.180000
10.930000
10.930000
10.930000
10.930000
10.930000
10.930000
10.930000
10.930000
10.930000
10.930000
11.680000
11.680000
11.680000
11.680000
11.680000
11.680000
11.680000
11.680000
11.680000
11.680000
11.680000
11.680000
12.430000
12.430000
12.430000
12.430000
12.430000
12.430000
12.430000
12.430000
13.180000
13.180000
13.180000
13.180000
13.180000
13.180000
13.180000
13.180000
13.180000
13.180000
13.180000
13.180000
13.180000
13.180000
13.180000
13.930000
13.930000
13.930000
13.930000
13.930000
13.930000
13.930000
13.930000
13.930000
13.930000
13.930000
14.680000
14.680000
14.680000
14.680000
14.680000
14.680000
14.680000
14.680000
14.680000
14.680000
14.680000
14.680000
14.680000
15.430000
15.430000
15.430000
15.430000
15.430000
15.430000
15.430000
15.430000
15.430000
15.430000
15.430000
16.180000
16.180000
16.180000
16.180000
16.930000
16.930000
16.930000
16.930000
16.930000
16.930000
16.930000
17.690001
17.690001
17.690001
17.690001
17.690001
17.690001
17.690001
17.690001
17.690001
17.690001
17.690001
17.690001
17.690001
18.440001
18.440001
18.440001
18.440001
18.440001
18.440001
18.440001
18.440001
19.190001
19.190001
19.190001
19.190001
19.190001
19.190001
19.190001
19.190001
19.190001
19.190001
19.190001
19.940001
19.940001
19.940001
19.940001
19.940001
19.940001
19.940001
19.940001
19.940001
19.940001
20.690001
20.690001
20.690001
20.690001
20.690001
21.440001
21.440001
21.440001
21.440001
21.440001
21.440001
21.440001
21.440001
21.440001
21.440001
21.440001
21.440001
21.440001
21.440001
21.440001
21.440001
21.440001
22.190001
22.190001
22.190001
22.190001
22.190001
22.190001
22.190001
22.190001
22.190001
22.940001
22.940001
22.940001
22.940001
22.940001
22.940001
22.940001
22.940001
22.940001
22.940001
23.690001
23.690001
23.690001
23.690001
23.690001
23.690001
23.690001
23.690001
23.690001
24.440001
24.440001
24.440001
24.440001
24.440001
25.200001
25.200001
25.200001
25.200001
25.200001
25.200001
25.200001
25.200001
25.950001
25.950001
25.950001
25.950001
25.950001
25.950001
25.950001
25.950001
26.700001
26.700001
26.700001
26.700001
26.700001
26.700001
26.700001
26.700001
26.700001
27.450001
27.450001
27.450001
27.450001
27.450001
27.450001
27.450001
27.450001
27.450001
27.450001
27.450001
27.450001
28.200001
28.200001
28.200001
28.200001
28.200001
28.200001
28.200001
28.200001
28.200001
28.950001
28.950001
28.950001
28.950001
28.950001
28.950001
29.700001
29.700001
29.700001
29.700001
29.700001
29.700001
29.700001
30.450001
30.450001
30.450001
30.450001
30.450001
30.450001
30.450001
30.450001
30.450001
31.200001
31.200001
31.200001
31.200001
31.200001
31.200001
31.200001
31.950001
31.950001
31.950001
31.950001
31.950001
31.950001
31.950001
31.950001
31.950001
31.950001
31.950001
31.950001
32.709999
32.709999
32.709999
32.709999
32.709999
32.709999
32.709999
32.709999
32.709999
32.709999
33.459999
33.459999
33.459999
33.459999
33.459999
33.459999
34.209999
34.209999
34.209999
34.209999
34.209999
34.209999
34.209999
34.209999
34.209999
34.209999
34.209999
34.959999
34.959999
34.959999
34.959999
34.959999
34.959999
35.709999
35.709999
35.709999
35.709999
35.709999
35.709999
35.709999
36.459999
36.459999
36.459999
36.459999
36.459999
36.459999
36.459999
36.459999
36.459999
36.459999
36.459999
37.209999
37.209999
37.209999
37.209999
37.209999
37.209999
37.209999
37.209999
37.209999
37.959999
37.959999
37.959999
37.959999
37.959999
37.959999
37.959999
38.709999
38.709999
38.709999
38.709999
38.709999
38.709999
38.709999
38.709999
38.709999
39.459999
39.459999
39.459999
39.459999
39.459999
39.459999
39.459999
39.459999
39.459999
40.220001
40.220001
40.220001
40.220001
40.220001
40.220001
40.220001
40.220001
40.220001
40.220001
40.220001
40.220001
40.220001
40.220001
44.720001
44.720001
44.720001
44.720001
44.720001
44.720001
44.720001
44.720001
44.720001
44.720001
44.720001
49.220001
49.220001
49.220001
49.220001
49.220001
49.220001
49.220001
49.220001
49.220001
53.720001
53.720001
53.720001
53.720001
53.720001
53.720001
53.720001
53.720001
53.720001
53.720001
58.220001
58.220001
58.220001
58.220001
58.220001
58.220001
58.220001
58.220001
58.220001
58.220001
61.599998
61.599998
61.599998
61.599998
61.599998
61.599998
61.599998
61.599998
61.599998
61.599998
