0.000000
0.000000
0.000000
0.000000
0.000000
0.000000
0.000000
0.000000
0.000000
0.000000
0.000000
0.000000
0.000000
0.000000
0.000000
0.000000
0.000000
0.000000
0.000000
0.000000
0.000000
0.000000
0.000000
0.000000
0.000000
0.000000
0.000000
0.000000
0.000000
0.000000
0.000000
0.000000
0.000000
0.000000
0.000000
0.000000
0.000000
0.000000
0.000000
0.000000
0.000000
0.000000
0.000000
0.000000
0.000000
0.000000
0.000000
0.000000
0.000000
0.000000
0.000000
0.119400
0.119400
0.119400
0.119400
0.119400
0.119400
0.119400
0.119400
0.119400
0.227800
0.227800
0.227800
0.227800
0.227800
0.227800
0.227800
0.227800
0.227800
0.227800
0.227800
0.227800
0.227800
0.227800
0.227800
0.227800
0.227800
0.336200
0.336200
0.336200
0.336200
0.336200
0.336200
0.336200
0.336200
0.336200
0.336200
0.444600
0.444600
0.444600
0.444600
0.444600
0.444600
0.444600
0.444600
0.444600
0.444600
0.444600
0.553000
0.553000
0.553000
0.553000
0.553000
0.553000
0.553000
0.553000
0.553000
0.553000
0.553000
0.553000
0.553000
0.553000
0.661500
0.661500
0.661500
0.661500
0.661500
0.769900
0.769900
0.769900
0.769900
0.769900
0.769900
0.769900
0.769900
0.769900
0.878300
0.878300
0.878300
0.878300
0.878300
0.878300
0.878300
0.878300
0.878300
0.878300
0.986700
0.986700
0.986700
0.986700
0.986700
0.986700
0.986700
0.986700
0.986700
0.986700
0.986700
0.986700
1.095000
1.095000
1.095000
1.095000
1.095000
1.095000
1.095000
1.095000
1.095000
1.095000
1.203000
1.203000
1.203000
1.203000
1.312000
1.312000
1.312000
1.312000
1.312000
1.312000
1.312000
1.312000
1.312000
1.312000
1.420000
1.420000
1.420000
1.420000
1.420000
1.420000
1.420000
1.420000
1.420000
1.420000
1.420000
1.420000
1.420000
1.420000
1.420000
1.529000
1.529000
1.529000
1.529000
1.529000
1.529000
1.637000
1.637000
1.637000
1.637000
1.637000
1.637000
1.637000
1.637000
1.637000
1.746000
1.746000
1.746000
1.746000
1.746000
1.746000
1.746000
1.746000
1.746000
1.746000
1.746000
1.746000
1.746000
1.854000
1.854000
1.854000
1.854000
1.854000
1.854000
1.854000
1.854000
1.962000
1.962000
1.962000
1.962000
1.962000
1.962000
1.962000
1.962000
1.962000
1.962000
1.962000
1.962000
1.962000
2.071000
2.071000
2.071000
2.071000
2.071000
2.179000
2.179000
2.179000
2.179000
2.179000
2.179000
2.179000
2.179000
2.288000
2.288000
2.288000
2.288000
2.288000
2.288000
2.288000
2.288000
2.288000
2.288000
2.288000
2.396000
2.396000
2.396000
2.396000
2.396000
2.396000
2.396000
2.396000
2.396000
2.396000
2.504000
2.504000
2.504000
2.504000
2.504000
2.504000
2.504000
2.504000
2.504000
2.613000
2.613000
2.613000
2.613000
2.613000
2.613000
2.613000
2.613000
2.613000
2.721000
2.721000
2.721000
2.721000
2.721000
2.721000
2.721000
2.721000
2.721000
2.721000
2.721000
2.721000
2.721000
2.830000
2.830000
2.830000
2.830000
2.830000
2.830000
2.830000
2.830000
2.830000
2.830000
2.938000
2.938000
2.938000
2.938000
2.938000
2.938000
2.938000
2.938000
2.938000
2.938000
3.046000
3.046000
3.046000
3.046000
3.046000
3.046000
3.046000
3.046000
3.046000
3.046000
3.046000
3.046000
3.155000
3.155000
3.155000
3.155000
3.155000
3.155000
3.155000
3.155000
3.155000
3.155000
3.155000
3.263000
3.263000
3.263000
3.263000
3.263000
3.263000
3.263000
3.263000
3.263000
3.372000
3.372000
3.372000
3.372000
3.372000
3.372000
3.372000
3.372000
3.372000
3.372000
3.372000
3.480000
3.480000
3.480000
3.480000
3.480000
3.588000
3.588000
3.588000
3.588000
3.588000
3.588000
3.588000
3.588000
3.588000
3.588000
3.588000
3.697000
3.697000
3.697000
3.697000
3.697000
3.697000
3.697000
3.697000
3.697000
3.697000
3.697000
3.697000
3.805000
3.805000
3.805000
3.805000
3.805000
3.805000
3.805000
3.805000
3.805000
3.805000
3.914000
3.914000
3.914000
3.914000
3.914000
3.914000
3.914000
3.914000
3.914000
3.914000
4.022000
4.022000
4.022000
4.022000
4.022000
4.022000
4.022000
4.022000
4.022000
4.022000
4.131000
4.131000
4.131000
4.131000
4.131000
4.131000
4.131000
4.131000
4.131000
4.131000
4.131000
4.239000
4.239000
4.239000
4.239000
4.239000
4.239000
4.239000
4.239000
4.239000
4.239000
4.239000
4.239000
4.239000
4.347000
4.347000
4.347000
4.347000
4.347000
4.347000
4.347000
4.347000
4.347000
4.456000
4.456000
4.456000
4.456000
4.456000
4.456000
4.456000
4.456000
4.456000
4.456000
4.564000
4.564000
4.564000
4.564000
4.564000
4.564000
4.564000
4.564000
4.564000
4.564000
4.564000
4.564000
4.673000
4.673000
4.673000
4.673000
4.673000
4.673000
4.673000
4.673000
4.673000
4.673000
4.673000
4.673000
4.781000
4.781000
4.781000
4.781000
4.781000
4.781000
4.781000
4.781000
4.781000
4.781000
4.781000
4.889000
4.889000
4.889000
4.889000
4.889000
4.889000
4.998000
4.998000
4.998000
4.998000
4.998000
4.998000
4.998000
4.998000
4.998000
4.998000
5.424000
5.424000
5.424000
5.424000
5.424000
5.424000
5.424000
5.424000
5.424000
5.424000
5.424000
5.424000
5.851000
5.851000
5.851000
5.851000
5.851000
5.851000
5.851000
5.851000
5.851000
5.851000
5.851000
5.851000
5.851000
6.277000
6.277000
6.277000
6.277000
6.277000
6.277000
6.277000
6.277000
6.277000
6.704000
6.704000
6.704000
6.704000
6.704000
6.704000
6.704000
6.704000
6.704000
6.704000
7.131000
7.131000
7.131000
7.131000
7.131000
7.131000
7.131000
7.131000
7.131000
7.131000
7.131000
7.131000
7.557000
7.557000
7.557000
7.557000
7.557000
7.557000
7.557000
7.557000
7.557000
7.557000
7.984000
7.984000
7.984000
7.984000
7.984000
7.984000
7.984000
7.984000
8.410000
8.410000
8.410000
8.410000
8.410000
8.410000
8.410000
8.410000
8.410000
8.837000
8.837000
8.837000
8.837000
8.837000
8.837000
8.837000
8.837000
8.837000
8.837000
8.837000
8.837000
8.837000
8.837000
8.837000
9.263000
9.263000
9.263000
9.263000
9.690000
9.690000
9.690000
9.690000
9.690000
9.690000
9.690000
9.690000
9.690000
10.120000
10.120000
10.120000
10.120000
10.120000
10.120000
10.120000
10.120000
10.120000
10.120000
10.120000
10.120000
10.540000
10.540000
10.540000
10.540000
10.540000
10.540000
10.540000
10.540000
10.970000
10.970000
10.970000
10.970000
10.970000
10.970000
10.970000
10.970000
10.970000
10.970000
10.970000
10.970000
10.970000
11.400000
11.400000
11.400000
11.400000
11.400000
11.400000
11.400000
11.400000
11.400000
11.820000
11.820000
11.820000
11.820000
11.820000
11.820000
11.820000
11.820000
11.820000
11.820000
12.250000
12.250000
12.250000
12.250000
12.250000
12.250000
12.250000
12.680000
12.680000
12.680000
12.680000
12.680000
12.680000
13.100000
13.100000
13.100000
13.100000
13.100000
13.100000
13.100000
13.100000
13.530000
13.530000
13.530000
13.530000
13.530000
13.530000
13.530000
13.530000
13.530000
13.530000
13.530000
13.530000
13.530000
13.960000
13.960000
13.960000
13.960000
13.960000
13.960000
13.960000
13.960000
13.960000
13.960000
13.960000
14.380000
14.380000
14.380000
14.380000
14.380000
14.380000
14.380000
14.380000
14.380000
14.380000
14.810000
14.810000
14.810000
14.810000
14.810000
14.810000
14.810000
14.810000
14.810000
14.810000
14.810000
15.240000
15.240000
15.240000
15.240000
15.240000
15.240000
15.240000
15.240000
15.240000
15.240000
15.240000
15.240000
15.240000
15.660000
15.660000
15.660000
15.660000
15.660000
15.660000
15.660000
15.660000
16.090000
16.090000
16.090000
16.090000
16.090000
16.090000
16.090000
16.090000
16.090000
16.090000
16.090000
16.090000
16.090000
16.090000
16.510000
16.510000
16.510000
16.510000
16.510000
16.510000
16.510000
16.510000
16.510000
16.510000
16.510000
16.510000
16.940001
16.940001
16.940001
16.940001
16.940001
16.940001
16.940001
16.940001
16.940001
16.940001
16.940001
16.940001
16.940001
16.940001
16.940001
16.940001
16.940001
16.940001
16.940001
17.370001
17.370001
17.370001
17.370001
17.370001
17.370001
17.370001
17.370001
17.370001
17.790001
17.790001
17.790001
17.790001
17.790001
17.790001
17.790001
17.790001
17.790001
17.790001
18.219999
18.219999
18.219999
18.219999
18.219999
18.219999
18.219999
18.650000
18.650000
18.650000
19.070000
19.070000
19.070000
19.070000
19.070000
19.070000
19.070000
19.070000
19.070000
19.070000
19.500000
19.500000
19.500000
19.500000
19.500000
19.930000
19.930000
19.930000
19.930000
19.930000
19.930000
19.930000
20.350000
20.350000
20.350000
20.780001
20.780001
20.780001
20.780001
20.780001
20.780001
20.780001
20.780001
20.780001
20.780001
20.780001
20.780001
20.780001
21.209999
21.209999
21.209999
21.209999
21.209999
21.209999
21.209999
21.629999
21.629999
21.629999
21.629999
21.629999
21.629999
21.629999
21.629999
21.629999
21.629999
21.629999
21.629999
21.629999
21.629999
22.059999
22.059999
22.059999
22.059999
22.059999
22.059999
22.059999
22.059999
22.490000
22.490000
22.490000
22.490000
22.490000
22.490000
22.490000
22.490000
22.490000
22.490000
22.490000
22.910000
22.910000
22.910000
22.910000
22.910000
22.910000
22.910000
22.910000
23.340000
23.340000
23.340000
23.340000
23.340000
23.340000
23.340000
23.340000
23.340000
23.770000
23.770000
23.770000
23.770000
23.770000
23.770000
23.770000
23.770000
23.770000
23.770000
23.770000
24.190001
24.190001
24.190001
24.190001
24.190001
24.190001
24.190001
24.190001
29.690001
29.690001
29.690001
29.690001
29.690001
29.690001
35.180000
35.180000
35.180000
35.180000
35.180000
35.180000
35.180000
35.180000
35.180000
40.669998
40.669998
40.669998
40.669998
40.669998
40.669998
40.669998
40.669998
40.669998
40.669998
40.669998
40.669998
40.669998
40.669998
46.169998
46.169998
46.169998
46.169998
46.169998
46.169998
46.169998
46.169998
46.169998
50.290001
50.290001
50.290001
50.290001
50.290001
50.290001
50.290001
50.290001
