0.000000
0.000000
0.000000
0.000000
0.000000
0.000000
0.000000
0.000000
0.000000
0.000000
0.000000
0.000000
0.000000
0.000000
0.000000
0.000000
0.000000
0.000000
0.000000
0.000000
0.000000
0.000000
0.000000
0.000000
0.000000
0.000000
0.000000
0.000000
0.000000
0.000000
0.000000
0.000000
0.000000
0.000000
0.000000
0.000000
0.000000
0.000000
0.000000
0.000000
0.000000
0.000000
0.000000
0.000000
0.000000
0.000000
0.194300
0.194300
0.194300
0.194300
0.194300
0.194300
0.194300
0.194300
0.442700
0.442700
0.442700
0.442700
0.442700
0.442700
0.442700
0.442700
0.691100
0.691100
0.691100
0.691100
0.691100
0.691100
0.691100
0.691100
0.691100
0.691100
0.691100
0.691100
0.691100
0.939500
0.939500
0.939500
0.939500
1.188000
1.188000
1.188000
1.188000
1.188000
1.188000
1.188000
1.188000
1.188000
1.188000
1.188000
1.188000
1.188000
1.436000
1.436000
1.436000
1.436000
1.436000
1.436000
1.436000
1.436000
1.436000
1.436000
1.436000
1.436000
1.436000
1.436000
1.436000
1.436000
1.436000
1.685000
1.685000
1.685000
1.685000
1.685000
1.685000
1.685000
1.685000
1.685000
1.933000
1.933000
1.933000
1.933000
1.933000
1.933000
1.933000
1.933000
1.933000
2.181000
2.181000
2.181000
2.181000
2.181000
2.181000
2.181000
2.181000
2.430000
2.430000
2.430000
2.430000
2.430000
2.430000
2.430000
2.430000
2.430000
2.678000
2.678000
2.678000
2.678000
2.678000
2.678000
2.678000
2.678000
2.678000
2.678000
2.678000
2.678000
2.678000
2.678000
2.678000
2.678000
2.678000
2.678000
2.678000
2.678000
2.926000
2.926000
2.926000
2.926000
2.926000
2.926000
2.926000
2.926000
2.926000
2.926000
3.175000
3.175000
3.175000
3.175000
3.175000
3.175000
3.175000
3.175000
3.423000
3.423000
3.423000
3.423000
3.423000
3.423000
3.423000
3.423000
3.423000
3.423000
3.672000
3.672000
3.672000
3.672000
3.672000
3.672000
3.672000
3.672000
3.920000
3.920000
3.920000
3.920000
3.920000
3.920000
3.920000
4.168000
4.168000
4.168000
4.168000
4.168000
4.168000
4.417000
4.417000
4.417000
4.417000
4.417000
4.417000
4.417000
4.417000
4.417000
4.665000
4.665000
4.665000
4.665000
4.665000
4.665000
4.665000
4.665000
4.665000
4.914000
4.914000
4.914000
4.914000
4.914000
4.914000
4.914000
4.914000
4.914000
4.914000
4.914000
4.914000
4.914000
4.914000
5.162000
5.162000
5.162000
5.162000
5.162000
5.162000
5.162000
5.162000
5.162000
5.162000
5.162000
5.410000
5.410000
5.410000
5.410000
5.410000
5.410000
5.410000
5.410000
5.410000
5.410000
5.410000
5.410000
5.410000
5.659000
5.659000
5.659000
5.659000
5.907000
5.907000
5.907000
5.907000
5.907000
5.907000
5.907000
5.907000
5.907000
5.907000
5.907000
5.907000
5.907000
5.907000
5.907000
6.155000
6.155000
6.155000
6.155000
6.155000
6.155000
6.155000
6.155000
6.155000
6.155000
6.404000
6.404000
6.404000
6.404000
6.404000
6.404000
6.404000
6.404000
6.404000
6.652000
6.652000
6.652000
6.652000
6.652000
6.652000
6.652000
6.652000
6.652000
6.901000
6.901000
6.901000
6.901000
6.901000
6.901000
6.901000
6.901000
6.901000
6.901000
6.901000
6.901000
6.901000
6.901000
6.901000
6.901000
6.901000
6.901000
6.901000
6.901000
7.149000
7.149000
7.149000
7.149000
7.149000
7.149000
7.149000
7.397000
7.397000
7.397000
7.397000
7.397000
7.646000
7.646000
7.646000
7.646000
7.646000
7.646000
7.646000
7.646000
7.646000
7.646000
7.646000
7.646000
7.646000
7.894000
7.894000
7.894000
7.894000
7.894000
7.894000
7.894000
7.894000
7.894000
7.894000
7.894000
7.894000
7.894000
8.142000
8.142000
8.142000
8.142000
8.142000
8.142000
8.142000
8.142000
8.142000
8.142000
8.391000
8.391000
8.391000
8.391000
8.391000
8.391000
8.391000
8.391000
8.391000
8.391000
8.391000
8.391000
8.391000
8.639000
8.639000
8.639000
8.639000
8.639000
8.639000
8.639000
8.639000
8.639000
8.639000
8.639000
8.888000
8.888000
8.888000
8.888000
8.888000
9.136000
9.136000
9.136000
9.136000
9.136000
9.136000
9.136000
9.136000
9.384000
9.384000
9.384000
9.384000
9.384000
9.384000
9.384000
9.384000
9.384000
9.384000
9.384000
9.384000
9.633000
9.633000
9.633000
9.633000
9.633000
9.633000
9.633000
9.633000
9.633000
9.633000
9.633000
9.633000
9.881000
9.881000
9.881000
9.881000
9.881000
9.881000
9.881000
9.881000
9.881000
10.130000
10.130000
10.130000
10.130000
10.130000
10.130000
10.130000
10.130000
10.130000
10.130000
10.380000
10.380000
10.380000
10.380000
10.380000
10.380000
10.630000
10.630000
10.630000
10.630000
10.630000
10.630000
10.630000
10.630000
10.630000
10.870000
10.870000
10.870000
10.870000
10.870000
10.870000
10.870000
10.870000
10.870000
10.870000
10.870000
10.870000
10.870000
11.120000
11.120000
11.120000
11.120000
11.120000
11.120000
11.120000
11.120000
11.120000
11.120000
11.370000
11.370000
11.370000
11.370000
11.370000
11.370000
11.370000
11.370000
11.370000
11.370000
11.370000
11.370000
12.490000
12.490000
12.490000
12.490000
12.490000
12.490000
12.490000
13.600000
13.600000
13.600000
13.600000
13.600000
13.600000
13.600000
13.600000
14.710000
14.710000
14.710000
14.710000
14.710000
15.830000
15.830000
15.830000
15.830000
15.830000
15.830000
16.940001
16.940001
16.940001
16.940001
16.940001
16.940001
16.940001
16.940001
18.059999
18.059999
18.059999
18.059999
18.059999
18.059999
18.059999
18.059999
18.059999
18.059999
18.059999
18.059999
18.059999
19.170000
19.170000
19.170000
19.170000
19.170000
19.170000
19.170000
19.170000
19.170000
19.170000
19.170000
19.170000
20.280001
20.280001
20.280001
20.280001
20.280001
20.280001
20.280001
20.280001
20.280001
20.280001
20.280001
20.280001
20.280001
21.400000
21.400000
21.400000
21.400000
21.400000
21.400000
21.400000
22.510000
22.510000
22.510000
22.510000
22.510000
22.510000
22.510000
22.510000
22.510000
22.510000
22.510000
22.510000
22.510000
23.629999
23.629999
23.629999
23.629999
23.629999
23.629999
23.629999
23.629999
24.740000
24.740000
24.740000
24.740000
24.740000
24.740000
24.740000
24.740000
24.740000
24.740000
24.740000
25.850000
25.850000
25.850000
25.850000
25.850000
25.850000
25.850000
25.850000
25.850000
25.850000
25.850000
25.850000
26.969999
26.969999
26.969999
26.969999
26.969999
26.969999
26.969999
26.969999
26.969999
28.080000
28.080000
28.080000
28.080000
28.080000
28.080000
28.080000
28.080000
28.080000
28.080000
29.200001
29.200001
29.200001
29.200001
29.200001
29.200001
29.200001
29.200001
29.200001
29.200001
29.200001
30.309999
30.309999
30.309999
30.309999
30.309999
30.309999
31.420000
31.420000
31.420000
31.420000
31.420000
31.420000
31.420000
32.540001
32.540001
32.540001
32.540001
32.540001
32.540001
32.540001
32.540001
32.540001
33.650002
33.650002
33.650002
33.650002
33.650002
34.770000
34.770000
34.770000
34.770000
34.770000
34.770000
34.770000
34.770000
34.770000
34.770000
34.770000
34.770000
35.880001
35.880001
35.880001
35.880001
35.880001
35.880001
35.880001
37.000000
37.000000
37.000000
37.000000
37.000000
37.000000
37.000000
37.000000
37.000000
37.000000
37.000000
37.000000
37.000000
37.000000
37.000000
38.110001
38.110001
38.110001
38.110001
38.110001
38.110001
38.110001
38.110001
38.110001
39.220001
39.220001
39.220001
39.220001
39.220001
39.220001
39.220001
39.220001
39.220001
39.220001
39.220001
39.220001
39.220001
39.220001
39.220001
40.340000
40.340000
40.340000
40.340000
40.340000
40.340000
40.340000
40.340000
40.340000
40.340000
41.450001
41.450001
41.450001
41.450001
41.450001
41.450001
41.450001
41.450001
41.450001
41.450001
41.450001
42.570000
42.570000
42.570000
42.570000
42.570000
42.570000
42.570000
42.570000
42.570000
42.570000
42.570000
43.680000
43.680000
43.680000
43.680000
43.680000
43.680000
43.680000
44.790001
44.790001
44.790001
44.790001
44.790001
44.790001
44.790001
44.790001
44.790001
44.790001
44.790001
45.910000
45.910000
45.910000
45.910000
45.910000
45.910000
45.910000
47.020000
47.020000
47.020000
47.020000
47.020000
48.139999
48.139999
48.139999
48.139999
48.139999
48.139999
48.139999
49.250000
49.250000
49.250000
49.250000
49.250000
49.250000
49.250000
50.360001
50.360001
50.360001
50.360001
50.360001
50.360001
50.360001
50.360001
50.360001
50.360001
51.480000
51.480000
51.480000
51.480000
51.480000
51.480000
51.480000
51.480000
51.480000
51.480000
51.480000
51.480000
51.480000
51.480000
51.480000
51.480000
52.590000
52.590000
52.590000
52.590000
52.590000
52.590000
52.590000
52.590000
52.590000
52.590000
52.590000
52.590000
52.590000
52.590000
52.590000
52.590000
53.709999
53.709999
53.709999
53.709999
53.709999
53.709999
53.709999
53.709999
53.709999
54.820000
54.820000
54.820000
54.820000
54.820000
54.820000
54.820000
54.820000
54.820000
54.820000
54.820000
55.930000
55.930000
55.930000
55.930000
55.930000
55.930000
55.930000
55.930000
55.930000
55.930000
55.930000
55.930000
57.049999
57.049999
57.049999
57.049999
57.049999
57.049999
58.160000
58.160000
58.160000
58.160000
58.160000
58.160000
59.279999
59.279999
59.279999
59.279999
59.279999
59.279999
59.279999
59.279999
59.279999
59.279999
59.279999
59.279999
59.279999
59.279999
59.279999
59.279999
59.279999
59.279999
59.279999
59.279999
60.389999
60.389999
60.389999
60.389999
60.389999
60.389999
60.389999
60.389999
60.389999
60.389999
61.509998
61.509998
61.509998
61.509998
61.509998
61.509998
61.509998
61.509998
61.509998
61.509998
61.509998
70.820000
70.820000
70.820000
70.820000
70.820000
70.820000
70.820000
70.820000
70.820000
80.139999
80.139999
80.139999
80.139999
80.139999
80.139999
80.139999
80.139999
80.139999
80.139999
80.139999
80.139999
80.139999
80.139999
80.139999
80.139999
89.459999
89.459999
89.459999
89.459999
89.459999
89.459999
98.779999
98.779999
98.779999
98.779999
98.779999
98.779999
98.779999
98.779999
105.800003
105.800003
105.800003
105.800003
105.800003
105.800003
