0.000000
0.000000
0.000000
0.000000
0.000000
0.000000
0.000000
0.000000
0.000000
0.000000
0.000000
0.000000
0.000000
0.000000
0.000000
0.000000
0.000000
0.000000
0.000000
0.000000
0.000000
0.000000
0.000000
0.000000
0.000000
0.000000
0.000000
0.000000
0.000000
0.000000
0.000000
0.000000
0.000000
0.000000
0.000000
0.000000
0.000000
0.000000
0.000000
0.000000
0.000000
0.000000
0.000000
0.000000
0.000000
0.000000
0.000000
0.000000
0.000000
0.000000
0.000000
0.000000
0.000000
0.035470
0.035470
0.035470
0.035470
0.035470
0.035470
0.035470
0.035470
0.035470
0.074650
0.074650
0.074650
0.074650
0.074650
0.074650
0.074650
0.074650
0.113800
0.113800
0.113800
0.113800
0.113800
0.113800
0.113800
0.113800
0.113800
0.113800
0.113800
0.113800
0.113800
0.153000
0.153000
0.153000
0.153000
0.153000
0.153000
0.153000
0.153000
0.153000
0.153000
0.192200
0.192200
0.192200
0.192200
0.192200
0.192200
0.192200
0.192200
0.192200
0.192200
0.192200
0.192200
0.231400
0.231400
0.231400
0.231400
0.231400
0.231400
0.231400
0.231400
0.231400
0.231400
0.270600
0.270600
0.270600
0.270600
0.270600
0.270600
0.270600
0.270600
0.270600
0.270600
0.270600
0.309700
0.309700
0.309700
0.309700
0.309700
0.309700
0.309700
0.309700
0.309700
0.309700
0.309700
0.309700
0.348900
0.348900
0.348900
0.348900
0.348900
0.348900
0.348900
0.348900
0.348900
0.348900
0.348900
0.348900
0.388100
0.388100
0.388100
0.388100
0.388100
0.388100
0.388100
0.427300
0.427300
0.427300
0.427300
0.427300
0.427300
0.466500
0.466500
0.466500
0.466500
0.466500
0.466500
0.466500
0.466500
0.466500
0.466500
0.466500
0.466500
0.505600
0.505600
0.505600
0.505600
0.505600
0.505600
0.505600
0.544800
0.544800
0.544800
0.544800
0.544800
0.544800
0.544800
0.584000
0.584000
0.584000
0.584000
0.584000
0.584000
0.584000
0.584000
0.584000
0.584000
0.584000
0.623200
0.623200
0.623200
0.623200
0.662400
0.662400
0.662400
0.662400
0.662400
0.662400
0.662400
0.701500
0.701500
0.701500
0.701500
0.701500
0.701500
0.701500
0.740700
0.740700
0.740700
0.740700
0.740700
0.779900
0.779900
0.779900
0.779900
0.779900
0.779900
0.779900
0.779900
0.779900
0.779900
0.779900
0.779900
0.819100
0.819100
0.819100
0.819100
0.819100
0.819100
0.819100
0.819100
0.819100
0.819100
0.858300
0.858300
0.858300
0.858300
0.858300
0.858300
0.858300
0.897400
0.897400
0.897400
0.897400
0.897400
0.897400
0.897400
0.897400
0.897400
0.897400
0.936600
0.936600
0.936600
0.936600
0.936600
0.936600
0.936600
0.936600
0.936600
0.936600
0.936600
0.936600
0.975800
0.975800
0.975800
0.975800
0.975800
0.975800
0.975800
0.975800
0.975800
0.975800
0.975800
0.975800
1.015000
1.015000
1.015000
1.015000
1.015000
1.015000
1.015000
1.015000
1.015000
1.054000
1.054000
1.054000
1.054000
1.054000
1.054000
1.054000
1.093000
1.093000
1.093000
1.093000
1.093000
1.093000
1.093000
1.093000
1.093000
1.093000
1.093000
1.093000
1.133000
1.133000
1.133000
1.133000
1.133000
1.133000
1.133000
1.133000
1.133000
1.133000
1.133000
1.172000
1.172000
1.172000
1.172000
1.172000
1.172000
1.172000
1.172000
1.172000
1.211000
1.211000
1.211000
1.211000
1.211000
1.211000
1.211000
1.211000
1.211000
1.250000
1.250000
1.250000
1.250000
1.250000
1.289000
1.289000
1.289000
1.289000
1.289000
1.289000
1.289000
1.289000
1.289000
1.289000
1.289000
1.289000
1.289000
1.289000
1.328000
1.328000
1.328000
1.328000
1.328000
1.328000
1.328000
1.368000
1.368000
1.368000
1.368000
1.368000
1.368000
1.368000
1.368000
1.368000
1.407000
1.407000
1.407000
1.407000
1.407000
1.407000
1.446000
1.446000
1.446000
1.446000
1.446000
1.446000
1.446000
1.485000
1.485000
1.485000
1.485000
1.485000
1.485000
1.485000
1.485000
1.485000
1.485000
1.485000
1.485000
1.485000
1.485000
1.524000
1.524000
1.524000
1.524000
1.524000
1.524000
1.524000
1.524000
1.524000
1.524000
1.563000
1.563000
1.563000
1.563000
1.603000
1.603000
1.603000
1.603000
1.603000
1.603000
1.603000
1.603000
1.603000
1.603000
1.603000
1.642000
1.642000
1.642000
1.642000
1.642000
1.642000
1.642000
1.642000
1.642000
1.681000
1.681000
1.681000
1.681000
1.681000
1.681000
1.681000
1.681000
1.720000
1.720000
1.720000
1.720000
1.720000
1.720000
1.720000
1.720000
1.720000
1.720000
1.720000
1.720000
1.759000
1.759000
1.759000
1.759000
1.759000
1.759000
1.759000
1.759000
1.759000
1.759000
1.759000
1.799000
1.799000
1.799000
1.799000
1.799000
1.799000
1.799000
1.799000
1.799000
1.799000
1.799000
1.799000
2.048000
2.048000
2.048000
2.048000
2.048000
2.048000
2.048000
2.048000
2.048000
2.048000
2.048000
2.298000
2.298000
2.298000
2.298000
2.298000
2.298000
2.298000
2.298000
2.298000
2.547000
2.547000
2.547000
2.547000
2.547000
2.547000
2.547000
2.547000
2.547000
2.797000
2.797000
2.797000
2.797000
2.797000
2.797000
2.797000
2.797000
2.797000
2.797000
2.797000
2.797000
2.797000
2.797000
3.047000
3.047000
3.047000
3.047000
3.047000
3.047000
3.047000
3.047000
3.047000
3.296000
3.296000
3.296000
3.296000
3.296000
3.296000
3.296000
3.296000
3.296000
3.296000
3.296000
3.296000
3.546000
3.546000
3.546000
3.546000
3.546000
3.546000
3.546000
3.546000
3.546000
3.546000
3.546000
3.796000
3.796000
3.796000
3.796000
3.796000
3.796000
3.796000
3.796000
3.796000
3.796000
3.796000
3.796000
3.796000
4.045000
4.045000
4.045000
4.045000
4.045000
4.045000
4.045000
4.045000
4.045000
4.045000
4.045000
4.295000
4.295000
4.295000
4.295000
4.295000
4.295000
4.295000
4.295000
4.295000
4.295000
4.295000
4.295000
4.295000
4.295000
4.545000
4.545000
4.545000
4.545000
4.545000
4.545000
4.545000
4.545000
4.545000
4.545000
4.545000
4.794000
4.794000
4.794000
4.794000
4.794000
4.794000
4.794000
4.794000
4.794000
4.794000
4.794000
4.794000
5.044000
5.044000
5.044000
5.044000
5.044000
5.044000
5.044000
5.044000
5.044000
5.044000
5.044000
5.044000
5.044000
5.293000
5.293000
5.293000
5.293000
5.293000
5.293000
5.293000
5.293000
5.293000
5.293000
5.293000
5.543000
5.543000
5.543000
5.543000
5.543000
5.543000
5.543000
5.543000
5.543000
5.543000
5.543000
5.543000
5.793000
5.793000
5.793000
5.793000
5.793000
5.793000
5.793000
5.793000
5.793000
5.793000
5.793000
5.793000
5.793000
6.042000
6.042000
6.042000
6.042000
6.042000
6.042000
6.292000
6.292000
6.292000
6.292000
6.292000
6.292000
6.292000
6.292000
6.292000
6.292000
6.292000
6.292000
6.292000
6.292000
6.292000
6.292000
6.542000
6.542000
6.542000
6.542000
6.542000
6.542000
6.542000
6.791000
6.791000
6.791000
6.791000
6.791000
6.791000
6.791000
6.791000
6.791000
6.791000
6.791000
7.041000
7.041000
7.041000
7.041000
7.041000
7.041000
7.041000
7.041000
7.041000
7.041000
7.041000
7.291000
7.291000
7.291000
7.291000
7.291000
7.291000
7.291000
7.291000
7.291000
7.540000
7.540000
7.540000
7.540000
7.540000
7.540000
7.540000
7.540000
7.540000
7.540000
7.540000
7.540000
7.540000
7.790000
7.790000
7.790000
7.790000
7.790000
7.790000
7.790000
8.039000
8.039000
8.039000
8.039000
8.039000
8.039000
8.039000
8.039000
8.289000
8.289000
8.289000
8.289000
8.289000
8.289000
8.289000
8.289000
8.289000
8.289000
8.289000
8.289000
8.539000
8.539000
8.539000
8.539000
8.539000
8.539000
8.539000
8.788000
8.788000
8.788000
8.788000
8.788000
8.788000
8.788000
8.788000
8.788000
8.788000
9.038000
9.038000
9.038000
9.038000
9.038000
9.038000
9.038000
9.038000
9.038000
9.038000
9.038000
9.038000
9.288000
9.288000
9.288000
9.288000
9.288000
9.288000
9.288000
9.288000
9.288000
9.537000
9.537000
9.537000
9.537000
9.537000
9.537000
9.537000
9.537000
9.537000
9.537000
9.537000
9.537000
9.787000
9.787000
9.787000
9.787000
9.787000
9.787000
9.787000
9.787000
9.787000
9.787000
9.787000
9.787000
9.787000
9.787000
9.787000
9.787000
10.040000
10.040000
10.040000
10.040000
10.040000
10.040000
10.040000
10.040000
10.040000
10.290000
10.290000
10.290000
10.290000
10.290000
10.290000
10.290000
10.540000
10.540000
10.540000
10.540000
10.540000
10.540000
10.540000
10.540000
10.790000
10.790000
10.790000
10.790000
10.790000
10.790000
10.790000
10.790000
11.040000
11.040000
11.040000
11.040000
11.040000
11.040000
11.040000
11.040000
11.040000
11.040000
11.040000
11.040000
11.040000
11.280000
11.280000
11.280000
11.280000
11.280000
11.280000
11.280000
11.280000
11.280000
11.280000
11.280000
11.280000
11.280000
11.530000
11.530000
11.530000
11.530000
11.530000
11.530000
11.530000
11.530000
11.530000
11.530000
11.530000
11.530000
11.530000
11.530000
11.780000
11.780000
11.780000
11.780000
11.780000
11.780000
11.780000
11.780000
11.780000
12.030000
12.030000
12.030000
12.030000
12.030000
12.280000
12.280000
12.280000
12.280000
12.280000
12.280000
12.280000
12.280000
12.280000
12.280000
12.530000
12.530000
12.530000
12.530000
12.530000
12.530000
12.530000
12.780000
12.780000
12.780000
12.780000
12.780000
12.780000
12.780000
12.780000
12.780000
12.780000
12.780000
12.780000
13.030000
13.030000
13.030000
13.030000
13.030000
13.030000
13.030000
13.030000
13.030000
13.030000
13.030000
13.030000
13.030000
14.090000
14.090000
14.090000
14.090000
14.090000
14.090000
14.090000
14.090000
14.090000
15.140000
15.140000
15.140000
15.140000
15.140000
15.140000
15.140000
16.190001
16.190001
16.190001
16.190001
16.190001
16.190001
16.190001
16.190001
17.250000
17.250000
17.250000
17.250000
17.250000
17.250000
17.250000
17.250000
17.250000
18.040001
18.040001
18.040001
18.040001
18.040001
18.040001
