0.000000
0.000000
0.000000
0.000000
0.000000
0.000000
0.000000
0.000000
0.000000
0.000000
0.000000
0.000000
0.000000
0.000000
0.000000
0.000000
0.000000
0.000000
0.000000
0.000000
0.000000
0.000000
0.000000
0.000000
0.000000
0.000000
0.000000
0.000000
0.000000
0.000000
0.000000
0.000000
0.000000
0.000000
0.000000
0.000000
0.000000
0.000000
0.000000
0.000000
0.000000
0.000000
0.000000
0.000000
0.000000
0.000000
0.000000
0.000000
0.064010
0.064010
0.064010
0.064010
0.064010
0.064010
0.064010
0.064010
0.064010
0.064010
0.064010
0.064010
0.064010
0.064010
0.064010
0.064010
0.184000
0.184000
0.184000
0.184000
0.184000
0.184000
0.184000
0.184000
0.184000
0.303900
0.303900
0.303900
0.303900
0.303900
0.303900
0.303900
0.303900
0.303900
0.423900
0.423900
0.423900
0.423900
0.423900
0.423900
0.423900
0.423900
0.543800
0.543800
0.543800
0.543800
0.543800
0.663800
0.663800
0.663800
0.663800
0.663800
0.663800
0.663800
0.663800
0.663800
0.663800
0.663800
0.663800
0.783800
0.783800
0.783800
0.783800
0.783800
0.783800
0.783800
0.783800
0.783800
0.783800
0.783800
0.783800
0.783800
0.903700
0.903700
0.903700
0.903700
0.903700
0.903700
0.903700
0.903700
0.903700
0.903700
1.024000
1.024000
1.024000
1.024000
1.024000
1.024000
1.024000
1.024000
1.144000
1.144000
1.144000
1.144000
1.144000
1.144000
1.144000
1.144000
1.144000
1.144000
1.144000
1.144000
1.144000
1.144000
1.144000
1.264000
1.264000
1.264000
1.264000
1.264000
1.264000
1.264000
1.264000
1.264000
1.264000
1.264000
1.264000
1.264000
1.264000
1.384000
1.384000
1.384000
1.384000
1.384000
1.384000
1.384000
1.503000
1.503000
1.503000
1.503000
1.503000
1.503000
1.503000
1.503000
1.503000
1.623000
1.623000
1.623000
1.623000
1.623000
1.623000
1.623000
1.623000
1.623000
1.623000
1.623000
1.623000
1.623000
1.743000
1.743000
1.743000
1.743000
1.743000
1.743000
1.743000
1.743000
1.743000
1.743000
1.743000
1.743000
1.743000
1.863000
1.863000
1.863000
1.863000
1.863000
1.863000
1.863000
1.863000
1.983000
1.983000
1.983000
1.983000
1.983000
1.983000
1.983000
1.983000
2.103000
2.103000
2.103000
2.103000
2.103000
2.103000
2.103000
2.223000
2.223000
2.223000
2.223000
2.223000
2.223000
2.223000
2.223000
2.343000
2.343000
2.343000
2.343000
2.343000
2.343000
2.343000
2.343000
2.343000
2.343000
2.463000
2.463000
2.463000
2.463000
2.463000
2.583000
2.583000
2.583000
2.583000
2.583000
2.583000
2.583000
2.703000
2.703000
2.703000
2.703000
2.703000
2.703000
2.703000
2.703000
2.703000
2.703000
2.703000
2.703000
2.703000
2.823000
2.823000
2.823000
2.823000
2.823000
2.823000
2.823000
2.823000
2.823000
2.823000
2.943000
2.943000
2.943000
2.943000
2.943000
2.943000
2.943000
2.943000
2.943000
2.943000
2.943000
2.943000
3.063000
3.063000
3.063000
3.063000
3.063000
3.063000
3.063000
3.183000
3.183000
3.183000
3.183000
3.183000
3.183000
3.183000
3.183000
3.183000
3.303000
3.303000
3.303000
3.303000
3.303000
3.303000
3.303000
3.303000
3.303000
3.303000
3.303000
3.303000
3.303000
3.303000
3.423000
3.423000
3.423000
3.423000
3.423000
3.423000
3.423000
3.423000
3.543000
3.543000
3.543000
3.543000
3.543000
3.543000
3.543000
3.543000
3.543000
3.543000
3.663000
3.663000
3.663000
3.663000
3.663000
3.663000
3.663000
3.663000
3.663000
3.663000
3.663000
3.663000
3.783000
3.783000
3.783000
3.783000
3.783000
3.783000
3.783000
3.783000
3.783000
3.783000
3.783000
3.783000
3.903000
3.903000
3.903000
3.903000
3.903000
3.903000
3.903000
3.903000
3.903000
3.903000
3.903000
3.903000
4.023000
4.023000
4.023000
4.023000
4.023000
4.023000
4.023000
4.023000
4.143000
4.143000
4.143000
4.143000
4.143000
4.143000
4.143000
4.143000
4.143000
4.143000
4.263000
4.263000
4.263000
4.263000
4.263000
4.263000
4.263000
4.263000
4.263000
4.263000
4.263000
4.263000
4.382000
4.382000
4.382000
4.382000
4.382000
4.382000
4.382000
4.382000
4.502000
4.502000
4.502000
4.502000
4.502000
4.502000
4.502000
4.502000
4.502000
4.502000
4.622000
4.622000
4.622000
4.622000
4.622000
4.622000
4.622000
4.622000
4.622000
4.622000
4.622000
4.742000
4.742000
4.742000
4.742000
4.742000
4.862000
4.862000
4.862000
4.862000
4.862000
4.862000
4.982000
4.982000
4.982000
4.982000
4.982000
5.102000
5.102000
5.102000
5.102000
5.102000
5.102000
5.102000
5.102000
5.102000
5.222000
5.222000
5.222000
5.222000
5.222000
5.222000
5.342000
5.342000
5.342000
5.342000
5.342000
5.342000
5.342000
5.342000
5.342000
5.342000
5.342000
5.342000
5.462000
5.462000
5.462000
5.462000
5.462000
5.462000
5.462000
5.462000
5.462000
5.462000
5.462000
5.462000
5.462000
5.462000
5.771000
5.771000
5.771000
5.771000
5.771000
5.771000
5.771000
5.771000
5.771000
5.771000
5.771000
6.081000
6.081000
6.081000
6.081000
6.081000
6.081000
6.081000
6.081000
6.081000
6.081000
6.081000
6.081000
6.081000
6.390000
6.390000
6.390000
6.390000
6.390000
6.390000
6.390000
6.390000
6.390000
6.390000
6.390000
6.390000
6.390000
6.699000
6.699000
6.699000
6.699000
6.699000
6.699000
6.699000
6.699000
6.699000
6.699000
6.699000
6.699000
6.699000
6.699000
7.009000
7.009000
7.009000
7.009000
7.009000
7.318000
7.318000
7.318000
7.318000
7.318000
7.318000
7.318000
7.318000
7.318000
7.318000
7.318000
7.318000
7.627000
7.627000
7.627000
7.627000
7.627000
7.627000
7.627000
7.627000
7.627000
7.627000
7.627000
7.627000
7.627000
7.937000
7.937000
7.937000
7.937000
7.937000
7.937000
7.937000
7.937000
7.937000
7.937000
7.937000
8.246000
8.246000
8.246000
8.246000
8.246000
8.246000
8.246000
8.246000
8.246000
8.555000
8.555000
8.555000
8.555000
8.555000
8.555000
8.555000
8.555000
8.555000
8.555000
8.555000
8.555000
8.555000
8.555000
8.555000
8.555000
8.865000
8.865000
8.865000
8.865000
8.865000
8.865000
8.865000
8.865000
9.174000
9.174000
9.174000
9.174000
9.174000
9.174000
9.483000
9.483000
9.483000
9.483000
9.483000
9.483000
9.483000
9.483000
9.483000
9.793000
9.793000
9.793000
9.793000
9.793000
9.793000
9.793000
10.100000
10.100000
10.100000
10.100000
10.100000
10.100000
10.100000
10.100000
10.100000
10.410000
10.410000
10.410000
10.410000
10.410000
10.410000
10.410000
10.410000
10.410000
10.410000
10.720000
10.720000
10.720000
10.720000
10.720000
10.720000
10.720000
10.720000
10.720000
10.720000
10.720000
10.720000
10.720000
11.030000
11.030000
11.030000
11.030000
11.030000
11.030000
11.030000
11.030000
11.030000
11.030000
11.030000
11.030000
11.340000
11.340000
11.650000
11.650000
11.650000
11.650000
11.650000
11.650000
11.650000
11.650000
11.650000
11.650000
11.650000
11.650000
11.650000
11.960000
11.960000
11.960000
11.960000
11.960000
11.960000
11.960000
11.960000
12.270000
12.270000
12.270000
12.270000
12.270000
12.270000
12.270000
12.270000
12.270000
12.270000
12.270000
12.270000
12.580000
12.580000
12.580000
12.580000
12.580000
12.580000
12.580000
12.580000
12.580000
12.580000
12.580000
12.890000
12.890000
12.890000
12.890000
12.890000
12.890000
12.890000
12.890000
12.890000
12.890000
13.200000
13.200000
13.200000
13.200000
13.200000
13.200000
13.200000
13.200000
13.200000
13.200000
13.200000
13.200000
13.500000
13.500000
13.500000
13.500000
13.500000
13.500000
13.500000
13.500000
13.500000
13.810000
13.810000
13.810000
13.810000
13.810000
13.810000
13.810000
13.810000
13.810000
13.810000
13.810000
13.810000
13.810000
13.810000
14.120000
14.120000
14.120000
14.120000
14.120000
14.120000
14.430000
14.430000
14.430000
14.430000
14.430000
14.430000
14.430000
14.430000
14.430000
14.430000
14.430000
14.430000
14.430000
14.740000
14.740000
14.740000
14.740000
14.740000
14.740000
14.740000
14.740000
14.740000
14.740000
14.740000
14.740000
14.740000
14.740000
14.740000
14.740000
14.740000
15.050000
15.050000
15.050000
15.050000
15.050000
15.360000
15.360000
15.360000
15.360000
15.360000
15.360000
15.360000
15.360000
15.670000
15.670000
15.670000
15.980000
15.980000
15.980000
15.980000
15.980000
15.980000
15.980000
16.290001
16.290001
16.290001
16.290001
16.290001
16.290001
16.290001
16.600000
16.600000
16.600000
16.600000
16.600000
16.600000
16.600000
16.600000
16.600000
16.910000
16.910000
16.910000
16.910000
16.910000
16.910000
16.910000
16.910000
16.910000
16.910000
16.910000
16.910000
16.910000
16.910000
17.219999
17.219999
17.219999
17.219999
17.219999
17.219999
17.219999
17.219999
17.219999
17.219999
17.530001
17.530001
17.530001
17.530001
17.530001
17.530001
17.530001
17.530001
17.530001
17.530001
17.530001
17.840000
17.840000
17.840000
17.840000
17.840000
17.840000
17.840000
17.840000
17.840000
17.840000
17.840000
18.139999
18.139999
18.139999
18.139999
18.139999
18.139999
18.139999
18.139999
18.139999
18.139999
18.450001
18.450001
18.450001
18.450001
18.450001
18.450001
18.450001
18.450001
18.450001
18.450001
18.450001
18.450001
18.760000
18.760000
18.760000
18.760000
18.760000
18.760000
18.760000
18.760000
18.760000
19.070000
19.070000
19.070000
19.070000
19.070000
19.070000
19.070000
19.070000
19.070000
19.379999
19.379999
19.379999
19.379999
19.379999
19.379999
19.379999
19.379999
19.379999
19.379999
19.379999
19.379999
19.379999
22.250000
22.250000
22.250000
22.250000
22.250000
22.250000
22.250000
22.250000
22.250000
22.250000
25.120001
25.120001
25.120001
25.120001
25.120001
25.120001
25.120001
27.980000
27.980000
27.980000
27.980000
27.980000
27.980000
27.980000
27.980000
27.980000
27.980000
30.850000
30.850000
30.850000
30.850000
30.850000
30.850000
30.850000
30.850000
30.850000
33.000000
33.000000
33.000000
33.000000
33.000000
33.000000
33.000000
33.000000
33.000000
33.000000
33.000000
