0.000000
0.000000
0.000000
0.000000
0.000000
0.000000
0.000000
0.000000
0.000000
0.000000
0.000000
0.000000
0.000000
0.000000
0.000000
0.000000
0.000000
0.000000
0.000000
0.000000
0.000000
0.000000
0.000000
0.000000
0.000000
0.000000
0.000000
0.000000
0.000000
0.000000
0.000000
0.000000
0.000000
0.000000
0.000000
0.000000
0.000000
0.000000
0.000000
0.000000
0.000000
0.000000
0.000000
0.000000
0.000000
0.000000
0.000000
0.000000
0.000000
0.000000
0.000000
0.000000
0.000000
0.006639
0.006639
0.006639
0.006639
0.006639
0.006639
0.035420
0.035420
0.035420
0.035420
0.035420
0.035420
0.035420
0.035420
0.035420
0.035420
0.064200
0.064200
0.064200
0.064200
0.064200
0.064200
0.064200
0.064200
0.092990
0.092990
0.092990
0.092990
0.092990
0.092990
0.092990
0.092990
0.092990
0.092990
0.121800
0.121800
0.121800
0.121800
0.121800
0.121800
0.121800
0.121800
0.121800
0.121800
0.121800
0.121800
0.150500
0.150500
0.150500
0.150500
0.150500
0.150500
0.150500
0.150500
0.179300
0.179300
0.179300
0.179300
0.179300
0.179300
0.179300
0.179300
0.179300
0.179300
0.208100
0.208100
0.208100
0.208100
0.208100
0.208100
0.208100
0.208100
0.208100
0.208100
0.208100
0.208100
0.208100
0.208100
0.208100
0.236900
0.236900
0.236900
0.236900
0.236900
0.236900
0.236900
0.236900
0.236900
0.236900
0.236900
0.236900
0.236900
0.265700
0.265700
0.265700
0.265700
0.265700
0.265700
0.265700
0.265700
0.265700
0.265700
0.265700
0.294500
0.294500
0.294500
0.294500
0.294500
0.294500
0.294500
0.294500
0.294500
0.294500
0.294500
0.294500
0.294500
0.294500
0.323200
0.323200
0.323200
0.323200
0.323200
0.323200
0.323200
0.323200
0.323200
0.352000
0.352000
0.352000
0.352000
0.352000
0.352000
0.352000
0.352000
0.352000
0.352000
0.352000
0.352000
0.352000
0.380800
0.380800
0.380800
0.380800
0.380800
0.380800
0.380800
0.380800
0.380800
0.380800
0.380800
0.380800
0.380800
0.409600
0.409600
0.409600
0.409600
0.409600
0.409600
0.409600
0.409600
0.409600
0.409600
0.409600
0.438400
0.438400
0.438400
0.438400
0.438400
0.438400
0.438400
0.438400
0.438400
0.438400
0.467200
0.467200
0.467200
0.467200
0.467200
0.467200
0.467200
0.467200
0.467200
0.467200
0.495900
0.495900
0.495900
0.495900
0.495900
0.495900
0.524700
0.524700
0.524700
0.524700
0.524700
0.524700
0.524700
0.524700
0.553500
0.553500
0.553500
0.553500
0.553500
0.553500
0.553500
0.553500
0.553500
0.582300
0.582300
0.582300
0.582300
0.582300
0.582300
0.582300
0.611100
0.611100
0.611100
0.611100
0.611100
0.611100
0.611100
0.611100
0.611100
0.639800
0.639800
0.639800
0.639800
0.639800
0.639800
0.639800
0.639800
0.639800
0.639800
0.639800
0.639800
0.639800
0.639800
0.639800
0.639800
0.639800
0.639800
0.639800
0.639800
0.668600
0.668600
0.668600
0.668600
0.668600
0.668600
0.668600
0.668600
0.668600
0.668600
0.668600
0.668600
0.668600
0.668600
0.697400
0.697400
0.697400
0.697400
0.697400
0.697400
0.697400
0.697400
0.726200
0.726200
0.726200
0.726200
0.726200
0.726200
0.726200
0.726200
0.726200
0.755000
0.755000
0.755000
0.755000
0.755000
0.755000
0.755000
0.783800
0.783800
0.783800
0.783800
0.783800
0.783800
0.783800
0.783800
0.783800
0.783800
0.783800
0.783800
0.783800
0.783800
0.812500
0.812500
0.812500
0.812500
0.812500
0.812500
0.812500
0.812500
0.812500
0.812500
0.812500
0.812500
0.812500
0.812500
0.841300
0.841300
0.841300
0.841300
0.841300
0.841300
0.841300
0.841300
0.870100
0.870100
0.870100
0.870100
0.870100
0.870100
0.870100
0.870100
0.870100
0.870100
0.898900
0.898900
0.898900
0.898900
0.898900
0.898900
0.898900
0.898900
0.927700
0.927700
0.927700
0.927700
0.927700
0.927700
0.927700
0.927700
0.927700
0.956400
0.956400
0.956400
0.956400
0.956400
0.956400
0.956400
0.985200
0.985200
0.985200
0.985200
0.985200
0.985200
0.985200
0.985200
1.014000
1.014000
1.014000
1.014000
1.014000
1.014000
1.014000
1.014000
1.014000
1.014000
1.043000
1.043000
1.043000
1.043000
1.043000
1.043000
1.043000
1.043000
1.072000
1.072000
1.072000
1.072000
1.072000
1.072000
1.072000
1.072000
1.072000
1.072000
1.072000
1.072000
1.072000
1.100000
1.100000
1.100000
1.100000
1.100000
1.100000
1.100000
1.100000
1.129000
1.129000
1.129000
1.129000
1.129000
1.129000
1.129000
1.129000
1.129000
1.129000
1.158000
1.158000
1.158000
1.158000
1.158000
1.158000
1.158000
1.158000
1.158000
1.158000
1.187000
1.187000
1.187000
1.187000
1.187000
1.187000
1.187000
1.187000
1.187000
1.187000
1.187000
1.187000
1.215000
1.215000
1.215000
1.215000
1.215000
1.244000
1.244000
1.244000
1.244000
1.244000
1.244000
1.244000
1.244000
1.244000
1.273000
1.273000
1.273000
1.273000
1.273000
1.302000
1.302000
1.302000
1.302000
1.302000
1.302000
1.302000
1.302000
1.302000
1.302000
1.302000
1.646000
1.646000
1.646000
1.646000
1.646000
1.991000
1.991000
1.991000
1.991000
1.991000
1.991000
1.991000
1.991000
1.991000
2.336000
2.336000
2.336000
2.336000
2.336000
2.336000
2.336000
2.336000
2.336000
2.680000
2.680000
2.680000
2.680000
2.680000
2.680000
2.680000
2.680000
2.680000
2.680000
2.680000
2.680000
3.025000
3.025000
3.025000
3.025000
3.025000
3.025000
3.025000
3.025000
3.025000
3.025000
3.025000
3.025000
3.370000
3.370000
3.370000
3.370000
3.370000
3.370000
3.370000
3.370000
3.370000
3.370000
3.370000
3.370000
3.370000
3.370000
3.714000
3.714000
3.714000
3.714000
3.714000
3.714000
3.714000
3.714000
3.714000
3.714000
3.714000
4.059000
4.059000
4.059000
4.059000
4.059000
4.059000
4.059000
4.059000
4.059000
4.059000
4.059000
4.059000
4.059000
4.059000
4.404000
4.404000
4.404000
4.748000
4.748000
4.748000
4.748000
4.748000
4.748000
4.748000
4.748000
4.748000
4.748000
4.748000
5.093000
5.093000
5.093000
5.093000
5.093000
5.093000
5.093000
5.093000
5.093000
5.438000
5.438000
5.438000
5.438000
5.438000
5.438000
5.438000
5.438000
5.438000
5.438000
5.438000
5.782000
5.782000
5.782000
5.782000
5.782000
5.782000
5.782000
5.782000
5.782000
5.782000
5.782000
6.127000
6.127000
6.127000
6.127000
6.127000
6.127000
6.127000
6.127000
6.472000
6.472000
6.472000
6.472000
6.472000
6.472000
6.816000
6.816000
6.816000
6.816000
6.816000
6.816000
6.816000
6.816000
6.816000
6.816000
7.161000
7.161000
7.161000
7.161000
7.161000
7.161000
7.161000
7.161000
7.505000
7.505000
7.505000
7.505000
7.505000
7.505000
7.505000
7.505000
7.505000
7.505000
7.505000
7.505000
7.850000
7.850000
7.850000
7.850000
7.850000
7.850000
7.850000
7.850000
8.195000
8.195000
8.195000
8.195000
8.195000
8.195000
8.195000
8.195000
8.195000
8.195000
8.195000
8.195000
8.195000
8.195000
8.195000
8.195000
8.539000
8.539000
8.539000
8.539000
8.539000
8.539000
8.539000
8.539000
8.539000
8.884000
8.884000
8.884000
8.884000
8.884000
8.884000
8.884000
8.884000
8.884000
8.884000
9.229000
9.229000
9.229000
9.229000
9.229000
9.229000
9.229000
9.573000
9.573000
9.573000
9.573000
9.573000
9.573000
9.573000
9.918000
9.918000
9.918000
9.918000
9.918000
9.918000
9.918000
9.918000
10.260000
10.260000
10.260000
10.260000
10.260000
10.610000
10.610000
10.610000
10.610000
10.610000
10.610000
10.610000
10.610000
10.610000
10.950000
10.950000
10.950000
10.950000
10.950000
10.950000
10.950000
10.950000
10.950000
10.950000
10.950000
11.300000
11.300000
11.300000
11.300000
11.300000
11.300000
11.300000
11.300000
11.300000
11.300000
11.300000
11.300000
11.300000
11.640000
11.640000
11.640000
11.640000
11.640000
11.640000
11.640000
11.640000
11.990000
11.990000
11.990000
11.990000
11.990000
11.990000
11.990000
11.990000
11.990000
11.990000
11.990000
12.330000
12.330000
12.330000
12.330000
12.330000
12.330000
12.330000
12.330000
12.330000
12.330000
12.330000
12.330000
12.330000
12.330000
12.330000
12.680000
12.680000
12.680000
13.020000
13.020000
13.020000
13.020000
13.020000
13.020000
13.360000
13.360000
13.360000
13.360000
13.360000
13.360000
13.360000
13.360000
13.710000
13.710000
13.710000
13.710000
13.710000
13.710000
13.710000
13.710000
14.050000
14.050000
14.050000
14.050000
14.050000
14.050000
14.050000
14.050000
14.050000
14.050000
14.050000
14.050000
14.050000
14.050000
14.050000
14.050000
14.400000
14.400000
14.400000
14.400000
14.400000
14.400000
14.400000
14.400000
14.400000
14.400000
14.740000
14.740000
14.740000
14.740000
14.740000
14.740000
15.090000
15.090000
15.090000
15.090000
15.090000
15.090000
15.090000
15.090000
15.090000
15.090000
15.090000
15.090000
15.090000
15.090000
15.090000
15.430000
15.430000
15.430000
15.430000
15.430000
15.430000
15.430000
15.430000
15.430000
15.430000
15.430000
15.430000
15.430000
15.430000
15.430000
15.780000
15.780000
15.780000
15.780000
15.780000
15.780000
15.780000
15.780000
15.780000
15.780000
15.780000
16.120001
16.120001
16.120001
16.120001
16.120001
16.120001
16.120001
16.120001
16.469999
16.469999
16.469999
16.469999
16.469999
16.469999
16.809999
16.809999
16.809999
16.809999
16.809999
16.809999
16.809999
16.809999
16.809999
31.799999
31.799999
31.799999
31.799999
31.799999
31.799999
31.799999
31.799999
31.799999
31.799999
31.799999
46.790001
46.790001
46.790001
46.790001
46.790001
46.790001
46.790001
46.790001
46.790001
46.790001
46.790001
46.790001
46.790001
61.770000
61.770000
61.770000
61.770000
61.770000
61.770000
61.770000
61.770000
61.770000
61.770000
76.760002
76.760002
76.760002
76.760002
76.760002
76.760002
76.760002
76.760002
76.760002
76.760002
76.760002
88.000000
88.000000
88.000000
88.000000
88.000000
88.000000
88.000000
88.000000
88.000000
88.000000
