0.000000
0.000000
0.000000
0.000000
0.000000
0.000000
0.000000
0.000000
0.000000
0.000000
0.000000
0.000000
0.000000
0.000000
0.000000
0.000000
0.000000
0.000000
0.000000
0.000000
0.000000
0.000000
0.000000
0.000000
0.000000
0.000000
0.000000
0.000000
0.000000
0.000000
0.000000
0.000000
0.000000
0.000000
0.000000
0.000000
0.000000
0.605700
0.605700
0.605700
0.605700
0.605700
0.605700
0.605700
0.605700
0.605700
1.176000
1.176000
1.176000
1.176000
1.176000
1.176000
1.176000
1.176000
1.176000
1.176000
1.747000
1.747000
1.747000
1.747000
1.747000
1.747000
1.747000
1.747000
2.317000
2.317000
2.317000
2.317000
2.317000
2.887000
2.887000
2.887000
2.887000
2.887000
2.887000
2.887000
2.887000
3.458000
3.458000
3.458000
3.458000
3.458000
3.458000
3.458000
4.028000
4.028000
4.028000
4.028000
4.028000
4.028000
4.028000
4.028000
4.028000
4.028000
4.599000
4.599000
4.599000
4.599000
4.599000
4.599000
4.599000
4.599000
4.599000
4.599000
5.169000
5.169000
5.169000
5.169000
5.169000
5.169000
5.169000
5.169000
5.169000
5.169000
5.169000
5.169000
5.169000
5.169000
5.169000
5.739000
5.739000
5.739000
5.739000
5.739000
5.739000
5.739000
5.739000
5.739000
5.739000
5.739000
5.739000
5.739000
6.310000
6.310000
6.310000
6.310000
6.310000
6.310000
6.310000
6.310000
6.880000
6.880000
6.880000
6.880000
6.880000
6.880000
6.880000
6.880000
6.880000
7.451000
7.451000
7.451000
7.451000
7.451000
7.451000
7.451000
7.451000
8.021000
8.021000
8.021000
8.021000
8.021000
8.021000
8.021000
8.021000
8.021000
8.021000
8.592000
8.592000
8.592000
8.592000
8.592000
8.592000
8.592000
8.592000
8.592000
8.592000
8.592000
8.592000
8.592000
9.162000
9.162000
9.162000
9.162000
9.162000
9.162000
9.162000
9.162000
9.162000
9.162000
9.732000
9.732000
9.732000
9.732000
9.732000
9.732000
9.732000
9.732000
9.732000
9.732000
9.732000
9.732000
9.732000
10.300000
10.300000
10.300000
10.300000
10.300000
10.300000
10.300000
10.870000
10.870000
10.870000
10.870000
10.870000
10.870000
10.870000
10.870000
10.870000
10.870000
10.870000
11.440000
11.440000
11.440000
11.440000
11.440000
11.440000
11.440000
11.440000
11.440000
11.440000
11.440000
11.440000
11.440000
12.010000
12.010000
12.010000
12.010000
12.010000
12.010000
12.010000
12.580000
12.580000
12.580000
12.580000
12.580000
12.580000
12.580000
12.580000
12.580000
12.580000
12.580000
12.580000
12.580000
12.580000
12.580000
12.580000
13.150000
13.150000
13.150000
13.150000
13.150000
13.150000
13.150000
13.150000
13.150000
13.150000
13.150000
13.730000
13.730000
13.730000
13.730000
13.730000
13.730000
13.730000
14.300000
14.300000
14.300000
14.300000
14.300000
14.300000
14.300000
14.300000
14.300000
14.300000
14.870000
14.870000
14.870000
14.870000
14.870000
14.870000
14.870000
14.870000
14.870000
14.870000
14.870000
14.870000
14.870000
14.870000
14.870000
14.870000
14.870000
15.440000
15.440000
15.440000
15.440000
15.440000
15.440000
16.010000
16.010000
16.010000
16.010000
16.010000
16.010000
16.580000
16.580000
16.580000
16.580000
16.580000
16.580000
16.580000
16.580000
16.580000
16.580000
16.580000
16.580000
17.150000
17.150000
17.150000
17.150000
17.150000
17.150000
17.150000
17.150000
17.150000
17.150000
17.150000
17.719999
17.719999
17.719999
17.719999
17.719999
17.719999
17.719999
17.719999
17.719999
17.719999
17.719999
18.290001
18.290001
18.290001
18.290001
18.290001
18.290001
18.290001
18.860001
18.860001
18.860001
18.860001
18.860001
18.860001
18.860001
18.860001
18.860001
19.430000
19.430000
19.430000
19.430000
19.430000
19.430000
19.430000
19.430000
19.430000
19.430000
20.000000
20.000000
20.000000
20.000000
20.000000
20.000000
20.000000
20.000000
20.000000
20.570000
20.570000
20.570000
20.570000
20.570000
20.570000
20.570000
20.570000
20.570000
20.570000
20.570000
21.139999
21.139999
21.139999
21.139999
21.139999
21.139999
21.139999
21.139999
21.139999
21.139999
21.709999
21.709999
21.709999
21.709999
21.709999
21.709999
21.709999
21.709999
21.709999
22.280001
22.280001
22.280001
22.280001
22.280001
22.280001
22.280001
22.280001
22.280001
22.850000
22.850000
22.850000
22.850000
22.850000
22.850000
22.850000
22.850000
22.850000
23.420000
23.420000
23.420000
23.420000
23.420000
23.420000
23.420000
23.420000
23.990000
23.990000
23.990000
23.990000
23.990000
23.990000
23.990000
23.990000
23.990000
23.990000
23.990000
24.559999
24.559999
24.559999
24.559999
24.559999
24.559999
24.559999
24.559999
25.129999
25.129999
25.129999
25.129999
25.129999
25.129999
25.129999
25.129999
25.129999
25.700001
25.700001
25.700001
25.700001
25.700001
25.700001
25.700001
25.700001
25.700001
25.700001
26.270000
26.270000
26.270000
26.270000
26.270000
26.270000
26.270000
26.270000
26.270000
26.270000
27.639999
27.639999
27.639999
27.639999
27.639999
27.639999
27.639999
27.639999
27.639999
27.639999
27.639999
27.639999
27.639999
27.639999
29.010000
29.010000
29.010000
29.010000
29.010000
29.010000
29.010000
29.010000
29.010000
29.010000
29.010000
29.010000
29.010000
30.379999
30.379999
30.379999
30.379999
30.379999
30.379999
30.379999
30.379999
30.379999
30.379999
30.379999
31.750000
31.750000
31.750000
31.750000
31.750000
31.750000
31.750000
31.750000
31.750000
31.750000
33.119999
33.119999
33.119999
33.119999
33.119999
33.119999
33.119999
33.119999
33.119999
34.490002
34.490002
34.490002
34.490002
34.490002
34.490002
34.490002
34.490002
34.490002
34.490002
34.490002
34.490002
34.490002
34.490002
35.860001
35.860001
35.860001
35.860001
35.860001
35.860001
35.860001
35.860001
35.860001
35.860001
35.860001
37.230000
37.230000
37.230000
37.230000
37.230000
37.230000
37.230000
38.599998
38.599998
38.599998
38.599998
38.599998
38.599998
38.599998
38.599998
38.599998
39.970001
39.970001
39.970001
39.970001
39.970001
39.970001
39.970001
39.970001
39.970001
39.970001
39.970001
39.970001
39.970001
41.330002
41.330002
41.330002
41.330002
41.330002
41.330002
41.330002
41.330002
41.330002
41.330002
41.330002
41.330002
41.330002
42.700001
42.700001
42.700001
42.700001
42.700001
42.700001
42.700001
42.700001
42.700001
42.700001
42.700001
42.700001
44.070000
44.070000
44.070000
44.070000
44.070000
44.070000
44.070000
44.070000
44.070000
44.070000
44.070000
45.439999
45.439999
45.439999
45.439999
45.439999
45.439999
45.439999
46.810001
46.810001
46.810001
46.810001
46.810001
46.810001
46.810001
46.810001
46.810001
46.810001
46.810001
46.810001
46.810001
48.180000
48.180000
48.180000
48.180000
48.180000
48.180000
48.180000
49.549999
49.549999
49.549999
49.549999
49.549999
49.549999
49.549999
49.549999
49.549999
49.549999
49.549999
49.549999
50.919998
50.919998
50.919998
50.919998
50.919998
50.919998
52.290001
52.290001
52.290001
52.290001
52.290001
52.290001
52.290001
52.290001
52.290001
52.290001
52.290001
52.290001
52.290001
52.290001
53.660000
53.660000
53.660000
53.660000
53.660000
53.660000
53.660000
53.660000
53.660000
53.660000
53.660000
55.020000
55.020000
55.020000
55.020000
55.020000
55.020000
55.020000
55.020000
55.020000
55.020000
55.020000
55.020000
55.020000
55.020000
55.020000
55.020000
56.389999
56.389999
56.389999
56.389999
56.389999
56.389999
56.389999
56.389999
57.759998
57.759998
57.759998
57.759998
59.130001
59.130001
59.130001
59.130001
59.130001
59.130001
59.130001
60.500000
60.500000
60.500000
60.500000
60.500000
60.500000
60.500000
60.500000
60.500000
61.869999
61.869999
61.869999
61.869999
61.869999
61.869999
61.869999
61.869999
61.869999
61.869999
63.240002
63.240002
63.240002
63.240002
63.240002
63.240002
63.240002
63.240002
63.240002
63.240002
63.240002
64.610001
64.610001
64.610001
64.610001
64.610001
64.610001
64.610001
64.610001
64.610001
64.610001
64.610001
64.610001
65.980003
65.980003
65.980003
65.980003
65.980003
65.980003
65.980003
65.980003
65.980003
65.980003
65.980003
65.980003
67.349998
67.349998
67.349998
67.349998
67.349998
68.720001
68.720001
68.720001
68.720001
68.720001
68.720001
68.720001
68.720001
70.080002
70.080002
70.080002
70.080002
70.080002
70.080002
70.080002
70.080002
70.080002
70.080002
70.080002
70.080002
70.080002
70.080002
71.449997
71.449997
71.449997
71.449997
71.449997
71.449997
71.449997
71.449997
71.449997
71.449997
71.449997
72.820000
72.820000
72.820000
72.820000
72.820000
72.820000
72.820000
72.820000
72.820000
72.820000
72.820000
74.190002
74.190002
74.190002
74.190002
74.190002
74.190002
74.190002
74.190002
74.190002
74.190002
75.559998
75.559998
75.559998
75.559998
75.559998
75.559998
75.559998
75.559998
75.559998
75.559998
75.559998
75.559998
75.559998
75.559998
75.559998
76.930000
76.930000
76.930000
76.930000
76.930000
76.930000
76.930000
76.930000
78.300003
78.300003
78.300003
78.300003
78.300003
78.300003
78.300003
78.300003
78.300003
79.669998
79.669998
79.669998
79.669998
79.669998
79.669998
79.669998
79.669998
79.669998
79.669998
79.669998
79.669998
79.669998
79.669998
79.669998
81.040001
81.040001
81.040001
81.040001
81.040001
81.040001
81.040001
81.040001
81.040001
82.410004
82.410004
82.410004
82.410004
82.410004
82.410004
82.410004
83.769997
83.769997
83.769997
83.769997
83.769997
83.769997
83.769997
83.769997
83.769997
85.139999
85.139999
85.139999
85.139999
85.139999
85.139999
85.139999
85.139999
85.139999
85.139999
85.139999
85.139999
85.139999
85.139999
86.510002
86.510002
86.510002
86.510002
86.510002
86.510002
86.510002
87.879997
87.879997
87.879997
87.879997
87.879997
87.879997
87.879997
87.879997
87.879997
92.250000
92.250000
92.250000
92.250000
92.250000
92.250000
92.250000
92.250000
92.250000
92.250000
92.250000
96.620003
96.620003
96.620003
96.620003
96.620003
96.620003
96.620003
101.000000
101.000000
101.000000
101.000000
101.000000
101.000000
101.000000
101.000000
101.000000
105.300003
105.300003
105.300003
105.300003
105.300003
105.300003
105.300003
105.300003
105.300003
108.599998
108.599998
108.599998
108.599998
108.599998
108.599998
108.599998
108.599998
108.599998
108.599998
