0.000000
0.000000
0.000000
0.000000
0.000000
0.000000
0.000000
0.000000
0.000000
0.000000
0.000000
0.000000
0.000000
0.000000
0.000000
0.000000
0.000000
0.000000
0.000000
0.000000
0.000000
0.000000
0.000000
0.000000
0.000000
0.000000
0.000000
0.000000
0.000000
0.000000
0.000000
0.000000
0.000000
0.000000
0.000000
0.000000
0.000000
0.000000
0.000000
0.000000
0.000000
0.000000
0.000000
0.000000
0.000000
0.000000
0.000000
0.000000
0.000000
0.000000
0.000000
0.000000
0.000000
0.000000
0.006946
0.006946
0.006946
0.006946
0.006946
0.006946
0.006946
0.006946
0.006946
0.027940
0.027940
0.027940
0.027940
0.027940
0.027940
0.027940
0.027940
0.027940
0.027940
0.027940
0.027940
0.027940
0.048930
0.048930
0.048930
0.048930
0.048930
0.048930
0.048930
0.048930
0.048930
0.048930
0.048930
0.048930
0.048930
0.048930
0.069920
0.069920
0.069920
0.069920
0.069920
0.069920
0.069920
0.069920
0.069920
0.090910
0.090910
0.090910
0.090910
0.090910
0.090910
0.090910
0.090910
0.090910
0.090910
0.111900
0.111900
0.111900
0.111900
0.111900
0.132900
0.132900
0.132900
0.132900
0.132900
0.132900
0.132900
0.132900
0.153900
0.153900
0.153900
0.153900
0.153900
0.153900
0.153900
0.153900
0.153900
0.153900
0.153900
0.153900
0.174900
0.174900
0.174900
0.174900
0.174900
0.174900
0.174900
0.174900
0.174900
0.174900
0.174900
0.174900
0.174900
0.174900
0.174900
0.174900
0.195900
0.195900
0.195900
0.195900
0.195900
0.195900
0.195900
0.195900
0.216900
0.216900
0.216900
0.216900
0.216900
0.216900
0.237900
0.237900
0.237900
0.237900
0.237900
0.237900
0.237900
0.237900
0.237900
0.237900
0.237900
0.237900
0.237900
0.258900
0.258900
0.258900
0.258900
0.258900
0.258900
0.258900
0.258900
0.279800
0.279800
0.279800
0.279800
0.279800
0.279800
0.279800
0.279800
0.279800
0.279800
0.279800
0.300800
0.300800
0.300800
0.300800
0.300800
0.300800
0.300800
0.300800
0.321800
0.321800
0.321800
0.321800
0.321800
0.321800
0.342800
0.342800
0.342800
0.342800
0.342800
0.342800
0.342800
0.342800
0.342800
0.363800
0.363800
0.363800
0.363800
0.363800
0.363800
0.363800
0.363800
0.363800
0.363800
0.363800
0.363800
0.363800
0.363800
0.363800
0.363800
0.363800
0.384800
0.384800
0.384800
0.384800
0.384800
0.384800
0.384800
0.384800
0.384800
0.384800
0.405800
0.405800
0.405800
0.405800
0.405800
0.426800
0.426800
0.426800
0.426800
0.426800
0.426800
0.426800
0.426800
0.426800
0.426800
0.426800
0.426800
0.447800
0.447800
0.447800
0.447800
0.447800
0.447800
0.447800
0.447800
0.447800
0.468800
0.468800
0.468800
0.468800
0.468800
0.468800
0.468800
0.468800
0.468800
0.468800
0.468800
0.468800
0.489800
0.489800
0.489800
0.489800
0.489800
0.489800
0.489800
0.510800
0.510800
0.510800
0.510800
0.510800
0.510800
0.510800
0.510800
0.510800
0.510800
0.531700
0.531700
0.531700
0.531700
0.531700
0.552700
0.552700
0.552700
0.552700
0.552700
0.552700
0.552700
0.552700
0.552700
0.552700
0.573700
0.573700
0.573700
0.573700
0.573700
0.573700
0.573700
0.573700
0.573700
0.573700
0.573700
0.573700
0.594700
0.594700
0.594700
0.594700
0.594700
0.594700
0.594700
0.615700
0.615700
0.615700
0.615700
0.615700
0.615700
0.615700
0.615700
0.615700
0.636700
0.636700
0.636700
0.636700
0.636700
0.636700
0.636700
0.636700
0.636700
0.657700
0.657700
0.657700
0.657700
0.657700
0.657700
0.678700
0.678700
0.678700
0.678700
0.678700
0.678700
0.678700
0.678700
0.678700
0.678700
0.678700
0.678700
0.678700
0.699700
0.699700
0.699700
0.699700
0.699700
0.699700
0.699700
0.699700
0.699700
0.720700
0.720700
0.720700
0.720700
0.720700
0.720700
0.720700
0.720700
0.720700
0.720700
0.720700
0.720700
0.720700
0.720700
0.741700
0.741700
0.741700
0.741700
0.741700
0.741700
0.741700
0.741700
0.741700
0.741700
0.741700
0.741700
0.741700
0.741700
0.762700
0.762700
0.762700
0.762700
0.762700
0.762700
0.762700
0.762700
0.783700
0.783700
0.783700
0.783700
0.783700
0.783700
0.783700
0.783700
0.804600
0.804600
0.804600
0.804600
0.804600
0.804600
0.804600
0.804600
0.804600
0.804600
0.804600
0.825600
0.825600
0.825600
0.825600
0.825600
0.825600
0.825600
0.825600
0.825600
0.825600
0.825600
0.846600
0.846600
0.846600
0.846600
0.846600
0.846600
0.846600
0.846600
0.867600
0.867600
0.867600
0.867600
0.867600
0.867600
0.867600
0.888600
0.888600
0.888600
0.888600
0.888600
0.888600
0.888600
0.888600
0.888600
0.909600
0.909600
0.909600
0.909600
0.909600
0.909600
0.909600
0.909600
0.909600
0.909600
0.930600
0.930600
0.930600
0.930600
0.930600
0.930600
0.930600
0.930600
0.930600
0.930600
0.930600
0.930600
0.930600
0.930600
0.951600
0.951600
0.951600
0.951600
0.951600
0.951600
0.951600
0.951600
1.145000
1.145000
1.145000
1.145000
1.145000
1.145000
1.145000
1.145000
1.145000
1.145000
1.145000
1.339000
1.339000
1.339000
1.339000
1.339000
1.339000
1.339000
1.339000
1.339000
1.339000
1.533000
1.533000
1.533000
1.533000
1.533000
1.533000
1.533000
1.533000
1.533000
1.533000
1.726000
1.726000
1.726000
1.726000
1.726000
1.726000
1.726000
1.726000
1.726000
1.726000
1.726000
1.726000
1.726000
1.920000
1.920000
1.920000
1.920000
1.920000
1.920000
1.920000
1.920000
1.920000
1.920000
2.114000
2.114000
2.114000
2.114000
2.114000
2.114000
2.114000
2.114000
2.114000
2.114000
2.114000
2.114000
2.307000
2.307000
2.307000
2.307000
2.307000
2.307000
2.307000
2.501000
2.501000
2.501000
2.501000
2.501000
2.501000
2.501000
2.501000
2.501000
2.501000
2.501000
2.501000
2.501000
2.695000
2.695000
2.695000
2.695000
2.695000
2.695000
2.695000
2.695000
2.695000
2.695000
2.695000
2.695000
2.695000
2.695000
2.695000
2.695000
2.889000
2.889000
2.889000
2.889000
2.889000
2.889000
2.889000
2.889000
2.889000
2.889000
2.889000
2.889000
3.082000
3.082000
3.082000
3.082000
3.082000
3.082000
3.082000
3.082000
3.082000
3.082000
3.082000
3.082000
3.082000
3.276000
3.276000
3.276000
3.276000
3.276000
3.276000
3.276000
3.276000
3.470000
3.470000
3.470000
3.470000
3.470000
3.470000
3.470000
3.663000
3.663000
3.663000
3.663000
3.663000
3.663000
3.857000
3.857000
3.857000
3.857000
3.857000
3.857000
3.857000
3.857000
3.857000
3.857000
3.857000
3.857000
3.857000
4.051000
4.051000
4.051000
4.051000
4.051000
4.051000
4.051000
4.244000
4.244000
4.244000
4.244000
4.244000
4.244000
4.244000
4.244000
4.244000
4.244000
4.244000
4.244000
4.244000
4.244000
4.244000
4.244000
4.438000
4.438000
4.438000
4.438000
4.438000
4.438000
4.438000
4.438000
4.438000
4.438000
4.632000
4.632000
4.632000
4.632000
4.632000
4.632000
4.632000
4.632000
4.632000
4.632000
4.632000
4.632000
4.632000
4.632000
4.632000
4.826000
4.826000
4.826000
4.826000
4.826000
4.826000
4.826000
4.826000
4.826000
5.019000
5.019000
5.019000
5.019000
5.019000
5.019000
5.019000
5.019000
5.019000
5.019000
5.213000
5.213000
5.213000
5.213000
5.213000
5.213000
5.213000
5.213000
5.213000
5.213000
5.407000
5.407000
5.407000
5.407000
5.407000
5.407000
5.407000
5.407000
5.407000
5.407000
5.407000
5.407000
5.407000
5.600000
5.600000
5.600000
5.600000
5.600000
5.600000
5.600000
5.600000
5.794000
5.794000
5.794000
5.794000
5.988000
5.988000
5.988000
5.988000
5.988000
5.988000
5.988000
5.988000
5.988000
5.988000
5.988000
6.181000
6.181000
6.181000
6.181000
6.181000
6.181000
6.181000
6.375000
6.375000
6.375000
6.375000
6.375000
6.375000
6.375000
6.569000
6.569000
6.569000
6.569000
6.569000
6.569000
6.569000
6.569000
6.569000
6.569000
6.763000
6.763000
6.763000
6.763000
6.763000
6.763000
6.763000
6.763000
6.763000
6.763000
6.763000
6.956000
6.956000
6.956000
6.956000
6.956000
6.956000
6.956000
6.956000
6.956000
6.956000
6.956000
7.150000
7.150000
7.150000
7.150000
7.150000
7.150000
7.150000
7.150000
7.150000
7.150000
7.344000
7.344000
7.344000
7.344000
7.344000
7.344000
7.344000
7.344000
7.537000
7.537000
7.537000
7.537000
7.537000
7.537000
7.537000
7.537000
7.537000
7.537000
7.537000
7.537000
7.537000
7.731000
7.731000
7.731000
7.731000
7.731000
7.925000
7.925000
7.925000
7.925000
7.925000
7.925000
7.925000
7.925000
7.925000
7.925000
7.925000
7.925000
8.118000
8.118000
8.118000
8.118000
8.118000
8.118000
8.118000
8.118000
8.118000
8.118000
8.118000
8.312000
8.312000
8.312000
8.312000
8.312000
8.312000
8.312000
8.312000
8.312000
8.506000
8.506000
8.506000
8.506000
8.506000
8.506000
8.506000
8.506000
8.700000
8.700000
8.700000
8.700000
8.700000
8.700000
8.700000
8.700000
8.893000
8.893000
8.893000
8.893000
8.893000
8.893000
8.893000
8.893000
8.893000
9.087000
9.087000
9.087000
9.087000
9.087000
9.087000
9.087000
9.087000
9.087000
9.087000
9.087000
9.281000
9.281000
9.281000
9.281000
9.281000
9.281000
9.281000
9.281000
9.474000
9.474000
9.474000
9.474000
9.474000
9.474000
9.474000
9.474000
9.474000
9.474000
9.474000
9.474000
9.474000
9.474000
9.474000
9.474000
9.474000
9.668000
9.668000
9.668000
9.668000
9.668000
9.668000
9.668000
9.668000
9.668000
16.660000
16.660000
16.660000
16.660000
16.660000
16.660000
16.660000
16.660000
23.660000
23.660000
23.660000
23.660000
23.660000
30.660000
30.660000
30.660000
30.660000
30.660000
37.650002
37.650002
37.650002
37.650002
37.650002
37.650002
37.650002
37.650002
37.650002
37.650002
37.650002
37.650002
42.900002
42.900002
42.900002
42.900002
42.900002
42.900002
42.900002
42.900002
42.900002
