0.000000
0.000000
0.000000
0.000000
0.000000
0.000000
0.000000
0.000000
0.000000
0.000000
0.000000
0.000000
0.000000
0.000000
0.000000
0.000000
0.000000
0.000000
0.000000
0.000000
0.000000
0.000000
0.000000
0.000000
0.000000
0.000000
0.000000
0.000000
0.000000
0.000000
0.000000
0.000000
0.000000
0.000000
0.000000
0.000000
0.000000
0.000000
0.000000
0.000000
0.000000
0.000000
0.000000
0.000000
0.000000
0.000000
0.000000
0.000000
0.000000
0.000000
0.000000
0.000000
0.000000
0.000000
0.099280
0.099280
0.099280
0.099280
0.099280
0.099280
0.099280
0.099280
0.180500
0.180500
0.180500
0.180500
0.180500
0.180500
0.180500
0.180500
0.180500
0.261700
0.261700
0.261700
0.261700
0.261700
0.261700
0.261700
0.261700
0.261700
0.261700
0.261700
0.342900
0.342900
0.342900
0.342900
0.342900
0.342900
0.342900
0.342900
0.342900
0.342900
0.342900
0.424100
0.424100
0.424100
0.424100
0.424100
0.424100
0.424100
0.424100
0.424100
0.424100
0.505300
0.505300
0.505300
0.505300
0.505300
0.505300
0.505300
0.586500
0.586500
0.586500
0.586500
0.586500
0.586500
0.586500
0.586500
0.586500
0.586500
0.586500
0.586500
0.667800
0.667800
0.667800
0.667800
0.667800
0.749000
0.749000
0.749000
0.749000
0.749000
0.749000
0.749000
0.749000
0.749000
0.749000
0.749000
0.749000
0.749000
0.830200
0.830200
0.830200
0.830200
0.830200
0.830200
0.830200
0.830200
0.830200
0.911400
0.911400
0.911400
0.911400
0.911400
0.911400
0.911400
0.911400
0.911400
0.992600
0.992600
0.992600
0.992600
0.992600
0.992600
0.992600
0.992600
0.992600
0.992600
0.992600
0.992600
0.992600
1.074000
1.074000
1.074000
1.074000
1.074000
1.074000
1.074000
1.074000
1.074000
1.074000
1.074000
1.074000
1.155000
1.155000
1.155000
1.155000
1.155000
1.155000
1.155000
1.155000
1.155000
1.155000
1.155000
1.155000
1.155000
1.155000
1.236000
1.236000
1.236000
1.317000
1.317000
1.317000
1.317000
1.317000
1.317000
1.317000
1.317000
1.317000
1.317000
1.317000
1.399000
1.399000
1.399000
1.399000
1.399000
1.399000
1.399000
1.399000
1.399000
1.399000
1.399000
1.399000
1.399000
1.480000
1.480000
1.480000
1.480000
1.480000
1.561000
1.561000
1.561000
1.561000
1.561000
1.561000
1.561000
1.561000
1.561000
1.561000
1.642000
1.642000
1.642000
1.642000
1.642000
1.642000
1.642000
1.724000
1.724000
1.724000
1.724000
1.724000
1.724000
1.724000
1.724000
1.724000
1.724000
1.805000
1.805000
1.805000
1.805000
1.805000
1.805000
1.805000
1.805000
1.805000
1.805000
1.886000
1.886000
1.886000
1.886000
1.886000
1.967000
1.967000
1.967000
1.967000
1.967000
1.967000
1.967000
2.048000
2.048000
2.048000
2.048000
2.048000
2.048000
2.048000
2.130000
2.130000
2.130000
2.130000
2.130000
2.130000
2.130000
2.130000
2.130000
2.130000
2.130000
2.130000
2.211000
2.211000
2.211000
2.211000
2.211000
2.211000
2.211000
2.211000
2.211000
2.211000
2.211000
2.292000
2.292000
2.292000
2.292000
2.373000
2.373000
2.373000
2.373000
2.373000
2.373000
2.373000
2.373000
2.454000
2.454000
2.454000
2.454000
2.454000
2.454000
2.454000
2.454000
2.454000
2.454000
2.454000
2.454000
2.454000
2.536000
2.536000
2.536000
2.536000
2.617000
2.617000
2.617000
2.617000
2.617000
2.617000
2.617000
2.617000
2.617000
2.617000
2.617000
2.617000
2.617000
2.617000
2.617000
2.617000
2.617000
2.698000
2.698000
2.698000
2.698000
2.698000
2.698000
2.698000
2.698000
2.698000
2.698000
2.698000
2.698000
2.698000
2.698000
2.698000
2.698000
2.698000
2.698000
2.698000
2.779000
2.779000
2.779000
2.779000
2.779000
2.779000
2.779000
2.779000
2.779000
2.860000
2.860000
2.860000
2.860000
2.860000
2.860000
2.860000
2.860000
2.860000
2.860000
2.860000
2.942000
2.942000
2.942000
2.942000
2.942000
2.942000
2.942000
2.942000
2.942000
3.023000
3.023000
3.023000
3.023000
3.023000
3.023000
3.023000
3.023000
3.023000
3.104000
3.104000
3.104000
3.104000
3.104000
3.104000
3.104000
3.185000
3.185000
3.185000
3.185000
3.185000
3.185000
3.185000
3.185000
3.185000
3.185000
3.185000
3.185000
3.185000
3.185000
3.267000
3.267000
3.267000
3.267000
3.267000
3.267000
3.267000
3.348000
3.348000
3.348000
3.348000
3.348000
3.348000
3.348000
3.348000
3.348000
3.348000
3.348000
3.348000
3.348000
3.348000
3.429000
3.429000
3.429000
3.429000
3.429000
3.429000
3.429000
3.429000
3.429000
3.429000
3.429000
3.429000
3.429000
3.429000
3.510000
3.510000
3.510000
3.510000
3.510000
3.510000
3.510000
3.510000
3.510000
3.591000
3.591000
3.591000
3.591000
3.591000
3.591000
3.591000
3.591000
3.673000
3.673000
3.673000
3.673000
3.673000
3.673000
3.673000
3.673000
3.673000
3.754000
3.754000
3.754000
3.754000
3.754000
3.754000
4.060000
4.060000
4.060000
4.060000
4.060000
4.060000
4.060000
4.366000
4.366000
4.366000
4.366000
4.366000
4.366000
4.366000
4.366000
4.672000
4.672000
4.672000
4.672000
4.672000
4.672000
4.672000
4.672000
4.672000
4.672000
4.672000
4.672000
4.978000
4.978000
4.978000
4.978000
4.978000
4.978000
4.978000
4.978000
4.978000
4.978000
4.978000
4.978000
4.978000
5.284000
5.284000
5.284000
5.284000
5.284000
5.284000
5.284000
5.284000
5.284000
5.284000
5.284000
5.590000
5.590000
5.590000
5.590000
5.590000
5.590000
5.590000
5.590000
5.590000
5.590000
5.590000
5.590000
5.896000
5.896000
5.896000
5.896000
5.896000
5.896000
5.896000
5.896000
5.896000
5.896000
5.896000
5.896000
6.202000
6.202000
6.202000
6.202000
6.202000
6.202000
6.202000
6.202000
6.202000
6.202000
6.508000
6.508000
6.508000
6.508000
6.508000
6.508000
6.508000
6.508000
6.508000
6.814000
6.814000
6.814000
6.814000
6.814000
6.814000
6.814000
6.814000
6.814000
6.814000
6.814000
7.120000
7.120000
7.120000
7.120000
7.120000
7.120000
7.120000
7.120000
7.120000
7.426000
7.426000
7.426000
7.426000
7.426000
7.426000
7.426000
7.426000
7.426000
7.426000
7.426000
7.426000
7.732000
7.732000
7.732000
7.732000
7.732000
7.732000
7.732000
7.732000
7.732000
8.038000
8.038000
8.038000
8.038000
8.344000
8.344000
8.344000
8.344000
8.344000
8.344000
8.344000
8.344000
8.344000
8.344000
8.344000
8.344000
8.344000
8.650000
8.650000
8.650000
8.650000
8.650000
8.650000
8.650000
8.650000
8.650000
8.956000
8.956000
8.956000
8.956000
8.956000
8.956000
8.956000
8.956000
8.956000
8.956000
8.956000
8.956000
9.262000
9.262000
9.262000
9.262000
9.262000
9.262000
9.262000
9.262000
9.262000
9.262000
9.262000
9.568000
9.568000
9.568000
9.568000
9.568000
9.874000
9.874000
9.874000
9.874000
9.874000
9.874000
9.874000
9.874000
9.874000
9.874000
9.874000
9.874000
10.180000
10.180000
10.180000
10.180000
10.180000
10.180000
10.180000
10.180000
10.180000
10.180000
10.180000
10.180000
10.180000
10.490000
10.490000
10.490000
10.490000
10.490000
10.490000
10.490000
10.490000
10.490000
10.490000
10.790000
10.790000
10.790000
10.790000
10.790000
10.790000
10.790000
10.790000
10.790000
10.790000
10.790000
10.790000
10.790000
11.100000
11.100000
11.100000
11.100000
11.100000
11.100000
11.100000
11.100000
11.100000
11.100000
11.100000
11.100000
11.400000
11.400000
11.400000
11.400000
11.400000
11.710000
11.710000
11.710000
11.710000
11.710000
12.020000
12.020000
12.020000
12.020000
12.020000
12.020000
12.020000
12.020000
12.020000
12.020000
12.320000
12.320000
12.320000
12.320000
12.320000
12.320000
12.320000
12.320000
12.320000
12.320000
12.320000
12.320000
12.630000
12.630000
12.630000
12.630000
12.630000
12.630000
12.630000
12.630000
12.630000
12.630000
12.630000
12.630000
12.630000
12.630000
12.630000
12.930000
12.930000
12.930000
12.930000
12.930000
12.930000
12.930000
12.930000
12.930000
12.930000
13.240000
13.240000
13.240000
13.240000
13.240000
13.240000
13.240000
13.550000
13.550000
13.550000
13.550000
13.550000
13.550000
13.550000
13.550000
13.550000
13.850000
13.850000
13.850000
13.850000
13.850000
13.850000
13.850000
13.850000
13.850000
13.850000
13.850000
14.160000
14.160000
14.160000
14.160000
14.160000
14.160000
14.160000
14.460000
14.460000
14.460000
14.460000
14.460000
14.460000
14.460000
14.460000
14.460000
14.460000
14.460000
14.770000
14.770000
14.770000
14.770000
14.770000
14.770000
14.770000
15.080000
15.080000
15.080000
15.080000
15.080000
15.380000
15.380000
15.380000
15.380000
15.380000
15.380000
15.380000
15.380000
15.380000
15.380000
15.690000
15.690000
15.690000
15.690000
15.690000
15.690000
15.690000
15.690000
15.690000
15.690000
15.690000
15.690000
15.990000
15.990000
15.990000
15.990000
15.990000
15.990000
15.990000
15.990000
15.990000
15.990000
15.990000
16.299999
16.299999
16.299999
16.299999
16.299999
16.299999
16.299999
16.299999
16.299999
16.299999
16.610001
16.610001
16.610001
16.610001
16.910000
16.910000
16.910000
16.910000
16.910000
16.910000
16.910000
16.910000
16.910000
16.910000
16.910000
16.910000
16.910000
17.219999
17.219999
17.219999
17.219999
17.219999
17.219999
17.219999
17.219999
17.219999
17.219999
17.219999
17.530001
17.530001
17.530001
17.530001
17.530001
17.530001
17.530001
17.530001
17.530001
17.530001
17.530001
17.530001
17.530001
17.530001
17.530001
17.530001
24.490000
24.490000
24.490000
24.490000
24.490000
24.490000
24.490000
31.450001
31.450001
31.450001
31.450001
31.450001
31.450001
31.450001
31.450001
31.450001
31.450001
38.410000
38.410000
38.410000
38.410000
38.410000
38.410000
38.410000
38.410000
38.410000
38.410000
38.410000
45.380001
45.380001
45.380001
45.380001
45.380001
45.380001
45.380001
45.380001
45.380001
50.599998
50.599998
50.599998
50.599998
50.599998
50.599998
50.599998
50.599998
50.599998
50.599998
50.599998
50.599998
50.599998
50.599998
