0.000000
0.000000
0.000000
0.000000
0.000000
0.000000
0.000000
0.000000
0.000000
0.000000
0.000000
0.000000
0.000000
0.000000
0.000000
0.000000
0.000000
0.000000
0.000000
0.000000
0.000000
0.000000
0.000000
0.000000
0.000000
0.000000
0.000000
0.000000
0.000000
0.000000
0.000000
0.000000
0.000000
0.000000
0.000000
0.000000
0.365400
0.365400
0.365400
0.365400
0.365400
0.365400
0.365400
0.365400
0.365400
0.365400
0.464900
0.464900
0.464900
0.464900
0.464900
0.464900
0.464900
0.464900
0.564400
0.564400
0.564400
0.564400
0.564400
0.564400
0.564400
0.564400
0.564400
0.564400
0.663900
0.663900
0.663900
0.663900
0.663900
0.663900
0.663900
0.663900
0.663900
0.663900
0.763400
0.763400
0.763400
0.763400
0.763400
0.763400
0.763400
0.763400
0.862800
0.862800
0.862800
0.862800
0.862800
0.862800
0.862800
0.862800
0.862800
0.962300
0.962300
0.962300
0.962300
0.962300
0.962300
0.962300
0.962300
0.962300
0.962300
1.062000
1.062000
1.062000
1.062000
1.062000
1.062000
1.062000
1.062000
1.062000
1.062000
1.062000
1.062000
1.062000
1.062000
1.062000
1.062000
1.161000
1.161000
1.161000
1.161000
1.161000
1.161000
1.161000
1.161000
1.161000
1.261000
1.261000
1.261000
1.261000
1.261000
1.261000
1.261000
1.261000
1.261000
1.261000
1.261000
1.261000
1.261000
1.360000
1.360000
1.360000
1.360000
1.360000
1.360000
1.360000
1.360000
1.360000
1.360000
1.360000
1.360000
1.360000
1.360000
1.360000
1.460000
1.460000
1.460000
1.460000
1.460000
1.460000
1.460000
1.460000
1.460000
1.460000
1.460000
1.460000
1.460000
1.460000
1.460000
1.460000
1.559000
1.559000
1.559000
1.559000
1.659000
1.659000
1.659000
1.659000
1.758000
1.758000
1.758000
1.758000
1.758000
1.758000
1.758000
1.758000
1.758000
1.758000
1.758000
1.758000
1.758000
1.858000
1.858000
1.858000
1.858000
1.858000
1.858000
1.858000
1.858000
1.858000
1.858000
1.858000
1.858000
1.957000
1.957000
1.957000
1.957000
1.957000
1.957000
1.957000
1.957000
1.957000
2.057000
2.057000
2.057000
2.057000
2.057000
2.057000
2.057000
2.057000
2.057000
2.057000
2.057000
2.057000
2.057000
2.057000
2.156000
2.156000
2.156000
2.156000
2.156000
2.156000
2.156000
2.156000
2.156000
2.156000
2.156000
2.156000
2.156000
2.156000
2.156000
2.256000
2.256000
2.256000
2.256000
2.256000
2.256000
2.256000
2.256000
2.256000
2.355000
2.355000
2.355000
2.355000
2.355000
2.355000
2.355000
2.355000
2.355000
2.355000
2.355000
2.455000
2.455000
2.455000
2.455000
2.455000
2.455000
2.455000
2.455000
2.455000
2.554000
2.554000
2.554000
2.554000
2.554000
2.554000
2.554000
2.554000
2.554000
2.554000
2.554000
2.554000
2.554000
2.554000
2.554000
2.654000
2.654000
2.654000
2.654000
2.654000
2.654000
2.654000
2.654000
2.654000
2.753000
2.753000
2.753000
2.753000
2.753000
2.753000
2.852000
2.852000
2.852000
2.852000
2.852000
2.852000
2.852000
2.952000
2.952000
2.952000
2.952000
2.952000
2.952000
2.952000
2.952000
3.051000
3.051000
3.051000
3.051000
3.051000
3.051000
3.051000
3.051000
3.151000
3.151000
3.151000
3.151000
3.151000
3.151000
3.151000
3.151000
3.151000
3.250000
3.250000
3.250000
3.250000
3.250000
3.250000
3.250000
3.250000
3.350000
3.350000
3.350000
3.350000
3.350000
3.350000
3.350000
3.350000
3.350000
3.350000
3.350000
3.449000
3.449000
3.449000
3.449000
3.449000
3.449000
3.449000
3.449000
3.449000
3.449000
3.449000
3.549000
3.549000
3.549000
3.549000
3.549000
3.549000
3.549000
3.549000
3.549000
3.549000
3.549000
3.648000
3.648000
3.648000
3.648000
3.648000
3.648000
3.648000
3.648000
3.648000
3.648000
3.648000
3.648000
3.648000
3.648000
3.648000
3.648000
3.648000
3.648000
3.648000
3.748000
3.748000
3.748000
3.748000
3.748000
3.748000
3.748000
3.748000
3.748000
3.748000
3.748000
3.748000
3.748000
3.847000
3.847000
3.847000
3.847000
3.847000
3.847000
3.847000
3.947000
3.947000
3.947000
3.947000
3.947000
3.947000
3.947000
3.947000
3.947000
3.947000
3.947000
3.947000
3.947000
4.046000
4.046000
4.046000
4.046000
4.146000
4.146000
4.146000
4.146000
4.146000
4.146000
4.245000
4.245000
4.245000
4.245000
4.245000
4.245000
4.345000
4.345000
4.345000
4.345000
4.345000
4.345000
4.345000
4.345000
4.345000
4.444000
4.444000
4.444000
4.444000
4.444000
4.444000
4.444000
4.444000
4.444000
4.444000
4.444000
4.444000
4.444000
4.444000
4.544000
4.544000
4.544000
4.544000
4.544000
4.544000
4.544000
4.643000
4.643000
4.643000
4.643000
4.643000
4.643000
4.643000
4.643000
4.743000
4.743000
4.743000
4.743000
4.743000
4.743000
4.743000
4.743000
4.743000
4.743000
4.743000
4.743000
4.842000
4.842000
4.842000
4.842000
4.842000
4.842000
4.842000
4.842000
4.842000
4.842000
4.842000
5.252000
5.252000
5.252000
5.252000
5.252000
5.252000
5.252000
5.252000
5.252000
5.252000
5.662000
5.662000
5.662000
5.662000
5.662000
6.073000
6.073000
6.073000
6.073000
6.073000
6.073000
6.073000
6.073000
6.073000
6.073000
6.483000
6.483000
6.483000
6.483000
6.483000
6.483000
6.483000
6.483000
6.483000
6.483000
6.483000
6.483000
6.893000
6.893000
6.893000
6.893000
6.893000
6.893000
6.893000
7.303000
7.303000
7.303000
7.303000
7.303000
7.303000
7.303000
7.303000
7.303000
7.303000
7.303000
7.303000
7.713000
7.713000
7.713000
7.713000
7.713000
7.713000
7.713000
7.713000
8.123000
8.123000
8.123000
8.123000
8.123000
8.123000
8.123000
8.123000
8.123000
8.123000
8.123000
8.123000
8.533000
8.533000
8.533000
8.533000
8.533000
8.533000
8.533000
8.533000
8.944000
8.944000
8.944000
8.944000
8.944000
8.944000
8.944000
8.944000
8.944000
8.944000
8.944000
8.944000
8.944000
9.354000
9.354000
9.354000
9.354000
9.354000
9.354000
9.354000
9.354000
9.764000
9.764000
9.764000
9.764000
9.764000
9.764000
9.764000
9.764000
9.764000
9.764000
10.170000
10.170000
10.170000
10.170000
10.170000
10.170000
10.170000
10.170000
10.170000
10.170000
10.170000
10.170000
10.580000
10.580000
10.580000
10.580000
10.580000
10.580000
10.580000
10.580000
10.580000
10.580000
10.990000
10.990000
10.990000
10.990000
10.990000
11.400000
11.400000
11.400000
11.400000
11.400000
11.400000
11.400000
11.400000
11.400000
11.400000
11.810000
11.810000
11.810000
11.810000
11.810000
11.810000
11.810000
11.810000
11.810000
11.810000
11.810000
11.810000
11.810000
11.810000
12.220000
12.220000
12.220000
12.220000
12.220000
12.220000
12.220000
12.220000
12.220000
12.220000
12.220000
12.220000
12.220000
12.640000
12.640000
12.640000
12.640000
12.640000
12.640000
12.640000
12.640000
12.640000
12.640000
12.640000
13.050000
13.050000
13.050000
13.050000
13.050000
13.050000
13.050000
13.050000
13.050000
13.050000
13.460000
13.460000
13.460000
13.460000
13.460000
13.460000
13.460000
13.460000
13.870000
13.870000
13.870000
13.870000
13.870000
13.870000
13.870000
13.870000
13.870000
13.870000
13.870000
14.280000
14.280000
14.280000
14.280000
14.280000
14.280000
14.280000
14.280000
14.280000
14.690000
14.690000
14.690000
14.690000
14.690000
14.690000
14.690000
14.690000
14.690000
14.690000
14.690000
14.690000
14.690000
14.690000
15.100000
15.100000
15.100000
15.100000
15.100000
15.100000
15.100000
15.100000
15.100000
15.100000
15.100000
15.100000
15.510000
15.510000
15.510000
15.510000
15.510000
15.510000
15.510000
15.510000
15.510000
15.510000
15.510000
15.920000
15.920000
15.920000
15.920000
15.920000
15.920000
16.330000
16.330000
16.330000
16.330000
16.330000
16.330000
16.330000
16.330000
16.330000
16.330000
16.330000
16.330000
16.330000
16.740000
16.740000
16.740000
17.150000
17.150000
17.150000
17.150000
17.150000
17.150000
17.559999
17.559999
17.559999
17.559999
17.559999
17.559999
17.559999
17.559999
17.559999
17.559999
17.559999
17.559999
17.969999
17.969999
17.969999
17.969999
17.969999
17.969999
17.969999
17.969999
17.969999
17.969999
17.969999
17.969999
18.379999
18.379999
18.379999
18.379999
18.379999
18.379999
18.379999
18.379999
18.379999
18.379999
18.379999
18.379999
18.790001
18.790001
18.790001
18.790001
18.790001
18.790001
18.790001
18.790001
18.790001
19.200001
19.200001
19.200001
19.200001
19.200001
19.200001
19.200001
19.200001
19.200001
19.200001
19.610001
19.610001
19.610001
19.610001
19.610001
19.610001
19.610001
19.610001
19.610001
20.020000
20.020000
20.020000
20.020000
20.020000
20.020000
20.020000
20.020000
20.020000
20.020000
20.020000
20.020000
20.020000
20.430000
20.430000
20.430000
20.430000
20.430000
20.430000
20.430000
20.430000
20.840000
20.840000
20.840000
20.840000
20.840000
20.840000
20.840000
20.840000
20.840000
20.840000
20.840000
20.840000
21.250000
21.250000
21.250000
21.250000
21.250000
21.250000
21.250000
21.250000
21.250000
21.250000
21.250000
21.250000
21.250000
21.250000
21.250000
21.660000
21.660000
21.660000
21.660000
21.660000
21.660000
21.660000
21.660000
21.660000
21.660000
21.660000
22.070000
22.070000
22.070000
22.070000
22.070000
22.070000
22.480000
22.480000
22.480000
22.480000
22.480000
22.480000
22.480000
22.480000
22.889999
22.889999
22.889999
22.889999
22.889999
22.889999
22.889999
23.299999
23.299999
23.299999
23.299999
23.299999
23.299999
23.299999
23.299999
37.849998
37.849998
37.849998
52.389999
52.389999
52.389999
52.389999
52.389999
52.389999
52.389999
52.389999
52.389999
52.389999
52.389999
52.389999
66.940002
66.940002
66.940002
66.940002
66.940002
66.940002
66.940002
66.940002
66.940002
66.940002
66.940002
66.940002
66.940002
66.940002
66.940002
66.940002
66.940002
66.940002
81.489998
81.489998
81.489998
81.489998
81.489998
81.489998
81.489998
81.489998
81.489998
81.489998
81.489998
81.489998
81.489998
81.489998
92.400002
92.400002
92.400002
92.400002
92.400002
92.400002
