0.000000
0.000000
0.000000
0.000000
0.000000
0.000000
0.000000
0.000000
0.000000
0.000000
0.000000
0.000000
0.000000
0.000000
0.000000
0.000000
0.000000
0.000000
0.000000
0.000000
0.000000
0.000000
0.000000
0.000000
0.000000
0.000000
0.000000
0.000000
0.000000
0.000000
0.000000
0.000000
0.000000
0.000000
0.000000
0.000000
0.000000
0.000000
0.000000
0.000000
0.000000
0.000000
0.000000
0.000000
0.000000
0.000000
0.000000
0.000000
0.000000
0.000000
0.000000
0.000000
0.000000
0.000000
0.000000
0.000000
0.000000
0.000000
0.000000
0.000000
0.000000
0.051000
0.051000
0.051000
0.051000
0.051000
0.051000
0.051000
0.279900
0.279900
0.279900
0.279900
0.279900
0.279900
0.279900
0.279900
0.279900
0.279900
0.279900
0.279900
0.508800
0.508800
0.508800
0.508800
0.508800
0.508800
0.508800
0.508800
0.508800
0.508800
0.508800
0.737700
0.737700
0.737700
0.737700
0.737700
0.737700
0.737700
0.737700
0.737700
0.966600
0.966600
0.966600
0.966600
0.966600
0.966600
0.966600
0.966600
1.195000
1.195000
1.195000
1.195000
1.195000
1.195000
1.195000
1.424000
1.424000
1.424000
1.424000
1.424000
1.424000
1.424000
1.424000
1.424000
1.424000
1.424000
1.424000
1.653000
1.653000
1.653000
1.653000
1.653000
1.653000
1.653000
1.882000
1.882000
1.882000
1.882000
1.882000
1.882000
1.882000
1.882000
1.882000
1.882000
2.111000
2.111000
2.111000
2.111000
2.111000
2.111000
2.111000
2.111000
2.340000
2.340000
2.340000
2.340000
2.340000
2.340000
2.340000
2.340000
2.340000
2.340000
2.340000
2.340000
2.340000
2.340000
2.340000
2.340000
2.569000
2.569000
2.569000
2.569000
2.569000
2.569000
2.569000
2.569000
2.798000
2.798000
2.798000
2.798000
2.798000
2.798000
2.798000
2.798000
2.798000
2.798000
2.798000
2.798000
2.798000
2.798000
3.027000
3.027000
3.256000
3.256000
3.256000
3.256000
3.256000
3.256000
3.256000
3.256000
3.256000
3.256000
3.256000
3.256000
3.484000
3.484000
3.484000
3.484000
3.484000
3.484000
3.484000
3.484000
3.484000
3.713000
3.713000
3.713000
3.713000
3.713000
3.713000
3.713000
3.713000
3.713000
3.713000
3.713000
3.713000
3.942000
3.942000
3.942000
3.942000
3.942000
3.942000
3.942000
3.942000
3.942000
3.942000
3.942000
3.942000
3.942000
4.171000
4.171000
4.171000
4.171000
4.171000
4.171000
4.171000
4.171000
4.171000
4.400000
4.400000
4.400000
4.400000
4.400000
4.400000
4.629000
4.629000
4.629000
4.629000
4.629000
4.629000
4.629000
4.629000
4.629000
4.629000
4.629000
4.858000
4.858000
4.858000
4.858000
4.858000
5.087000
5.087000
5.087000
5.087000
5.087000
5.087000
5.316000
5.316000
5.316000
5.316000
5.316000
5.316000
5.316000
5.316000
5.545000
5.545000
5.545000
5.545000
5.545000
5.545000
5.545000
5.545000
5.545000
5.545000
5.773000
5.773000
5.773000
5.773000
5.773000
5.773000
6.002000
6.002000
6.002000
6.002000
6.002000
6.002000
6.002000
6.002000
6.002000
6.002000
6.002000
6.002000
6.002000
6.231000
6.231000
6.231000
6.231000
6.231000
6.231000
6.231000
6.460000
6.460000
6.460000
6.460000
6.460000
6.460000
6.460000
6.460000
6.460000
6.460000
6.460000
6.460000
6.460000
6.460000
6.460000
6.689000
6.689000
6.689000
6.689000
6.689000
6.689000
6.689000
6.918000
6.918000
6.918000
6.918000
6.918000
6.918000
6.918000
6.918000
6.918000
6.918000
6.918000
6.918000
6.918000
6.918000
7.147000
7.147000
7.147000
7.147000
7.147000
7.147000
7.147000
7.147000
7.376000
7.376000
7.376000
7.376000
7.376000
7.376000
7.376000
7.376000
7.376000
7.376000
7.605000
7.605000
7.605000
7.605000
7.605000
7.605000
7.605000
7.605000
7.605000
7.605000
7.605000
7.605000
7.605000
7.605000
7.605000
7.834000
7.834000
7.834000
7.834000
7.834000
7.834000
7.834000
7.834000
7.834000
7.834000
8.062000
8.062000
8.062000
8.062000
8.062000
8.062000
8.062000
8.062000
8.062000
8.062000
8.062000
8.291000
8.291000
8.291000
8.291000
8.291000
8.291000
8.291000
8.291000
8.291000
8.291000
8.291000
8.291000
8.520000
8.520000
8.520000
8.520000
8.520000
8.749000
8.749000
8.749000
8.749000
8.749000
8.749000
8.749000
8.749000
8.749000
8.749000
8.749000
8.749000
8.749000
8.749000
8.978000
8.978000
8.978000
8.978000
8.978000
8.978000
8.978000
8.978000
8.978000
8.978000
9.207000
9.207000
9.207000
9.436000
9.436000
9.436000
9.436000
9.436000
9.436000
9.436000
9.436000
9.665000
9.665000
9.665000
9.665000
9.665000
9.665000
9.665000
9.665000
9.894000
9.894000
9.894000
9.894000
9.894000
9.894000
9.894000
9.894000
9.894000
10.120000
10.120000
10.120000
10.120000
10.120000
10.120000
10.120000
10.120000
10.120000
10.350000
10.350000
10.350000
10.350000
10.350000
10.350000
10.350000
11.710000
11.710000
11.710000
11.710000
11.710000
11.710000
11.710000
11.710000
11.710000
11.710000
11.710000
11.710000
11.710000
13.060000
13.060000
13.060000
14.410000
14.410000
14.410000
14.410000
14.410000
14.410000
14.410000
14.410000
14.410000
14.410000
14.410000
14.410000
14.410000
14.410000
14.410000
15.770000
15.770000
15.770000
15.770000
15.770000
15.770000
15.770000
15.770000
15.770000
17.120001
17.120001
17.120001
17.120001
17.120001
17.120001
17.120001
17.120001
17.120001
17.120001
18.480000
18.480000
18.480000
18.480000
18.480000
18.480000
18.480000
18.480000
18.480000
18.480000
18.480000
19.830000
19.830000
19.830000
19.830000
19.830000
19.830000
19.830000
19.830000
19.830000
19.830000
19.830000
21.190001
21.190001
21.190001
21.190001
21.190001
21.190001
21.190001
22.540001
22.540001
22.540001
22.540001
22.540001
22.540001
22.540001
22.540001
22.540001
22.540001
22.540001
23.900000
23.900000
23.900000
23.900000
23.900000
23.900000
23.900000
23.900000
23.900000
23.900000
23.900000
23.900000
23.900000
23.900000
25.250000
25.250000
25.250000
25.250000
26.600000
26.600000
26.600000
26.600000
26.600000
26.600000
27.959999
27.959999
27.959999
27.959999
27.959999
27.959999
29.309999
29.309999
29.309999
29.309999
29.309999
29.309999
29.309999
29.309999
29.309999
29.309999
29.309999
29.309999
29.309999
29.309999
30.670000
30.670000
30.670000
30.670000
30.670000
30.670000
30.670000
30.670000
30.670000
30.670000
30.670000
30.670000
30.670000
30.670000
30.670000
32.020000
32.020000
32.020000
32.020000
32.020000
32.020000
32.020000
32.020000
32.020000
32.020000
32.020000
32.020000
32.020000
32.020000
32.020000
32.020000
32.020000
32.020000
32.020000
33.380001
33.380001
33.380001
33.380001
33.380001
34.730000
34.730000
34.730000
34.730000
34.730000
34.730000
34.730000
36.080002
36.080002
36.080002
36.080002
36.080002
36.080002
36.080002
36.080002
37.439999
37.439999
37.439999
37.439999
37.439999
37.439999
37.439999
38.790001
38.790001
38.790001
38.790001
38.790001
38.790001
38.790001
38.790001
38.790001
38.790001
40.150002
40.150002
40.150002
40.150002
40.150002
40.150002
40.150002
40.150002
41.500000
41.500000
41.500000
41.500000
41.500000
41.500000
41.500000
41.500000
41.500000
41.500000
41.500000
42.860001
42.860001
42.860001
42.860001
42.860001
42.860001
42.860001
42.860001
42.860001
42.860001
42.860001
42.860001
42.860001
42.860001
42.860001
42.860001
42.860001
44.209999
44.209999
44.209999
44.209999
44.209999
44.209999
44.209999
44.209999
44.209999
44.209999
44.209999
45.570000
45.570000
45.570000
45.570000
45.570000
45.570000
45.570000
45.570000
45.570000
45.570000
45.570000
46.919998
46.919998
46.919998
46.919998
46.919998
46.919998
46.919998
48.270000
48.270000
48.270000
48.270000
48.270000
48.270000
48.270000
48.270000
48.270000
48.270000
48.270000
49.630001
49.630001
49.630001
49.630001
49.630001
49.630001
49.630001
49.630001
49.630001
49.630001
49.630001
49.630001
50.980000
50.980000
50.980000
50.980000
50.980000
50.980000
50.980000
50.980000
50.980000
50.980000
50.980000
52.340000
52.340000
52.340000
52.340000
52.340000
52.340000
52.340000
52.340000
52.340000
52.340000
52.340000
52.340000
53.689999
53.689999
53.689999
53.689999
53.689999
53.689999
53.689999
53.689999
53.689999
53.689999
53.689999
53.689999
55.049999
55.049999
55.049999
55.049999
55.049999
55.049999
55.049999
55.049999
55.049999
55.049999
56.400002
56.400002
56.400002
56.400002
56.400002
56.400002
56.400002
56.400002
56.400002
56.400002
56.400002
56.400002
56.400002
56.400002
57.750000
57.750000
57.750000
57.750000
57.750000
57.750000
57.750000
57.750000
59.110001
59.110001
59.110001
59.110001
59.110001
59.110001
59.110001
60.459999
60.459999
60.459999
60.459999
60.459999
60.459999
60.459999
60.459999
61.820000
61.820000
61.820000
61.820000
61.820000
61.820000
61.820000
61.820000
61.820000
61.820000
61.820000
61.820000
63.169998
63.169998
63.169998
63.169998
63.169998
64.529999
64.529999
64.529999
64.529999
64.529999
64.529999
64.529999
64.529999
64.529999
64.529999
64.529999
65.879997
65.879997
65.879997
65.879997
65.879997
65.879997
65.879997
67.239998
67.239998
67.239998
67.239998
67.239998
67.239998
67.239998
67.239998
68.589996
68.589996
68.589996
68.589996
68.589996
68.589996
68.589996
69.940002
69.940002
69.940002
69.940002
69.940002
69.940002
69.940002
69.940002
69.940002
69.940002
69.940002
69.940002
69.940002
69.940002
71.300003
71.300003
71.300003
71.300003
71.300003
71.300003
71.300003
71.300003
71.300003
71.300003
71.300003
71.300003
74.809998
74.809998
74.809998
74.809998
74.809998
74.809998
74.809998
74.809998
74.809998
74.809998
74.809998
74.809998
74.809998
74.809998
78.330002
78.330002
78.330002
78.330002
78.330002
78.330002
78.330002
78.330002
78.330002
81.849998
81.849998
81.849998
81.849998
81.849998
81.849998
81.849998
81.849998
81.849998
81.849998
81.849998
85.360001
85.360001
85.360001
85.360001
85.360001
85.360001
85.360001
85.360001
85.360001
85.360001
85.360001
88.000000
88.000000
88.000000
88.000000
88.000000
88.000000
88.000000
88.000000
88.000000
88.000000
