0.000000
0.000000
0.000000
0.000000
0.000000
0.000000
0.000000
0.000000
0.000000
0.000000
0.000000
0.000000
0.000000
0.000000
0.000000
0.000000
0.000000
0.000000
0.000000
0.000000
0.000000
0.000000
0.000000
0.000000
0.000000
0.000000
0.000000
0.000000
0.000000
0.000000
0.000000
0.000000
0.000000
0.000000
0.000000
0.000000
0.000000
0.000000
0.000000
0.000000
0.000000
0.000000
0.000000
0.000000
0.000000
0.000000
0.000000
0.000000
0.000000
0.000000
0.000000
0.000000
0.000000
0.000000
0.147100
0.147100
0.147100
0.147100
0.147100
0.304200
0.304200
0.304200
0.304200
0.304200
0.304200
0.304200
0.304200
0.304200
0.304200
0.461400
0.461400
0.461400
0.461400
0.461400
0.461400
0.461400
0.461400
0.461400
0.461400
0.618500
0.618500
0.618500
0.618500
0.618500
0.618500
0.618500
0.618500
0.618500
0.618500
0.618500
0.775600
0.775600
0.775600
0.775600
0.775600
0.775600
0.775600
0.775600
0.932800
0.932800
0.932800
0.932800
0.932800
0.932800
0.932800
0.932800
0.932800
0.932800
0.932800
0.932800
0.932800
0.932800
0.932800
1.090000
1.090000
1.090000
1.090000
1.090000
1.090000
1.247000
1.247000
1.247000
1.247000
1.247000
1.247000
1.247000
1.247000
1.247000
1.247000
1.247000
1.247000
1.404000
1.404000
1.404000
1.404000
1.404000
1.404000
1.404000
1.404000
1.561000
1.561000
1.561000
1.561000
1.561000
1.561000
1.561000
1.561000
1.561000
1.561000
1.561000
1.561000
1.561000
1.718000
1.718000
1.718000
1.718000
1.718000
1.718000
1.718000
1.718000
1.718000
1.876000
1.876000
1.876000
1.876000
1.876000
1.876000
1.876000
1.876000
1.876000
1.876000
1.876000
1.876000
2.033000
2.033000
2.033000
2.033000
2.033000
2.033000
2.033000
2.033000
2.033000
2.033000
2.190000
2.190000
2.190000
2.190000
2.190000
2.190000
2.190000
2.190000
2.190000
2.190000
2.190000
2.190000
2.347000
2.504000
2.504000
2.504000
2.504000
2.504000
2.504000
2.504000
2.504000
2.661000
2.661000
2.661000
2.661000
2.661000
2.661000
2.661000
2.661000
2.661000
2.661000
2.818000
2.818000
2.818000
2.818000
2.818000
2.818000
2.818000
2.818000
2.818000
2.976000
2.976000
2.976000
2.976000
2.976000
2.976000
3.133000
3.133000
3.133000
3.133000
3.133000
3.133000
3.133000
3.133000
3.133000
3.133000
3.133000
3.133000
3.290000
3.290000
3.290000
3.290000
3.290000
3.290000
3.290000
3.447000
3.447000
3.447000
3.447000
3.447000
3.447000
3.447000
3.447000
3.447000
3.447000
3.447000
3.604000
3.604000
3.604000
3.604000
3.604000
3.604000
3.604000
3.604000
3.761000
3.761000
3.761000
3.761000
3.761000
3.761000
3.761000
3.761000
3.761000
3.761000
3.761000
3.761000
3.761000
3.761000
3.918000
3.918000
3.918000
3.918000
3.918000
3.918000
3.918000
3.918000
3.918000
3.918000
4.076000
4.076000
4.076000
4.076000
4.076000
4.076000
4.076000
4.076000
4.076000
4.076000
4.233000
4.233000
4.233000
4.233000
4.233000
4.233000
4.233000
4.233000
4.233000
4.233000
4.233000
4.233000
4.390000
4.390000
4.390000
4.390000
4.390000
4.390000
4.390000
4.390000
4.390000
4.390000
4.547000
4.547000
4.547000
4.547000
4.547000
4.547000
4.547000
4.704000
4.704000
4.704000
4.704000
4.704000
4.861000
4.861000
4.861000
4.861000
4.861000
4.861000
4.861000
4.861000
4.861000
4.861000
4.861000
4.861000
4.861000
4.861000
4.861000
4.861000
4.861000
5.018000
5.018000
5.018000
5.018000
5.018000
5.018000
5.176000
5.176000
5.176000
5.176000
5.176000
5.176000
5.176000
5.176000
5.176000
5.176000
5.333000
5.333000
5.333000
5.333000
5.333000
5.333000
5.333000
5.490000
5.490000
5.490000
5.490000
5.490000
5.490000
5.490000
5.490000
5.490000
5.490000
5.490000
5.490000
5.490000
5.490000
5.647000
5.647000
5.647000
5.647000
5.647000
5.647000
5.647000
5.647000
5.804000
5.804000
5.804000
5.804000
5.804000
5.804000
5.804000
5.804000
5.804000
5.961000
5.961000
5.961000
5.961000
5.961000
5.961000
5.961000
5.961000
5.961000
5.961000
5.961000
6.118000
6.118000
6.118000
6.118000
6.118000
6.118000
6.118000
6.276000
6.276000
6.276000
6.276000
6.276000
6.276000
6.433000
6.433000
6.433000
6.433000
6.433000
6.433000
6.433000
6.433000
6.433000
6.433000
6.433000
6.433000
6.433000
6.433000
6.433000
6.433000
6.590000
6.590000
6.590000
6.590000
6.590000
6.590000
6.590000
6.590000
6.590000
6.590000
6.590000
6.590000
6.747000
6.747000
6.747000
6.747000
6.747000
6.747000
6.747000
6.747000
6.747000
6.747000
6.747000
6.747000
6.747000
6.747000
6.747000
6.904000
6.904000
6.904000
6.904000
6.904000
6.904000
6.904000
6.904000
6.904000
6.904000
6.904000
6.904000
6.904000
6.904000
6.904000
6.904000
6.904000
6.904000
6.904000
6.904000
6.904000
7.061000
7.061000
7.061000
7.061000
7.061000
7.061000
7.061000
7.061000
7.061000
7.218000
7.218000
7.218000
7.218000
7.218000
7.218000
7.218000
7.218000
7.218000
7.218000
7.218000
7.218000
7.218000
7.942000
7.942000
7.942000
7.942000
7.942000
7.942000
8.666000
8.666000
8.666000
8.666000
8.666000
8.666000
8.666000
8.666000
8.666000
8.666000
8.666000
9.390000
9.390000
9.390000
9.390000
9.390000
9.390000
9.390000
10.110000
10.110000
10.110000
10.110000
10.110000
10.110000
10.110000
10.110000
10.110000
10.110000
10.110000
10.110000
10.110000
10.110000
10.110000
10.110000
10.840000
10.840000
10.840000
10.840000
10.840000
10.840000
10.840000
10.840000
10.840000
10.840000
11.560000
11.560000
11.560000
11.560000
11.560000
11.560000
11.560000
11.560000
11.560000
11.560000
12.290000
12.290000
12.290000
12.290000
12.290000
12.290000
12.290000
12.290000
12.290000
12.290000
13.010000
13.010000
13.010000
13.010000
13.010000
13.010000
13.010000
13.010000
13.010000
13.010000
13.010000
13.010000
13.010000
13.730000
13.730000
13.730000
13.730000
13.730000
13.730000
13.730000
13.730000
13.730000
13.730000
13.730000
14.460000
14.460000
14.460000
14.460000
14.460000
14.460000
14.460000
14.460000
14.460000
14.460000
14.460000
14.460000
14.460000
14.460000
15.180000
15.180000
15.180000
15.180000
15.180000
15.180000
15.180000
15.180000
15.900000
15.900000
15.900000
15.900000
15.900000
15.900000
15.900000
15.900000
15.900000
15.900000
16.629999
16.629999
16.629999
16.629999
16.629999
16.629999
16.629999
16.629999
16.629999
16.629999
16.629999
17.350000
17.350000
17.350000
17.350000
17.350000
17.350000
18.080000
18.080000
18.080000
18.080000
18.080000
18.080000
18.080000
18.080000
18.080000
18.080000
18.080000
18.080000
18.080000
18.799999
18.799999
18.799999
18.799999
18.799999
18.799999
18.799999
18.799999
18.799999
19.520000
19.520000
19.520000
19.520000
19.520000
19.520000
19.520000
19.520000
19.520000
19.520000
20.250000
20.250000
20.250000
20.250000
20.250000
20.250000
20.250000
20.969999
20.969999
20.969999
20.969999
20.969999
20.969999
20.969999
20.969999
21.700001
21.700001
21.700001
21.700001
21.700001
21.700001
21.700001
21.700001
21.700001
21.700001
21.700001
22.420000
22.420000
22.420000
22.420000
22.420000
22.420000
22.420000
22.420000
22.420000
22.420000
22.420000
23.139999
23.139999
23.139999
23.139999
23.139999
23.139999
23.139999
23.870001
23.870001
23.870001
23.870001
23.870001
23.870001
23.870001
23.870001
23.870001
23.870001
23.870001
23.870001
23.870001
23.870001
24.590000
24.590000
24.590000
24.590000
24.590000
24.590000
25.309999
25.309999
25.309999
25.309999
25.309999
25.309999
25.309999
25.309999
25.309999
25.309999
26.040001
26.040001
26.040001
26.040001
26.040001
26.040001
26.040001
26.040001
26.040001
26.040001
26.040001
26.040001
26.760000
26.760000
26.760000
26.760000
26.760000
26.760000
26.760000
26.760000
26.760000
26.760000
26.760000
26.760000
27.490000
27.490000
27.490000
27.490000
27.490000
27.490000
27.490000
27.490000
27.490000
27.490000
27.490000
27.490000
27.490000
27.490000
28.209999
28.209999
28.209999
28.209999
28.209999
28.209999
28.209999
28.209999
28.209999
28.930000
28.930000
28.930000
28.930000
28.930000
28.930000
28.930000
28.930000
28.930000
28.930000
28.930000
28.930000
28.930000
29.660000
29.660000
29.660000
29.660000
29.660000
29.660000
29.660000
29.660000
29.660000
29.660000
29.660000
29.660000
29.660000
30.379999
30.379999
30.379999
30.379999
30.379999
31.100000
31.100000
31.100000
31.100000
31.100000
31.100000
31.100000
31.100000
31.100000
31.830000
31.830000
31.830000
31.830000
31.830000
31.830000
31.830000
31.830000
31.830000
32.549999
32.549999
32.549999
32.549999
32.549999
32.549999
32.549999
33.279999
33.279999
33.279999
33.279999
33.279999
33.279999
33.279999
33.279999
33.279999
33.279999
33.279999
34.000000
34.000000
34.000000
34.000000
34.720001
34.720001
34.720001
34.720001
34.720001
34.720001
34.720001
34.720001
35.450001
35.450001
35.450001
35.450001
36.169998
36.169998
36.169998
36.169998
36.169998
36.169998
36.169998
36.169998
36.169998
36.900002
36.900002
36.900002
36.900002
36.900002
36.900002
36.900002
36.900002
36.900002
36.900002
36.900002
36.900002
37.619999
37.619999
37.619999
37.619999
37.619999
37.619999
37.619999
37.619999
37.619999
38.340000
38.340000
38.340000
38.340000
38.340000
38.340000
38.340000
38.340000
38.340000
38.340000
38.340000
39.070000
39.070000
39.070000
39.070000
39.070000
39.070000
39.070000
39.070000
39.070000
39.070000
39.070000
39.070000
39.070000
39.790001
39.790001
39.790001
39.790001
39.790001
39.790001
39.790001
39.790001
39.790001
39.790001
50.439999
50.439999
50.439999
50.439999
61.080002
61.080002
61.080002
61.080002
61.080002
61.080002
61.080002
61.080002
61.080002
61.080002
61.080002
61.080002
71.730003
71.730003
71.730003
71.730003
71.730003
71.730003
71.730003
82.370003
82.370003
82.370003
82.370003
82.370003
82.370003
82.370003
82.370003
82.370003
82.370003
90.360001
90.360001
90.360001
90.360001
90.360001
90.360001
90.360001
90.360001
