0.000000
0.000000
0.000000
0.000000
0.000000
0.000000
0.000000
0.000000
0.000000
0.000000
0.000000
0.000000
0.000000
0.000000
0.000000
0.000000
0.000000
0.000000
0.000000
0.000000
0.000000
0.000000
0.000000
0.000000
0.000000
0.000000
0.000000
0.000000
0.000000
0.000000
0.000000
0.000000
0.000000
0.000000
0.000000
0.000000
0.000000
0.000000
0.000000
0.000000
0.000000
0.000000
0.000000
0.000000
0.000000
0.000000
0.000000
0.000000
0.000000
0.000000
0.000000
0.487200
0.487200
0.487200
0.487200
0.487200
0.487200
0.487200
0.487200
0.487200
0.487200
0.487200
0.487200
0.487200
0.487200
0.487200
0.487200
0.613900
0.613900
0.613900
0.613900
0.613900
0.613900
0.613900
0.613900
0.613900
0.613900
0.613900
0.613900
0.613900
0.613900
0.740700
0.740700
0.740700
0.740700
0.740700
0.740700
0.740700
0.740700
0.740700
0.867400
0.867400
0.867400
0.867400
0.867400
0.867400
0.867400
0.867400
0.867400
0.867400
0.867400
0.867400
0.867400
0.867400
0.994100
0.994100
0.994100
0.994100
0.994100
0.994100
0.994100
0.994100
0.994100
0.994100
1.121000
1.121000
1.121000
1.121000
1.121000
1.121000
1.121000
1.121000
1.121000
1.121000
1.121000
1.247000
1.247000
1.247000
1.247000
1.247000
1.247000
1.247000
1.247000
1.247000
1.247000
1.247000
1.247000
1.247000
1.374000
1.374000
1.374000
1.374000
1.374000
1.374000
1.374000
1.374000
1.374000
1.374000
1.374000
1.374000
1.374000
1.374000
1.374000
1.374000
1.374000
1.501000
1.501000
1.501000
1.501000
1.501000
1.501000
1.501000
1.501000
1.501000
1.501000
1.501000
1.501000
1.501000
1.628000
1.628000
1.628000
1.628000
1.628000
1.628000
1.628000
1.628000
1.628000
1.628000
1.628000
1.628000
1.628000
1.754000
1.754000
1.754000
1.754000
1.754000
1.754000
1.754000
1.754000
1.754000
1.754000
1.754000
1.754000
1.754000
1.754000
1.754000
1.754000
1.881000
1.881000
1.881000
1.881000
1.881000
1.881000
1.881000
1.881000
1.881000
1.881000
2.008000
2.008000
2.008000
2.008000
2.008000
2.008000
2.008000
2.008000
2.008000
2.008000
2.134000
2.134000
2.134000
2.134000
2.134000
2.134000
2.134000
2.134000
2.134000
2.134000
2.134000
2.134000
2.134000
2.134000
2.261000
2.261000
2.261000
2.261000
2.261000
2.388000
2.388000
2.388000
2.388000
2.388000
2.388000
2.388000
2.388000
2.388000
2.388000
2.388000
2.388000
2.515000
2.515000
2.515000
2.515000
2.515000
2.515000
2.515000
2.641000
2.641000
2.641000
2.641000
2.641000
2.641000
2.641000
2.641000
2.641000
2.641000
2.768000
2.768000
2.768000
2.768000
2.768000
2.768000
2.768000
2.768000
2.768000
2.768000
2.895000
2.895000
2.895000
2.895000
2.895000
2.895000
2.895000
2.895000
2.895000
2.895000
2.895000
2.895000
3.021000
3.021000
3.021000
3.021000
3.148000
3.148000
3.148000
3.148000
3.148000
3.148000
3.148000
3.148000
3.148000
3.148000
3.148000
3.148000
3.148000
3.275000
3.275000
3.275000
3.275000
3.275000
3.275000
3.275000
3.275000
3.275000
3.275000
3.275000
3.402000
3.402000
3.402000
3.402000
3.402000
3.402000
3.528000
3.528000
3.528000
3.528000
3.528000
3.528000
3.528000
3.528000
3.528000
3.655000
3.655000
3.655000
3.655000
3.655000
3.655000
3.655000
3.655000
3.655000
3.655000
3.655000
3.782000
3.782000
3.782000
3.782000
3.782000
3.782000
3.782000
3.782000
3.782000
3.908000
3.908000
3.908000
3.908000
3.908000
3.908000
3.908000
3.908000
3.908000
3.908000
3.908000
3.908000
3.908000
3.908000
3.908000
3.908000
3.908000
3.908000
3.908000
4.035000
4.035000
4.035000
4.035000
4.035000
4.035000
4.162000
4.162000
4.162000
4.162000
4.162000
4.162000
4.162000
4.162000
4.162000
4.162000
4.162000
4.289000
4.289000
4.289000
4.289000
4.289000
4.289000
4.289000
4.289000
4.289000
4.289000
4.289000
4.415000
4.415000
4.415000
4.415000
4.415000
4.415000
4.415000
4.415000
4.415000
4.542000
4.542000
4.542000
4.542000
4.542000
4.542000
4.542000
4.542000
4.542000
4.542000
4.542000
4.542000
4.542000
4.542000
4.669000
4.669000
4.669000
4.669000
4.669000
4.669000
4.669000
4.669000
4.669000
4.795000
4.795000
4.795000
4.795000
4.795000
4.922000
4.922000
4.922000
4.922000
4.922000
4.922000
4.922000
5.049000
5.049000
5.049000
5.049000
5.049000
5.049000
5.049000
5.049000
5.049000
5.049000
5.175000
5.175000
5.175000
5.175000
5.175000
5.175000
5.175000
5.175000
5.175000
5.175000
5.175000
5.302000
5.302000
5.302000
5.302000
5.302000
5.302000
5.302000
5.302000
5.302000
5.302000
5.302000
5.302000
5.302000
5.429000
5.429000
5.429000
5.429000
5.429000
5.429000
5.429000
5.429000
5.429000
5.429000
5.429000
5.429000
5.556000
5.556000
5.556000
5.556000
5.556000
5.556000
5.556000
5.556000
5.556000
5.556000
5.556000
5.682000
5.682000
5.682000
5.682000
5.682000
5.809000
5.809000
5.809000
5.809000
5.809000
5.809000
5.809000
5.809000
5.936000
5.936000
5.936000
5.936000
5.936000
5.936000
5.936000
5.936000
5.936000
6.062000
6.062000
6.062000
6.062000
6.062000
6.062000
6.062000
6.062000
6.062000
6.062000
6.062000
6.062000
6.189000
6.189000
6.189000
6.189000
6.189000
6.189000
6.189000
6.189000
6.189000
6.189000
6.990000
6.990000
6.990000
6.990000
6.990000
6.990000
6.990000
7.790000
7.790000
7.790000
7.790000
7.790000
7.790000
7.790000
8.591000
8.591000
8.591000
8.591000
8.591000
8.591000
8.591000
8.591000
8.591000
8.591000
8.591000
8.591000
8.591000
9.391000
9.391000
9.391000
9.391000
9.391000
9.391000
9.391000
9.391000
9.391000
9.391000
9.391000
9.391000
9.391000
10.190000
10.190000
10.190000
10.190000
10.190000
10.190000
10.190000
10.190000
10.190000
10.990000
10.990000
10.990000
10.990000
10.990000
10.990000
10.990000
10.990000
11.790000
11.790000
11.790000
11.790000
11.790000
11.790000
11.790000
11.790000
12.590000
12.590000
12.590000
12.590000
12.590000
12.590000
12.590000
12.590000
12.590000
12.590000
12.590000
13.390000
13.390000
13.390000
13.390000
13.390000
13.390000
14.190000
14.190000
14.190000
14.190000
14.190000
14.190000
14.190000
14.190000
14.190000
14.190000
14.190000
14.190000
14.990000
14.990000
14.990000
14.990000
14.990000
14.990000
14.990000
15.790000
15.790000
15.790000
15.790000
15.790000
15.790000
16.600000
16.600000
16.600000
16.600000
16.600000
16.600000
16.600000
16.600000
16.600000
16.600000
17.400000
17.400000
17.400000
17.400000
17.400000
17.400000
17.400000
17.400000
17.400000
17.400000
17.400000
17.400000
17.400000
17.400000
18.200001
18.200001
18.200001
18.200001
18.200001
18.200001
18.200001
19.000000
19.000000
19.000000
19.000000
19.000000
19.000000
19.000000
19.000000
19.000000
19.000000
19.000000
19.799999
19.799999
19.799999
19.799999
19.799999
19.799999
19.799999
19.799999
19.799999
19.799999
19.799999
19.799999
19.799999
20.600000
20.600000
20.600000
20.600000
20.600000
20.600000
20.600000
20.600000
20.600000
20.600000
21.400000
21.400000
21.400000
21.400000
21.400000
21.400000
21.400000
21.400000
21.400000
21.400000
21.400000
21.400000
22.200001
22.200001
22.200001
22.200001
22.200001
22.200001
23.000000
23.000000
23.000000
23.000000
23.000000
23.000000
23.000000
23.000000
23.000000
23.000000
23.000000
23.000000
23.000000
23.799999
23.799999
23.799999
23.799999
23.799999
23.799999
24.600000
24.600000
24.600000
24.600000
24.600000
24.600000
24.600000
24.600000
24.600000
24.600000
24.600000
24.600000
24.600000
25.400000
25.400000
25.400000
25.400000
25.400000
25.400000
25.400000
25.400000
25.400000
25.400000
25.400000
26.200001
26.200001
26.200001
26.200001
26.200001
26.200001
27.000000
27.000000
27.000000
27.000000
27.000000
27.000000
27.000000
27.799999
27.799999
27.799999
27.799999
27.799999
27.799999
27.799999
27.799999
28.600000
28.600000
28.600000
28.600000
28.600000
28.600000
28.600000
28.600000
28.600000
28.600000
28.600000
28.600000
28.600000
29.400000
29.400000
29.400000
29.400000
29.400000
29.400000
29.400000
29.400000
29.400000
30.200001
30.200001
30.200001
30.200001
30.200001
30.200001
30.200001
30.200001
30.200001
30.200001
31.000000
31.000000
31.000000
31.000000
31.000000
31.000000
31.000000
31.799999
31.799999
31.799999
31.799999
31.799999
31.799999
31.799999
31.799999
31.799999
31.799999
31.799999
31.799999
31.799999
31.799999
32.599998
32.599998
32.599998
33.400002
33.400002
33.400002
33.400002
33.400002
33.400002
33.400002
33.400002
33.400002
33.400002
33.400002
33.400002
34.209999
34.209999
34.209999
34.209999
34.209999
34.209999
34.209999
35.009998
35.009998
35.009998
35.009998
35.009998
35.009998
35.009998
35.009998
35.009998
35.009998
35.009998
35.009998
35.009998
35.009998
35.009998
35.009998
35.810001
35.810001
35.810001
35.810001
35.810001
35.810001
35.810001
35.810001
36.610001
36.610001
36.610001
36.610001
36.610001
36.610001
37.410000
37.410000
37.410000
37.410000
37.410000
37.410000
37.410000
37.410000
37.410000
37.410000
38.209999
38.209999
38.209999
38.209999
38.209999
38.209999
38.209999
38.209999
38.209999
38.209999
38.209999
38.209999
38.209999
39.009998
39.009998
39.009998
39.009998
39.009998
39.810001
39.810001
39.810001
39.810001
39.810001
39.810001
39.810001
39.810001
39.810001
39.810001
39.810001
39.810001
39.810001
39.810001
39.810001
39.810001
40.610001
40.610001
40.610001
40.610001
40.610001
40.610001
40.610001
40.610001
40.610001
41.410000
41.410000
41.410000
41.410000
41.410000
41.410000
42.209999
42.209999
42.209999
42.209999
42.209999
42.209999
42.209999
42.209999
42.209999
42.209999
42.209999
47.570000
47.570000
47.570000
52.919998
52.919998
52.919998
52.919998
52.919998
52.919998
52.919998
52.919998
58.279999
58.279999
58.279999
58.279999
58.279999
63.630001
63.630001
63.630001
63.630001
63.630001
63.630001
63.630001
63.630001
63.630001
63.630001
67.650002
67.650002
67.650002
