0.000000
0.000000
0.000000
0.000000
0.000000
0.000000
0.000000
0.000000
0.000000
0.000000
0.000000
0.000000
0.000000
0.000000
0.000000
0.000000
0.000000
0.000000
0.000000
0.000000
0.000000
0.000000
0.000000
0.000000
0.000000
0.000000
0.000000
0.000000
0.000000
0.000000
0.000000
0.000000
0.000000
0.000000
0.000000
0.000000
0.000000
0.000000
0.000000
0.000000
0.000000
0.000000
0.000000
0.000000
0.000000
0.402600
0.402600
0.402600
0.402600
0.402600
0.402600
0.402600
0.402600
0.402600
0.402600
0.723100
0.723100
0.723100
0.723100
0.723100
0.723100
0.723100
0.723100
1.044000
1.044000
1.044000
1.044000
1.044000
1.044000
1.364000
1.364000
1.364000
1.364000
1.364000
1.364000
1.364000
1.364000
1.364000
1.364000
1.685000
1.685000
1.685000
1.685000
1.685000
1.685000
1.685000
1.685000
1.685000
1.685000
2.005000
2.005000
2.005000
2.005000
2.005000
2.005000
2.005000
2.005000
2.326000
2.326000
2.326000
2.646000
2.646000
2.646000
2.646000
2.646000
2.646000
2.646000
2.646000
2.646000
2.646000
2.967000
2.967000
2.967000
2.967000
2.967000
2.967000
2.967000
2.967000
2.967000
2.967000
2.967000
2.967000
2.967000
3.287000
3.287000
3.287000
3.287000
3.287000
3.287000
3.608000
3.608000
3.608000
3.608000
3.608000
3.928000
3.928000
3.928000
3.928000
3.928000
3.928000
3.928000
3.928000
3.928000
3.928000
4.249000
4.249000
4.249000
4.569000
4.569000
4.569000
4.569000
4.569000
4.569000
4.569000
4.890000
4.890000
4.890000
4.890000
4.890000
4.890000
4.890000
4.890000
4.890000
4.890000
5.210000
5.210000
5.210000
5.210000
5.210000
5.210000
5.210000
5.210000
5.210000
5.210000
5.210000
5.210000
5.210000
5.531000
5.531000
5.531000
5.531000
5.531000
5.531000
5.531000
5.851000
5.851000
5.851000
5.851000
5.851000
5.851000
6.172000
6.172000
6.172000
6.172000
6.172000
6.172000
6.172000
6.172000
6.172000
6.172000
6.172000
6.172000
6.492000
6.492000
6.492000
6.492000
6.492000
6.492000
6.492000
6.492000
6.492000
6.813000
6.813000
6.813000
6.813000
6.813000
6.813000
6.813000
6.813000
7.133000
7.133000
7.133000
7.133000
7.133000
7.133000
7.133000
7.133000
7.133000
7.133000
7.454000
7.454000
7.454000
7.454000
7.454000
7.454000
7.454000
7.454000
7.454000
7.774000
7.774000
7.774000
7.774000
7.774000
7.774000
7.774000
7.774000
7.774000
8.095000
8.095000
8.095000
8.095000
8.095000
8.095000
8.095000
8.415000
8.415000
8.415000
8.415000
8.415000
8.415000
8.415000
8.415000
8.736000
8.736000
8.736000
8.736000
8.736000
8.736000
9.056000
9.056000
9.056000
9.056000
9.056000
9.056000
9.056000
9.056000
9.056000
9.056000
9.377000
9.377000
9.377000
9.377000
9.377000
9.377000
9.377000
9.377000
9.377000
9.377000
9.377000
9.377000
9.377000
9.377000
9.377000
9.377000
9.697000
9.697000
9.697000
9.697000
9.697000
9.697000
9.697000
9.697000
9.697000
9.697000
10.020000
10.020000
10.020000
10.020000
10.020000
10.020000
10.020000
10.020000
10.340000
10.340000
10.340000
10.340000
10.340000
10.340000
10.340000
10.340000
10.340000
10.660000
10.660000
10.660000
10.660000
10.660000
10.660000
10.660000
10.660000
10.980000
10.980000
10.980000
10.980000
10.980000
10.980000
10.980000
11.300000
11.300000
11.300000
11.300000
11.300000
11.300000
11.300000
11.620000
11.620000
11.620000
11.620000
11.620000
11.620000
11.620000
11.620000
11.620000
11.620000
11.940000
11.940000
11.940000
11.940000
11.940000
11.940000
11.940000
11.940000
12.260000
12.260000
12.260000
12.260000
12.260000
12.260000
12.260000
12.260000
12.260000
12.580000
12.580000
12.580000
12.580000
12.580000
12.580000
12.580000
12.580000
12.580000
12.580000
12.900000
12.900000
12.900000
12.900000
12.900000
12.900000
12.900000
12.900000
12.900000
12.900000
12.900000
12.900000
13.220000
13.220000
13.220000
13.220000
13.220000
13.220000
13.220000
13.220000
13.220000
13.220000
13.220000
13.220000
13.540000
13.540000
13.540000
13.540000
13.540000
13.540000
13.540000
13.540000
13.540000
13.540000
13.540000
13.540000
13.860000
13.860000
13.860000
13.860000
13.860000
13.860000
13.860000
13.860000
13.860000
13.860000
13.860000
13.860000
13.860000
13.860000
13.860000
13.860000
13.860000
14.180000
14.180000
14.180000
14.180000
14.180000
14.180000
14.180000
14.180000
14.180000
14.500000
14.500000
14.500000
14.500000
14.500000
14.500000
14.500000
14.500000
14.500000
14.500000
14.830000
14.830000
14.830000
14.830000
14.830000
14.830000
14.830000
14.830000
14.830000
14.830000
14.830000
14.830000
14.830000
16.129999
16.129999
16.129999
16.129999
16.129999
16.129999
16.129999
16.129999
16.129999
16.129999
16.129999
16.129999
16.129999
16.129999
16.129999
16.129999
17.440001
17.440001
17.440001
17.440001
17.440001
17.440001
17.440001
17.440001
17.440001
17.440001
17.440001
17.440001
17.440001
17.440001
17.440001
17.440001
17.440001
17.440001
17.440001
17.440001
18.750000
18.750000
18.750000
18.750000
18.750000
18.750000
18.750000
18.750000
18.750000
18.750000
20.059999
20.059999
20.059999
20.059999
20.059999
20.059999
20.059999
20.059999
20.059999
20.059999
20.059999
20.059999
21.370001
21.370001
21.370001
21.370001
21.370001
21.370001
21.370001
21.370001
21.370001
21.370001
21.370001
21.370001
21.370001
21.370001
22.680000
22.680000
22.680000
22.680000
22.680000
22.680000
22.680000
22.680000
22.680000
22.680000
22.680000
23.990000
23.990000
23.990000
23.990000
23.990000
23.990000
23.990000
23.990000
23.990000
23.990000
23.990000
23.990000
23.990000
25.290001
25.290001
25.290001
25.290001
25.290001
25.290001
25.290001
25.290001
26.600000
26.600000
26.600000
26.600000
26.600000
26.600000
26.600000
26.600000
26.600000
26.600000
26.600000
26.600000
27.910000
27.910000
27.910000
27.910000
27.910000
27.910000
27.910000
27.910000
27.910000
29.219999
29.219999
29.219999
29.219999
29.219999
30.530001
30.530001
30.530001
30.530001
30.530001
30.530001
30.530001
30.530001
30.530001
31.840000
31.840000
31.840000
31.840000
31.840000
31.840000
31.840000
33.150002
33.150002
33.150002
33.150002
33.150002
33.150002
33.150002
33.150002
33.150002
33.150002
33.150002
34.450001
34.450001
34.450001
34.450001
34.450001
34.450001
34.450001
34.450001
34.450001
34.450001
34.450001
34.450001
34.450001
34.450001
34.450001
34.450001
35.759998
35.759998
35.759998
35.759998
35.759998
35.759998
35.759998
35.759998
35.759998
37.070000
37.070000
37.070000
37.070000
37.070000
37.070000
37.070000
37.070000
37.070000
37.070000
37.070000
37.070000
37.070000
37.070000
37.070000
38.380001
38.380001
38.380001
38.380001
38.380001
38.380001
38.380001
39.689999
39.689999
39.689999
39.689999
39.689999
39.689999
39.689999
39.689999
39.689999
39.689999
39.689999
39.689999
39.689999
39.689999
39.689999
39.689999
39.689999
41.000000
41.000000
41.000000
41.000000
41.000000
41.000000
41.000000
41.000000
41.000000
41.000000
41.000000
41.000000
41.000000
41.000000
41.000000
42.310001
42.310001
42.310001
42.310001
42.310001
42.310001
42.310001
42.310001
42.310001
42.310001
43.619999
43.619999
43.619999
43.619999
43.619999
43.619999
43.619999
43.619999
43.619999
43.619999
43.619999
43.619999
43.619999
43.619999
43.619999
44.919998
44.919998
44.919998
44.919998
44.919998
44.919998
44.919998
44.919998
44.919998
44.919998
44.919998
44.919998
46.230000
46.230000
46.230000
46.230000
46.230000
46.230000
46.230000
46.230000
46.230000
46.230000
46.230000
46.230000
47.540001
47.540001
47.540001
47.540001
47.540001
47.540001
47.540001
47.540001
47.540001
48.849998
48.849998
48.849998
48.849998
48.849998
48.849998
48.849998
48.849998
48.849998
48.849998
48.849998
48.849998
48.849998
50.160000
50.160000
50.160000
50.160000
50.160000
50.160000
50.160000
50.160000
50.160000
51.470001
51.470001
51.470001
51.470001
51.470001
51.470001
51.470001
51.470001
52.779999
52.779999
52.779999
52.779999
52.779999
52.779999
52.779999
52.779999
52.779999
54.080002
54.080002
54.080002
54.080002
54.080002
54.080002
54.080002
54.080002
54.080002
54.080002
54.080002
55.389999
55.389999
55.389999
55.389999
55.389999
55.389999
55.389999
55.389999
56.700001
56.700001
56.700001
56.700001
56.700001
56.700001
56.700001
56.700001
56.700001
56.700001
58.009998
58.009998
58.009998
58.009998
58.009998
58.009998
58.009998
58.009998
59.320000
59.320000
59.320000
59.320000
59.320000
59.320000
59.320000
59.320000
59.320000
59.320000
59.320000
60.630001
60.630001
60.630001
60.630001
60.630001
60.630001
60.630001
60.630001
60.630001
61.939999
61.939999
61.939999
61.939999
61.939999
61.939999
61.939999
61.939999
61.939999
61.939999
63.240002
63.240002
63.240002
63.240002
63.240002
63.240002
63.240002
63.240002
63.240002
63.240002
64.550003
64.550003
64.550003
64.550003
64.550003
64.550003
64.550003
65.860001
65.860001
65.860001
65.860001
65.860001
65.860001
65.860001
65.860001
65.860001
65.860001
65.860001
65.860001
65.860001
65.860001
65.860001
65.860001
67.169998
67.169998
67.169998
67.169998
67.169998
67.169998
67.169998
67.169998
67.169998
67.169998
67.169998
67.169998
67.169998
68.480003
68.480003
68.480003
68.480003
68.480003
68.480003
68.480003
68.480003
68.480003
68.480003
68.480003
69.790001
69.790001
69.790001
69.790001
71.099998
71.099998
71.099998
71.099998
71.099998
71.099998
72.410004
72.410004
72.410004
72.410004
72.410004
72.410004
72.410004
72.410004
72.410004
72.410004
72.410004
72.410004
73.709999
73.709999
73.709999
73.709999
77.379997
77.379997
77.379997
77.379997
77.379997
77.379997
77.379997
77.379997
77.379997
77.379997
77.379997
77.379997
77.379997
77.379997
77.379997
81.050003
81.050003
81.050003
81.050003
81.050003
81.050003
81.050003
81.050003
81.050003
81.050003
84.720001
84.720001
84.720001
84.720001
84.720001
84.720001
84.720001
84.720001
84.720001
88.389999
88.389999
88.389999
88.389999
88.389999
88.389999
88.389999
88.389999
88.389999
88.389999
88.389999
91.139999
91.139999
91.139999
91.139999
91.139999
91.139999
91.139999
