0.000000
0.000000
0.000000
0.000000
0.000000
0.000000
0.000000
0.000000
0.000000
0.000000
0.000000
0.000000
0.000000
0.000000
0.000000
0.000000
0.000000
0.000000
0.000000
0.000000
0.000000
0.000000
0.000000
0.000000
0.000000
0.000000
0.000000
0.000000
0.000000
0.000000
0.000000
0.000000
0.000000
0.000000
0.000000
0.000000
0.000000
0.000000
0.000000
0.000000
0.000000
0.000000
0.000000
0.000000
0.000000
0.000000
0.000000
0.000000
0.000000
0.000000
0.000000
0.000000
0.000000
0.000000
0.000000
0.000000
0.000000
0.000000
0.175100
0.175100
0.175100
0.175100
0.175100
0.175100
0.175100
0.205700
0.205700
0.205700
0.205700
0.205700
0.205700
0.205700
0.205700
0.205700
0.205700
0.205700
0.205700
0.205700
0.236300
0.236300
0.236300
0.236300
0.236300
0.236300
0.236300
0.266800
0.266800
0.266800
0.266800
0.266800
0.266800
0.266800
0.266800
0.297400
0.297400
0.297400
0.297400
0.297400
0.297400
0.297400
0.297400
0.297400
0.328000
0.328000
0.328000
0.328000
0.328000
0.328000
0.358500
0.358500
0.358500
0.358500
0.358500
0.358500
0.358500
0.358500
0.358500
0.358500
0.358500
0.358500
0.389100
0.389100
0.389100
0.389100
0.389100
0.389100
0.389100
0.389100
0.389100
0.389100
0.389100
0.389100
0.389100
0.419700
0.419700
0.419700
0.419700
0.419700
0.419700
0.419700
0.419700
0.450200
0.450200
0.450200
0.450200
0.450200
0.450200
0.450200
0.450200
0.450200
0.450200
0.450200
0.450200
0.480800
0.480800
0.480800
0.480800
0.480800
0.480800
0.480800
0.480800
0.480800
0.511400
0.511400
0.511400
0.511400
0.511400
0.511400
0.511400
0.511400
0.511400
0.511400
0.511400
0.511400
0.511400
0.542000
0.542000
0.542000
0.542000
0.542000
0.542000
0.542000
0.542000
0.542000
0.542000
0.542000
0.572500
0.572500
0.572500
0.572500
0.572500
0.572500
0.572500
0.572500
0.572500
0.572500
0.603100
0.603100
0.603100
0.603100
0.603100
0.603100
0.603100
0.603100
0.603100
0.603100
0.603100
0.603100
0.603100
0.603100
0.633700
0.633700
0.633700
0.633700
0.633700
0.664200
0.664200
0.664200
0.664200
0.664200
0.664200
0.664200
0.664200
0.664200
0.664200
0.694800
0.694800
0.694800
0.694800
0.694800
0.694800
0.694800
0.725400
0.725400
0.725400
0.725400
0.725400
0.725400
0.725400
0.755900
0.755900
0.755900
0.755900
0.755900
0.755900
0.755900
0.786500
0.786500
0.786500
0.786500
0.786500
0.786500
0.786500
0.786500
0.786500
0.817100
0.817100
0.817100
0.817100
0.817100
0.817100
0.817100
0.817100
0.817100
0.817100
0.817100
0.847600
0.847600
0.847600
0.847600
0.847600
0.878200
0.878200
0.878200
0.878200
0.878200
0.878200
0.878200
0.878200
0.878200
0.878200
0.908800
0.908800
0.908800
0.908800
0.908800
0.908800
0.908800
0.908800
0.939400
0.939400
0.939400
0.939400
0.939400
0.939400
0.939400
0.939400
0.939400
0.939400
0.939400
0.939400
0.939400
0.939400
0.969900
0.969900
0.969900
0.969900
0.969900
0.969900
0.969900
0.969900
0.969900
0.969900
0.969900
1.000000
1.000000
1.000000
1.000000
1.000000
1.000000
1.000000
1.000000
1.000000
1.000000
1.000000
1.000000
1.031000
1.031000
1.031000
1.031000
1.031000
1.031000
1.062000
1.062000
1.062000
1.062000
1.062000
1.062000
1.062000
1.062000
1.062000
1.092000
1.092000
1.092000
1.092000
1.092000
1.092000
1.092000
1.092000
1.092000
1.092000
1.092000
1.092000
1.092000
1.092000
1.092000
1.123000
1.123000
1.123000
1.123000
1.123000
1.123000
1.123000
1.123000
1.123000
1.123000
1.123000
1.123000
1.123000
1.153000
1.153000
1.153000
1.153000
1.153000
1.153000
1.153000
1.153000
1.153000
1.153000
1.184000
1.184000
1.184000
1.184000
1.184000
1.184000
1.184000
1.214000
1.214000
1.214000
1.214000
1.214000
1.214000
1.214000
1.214000
1.214000
1.214000
1.214000
1.214000
1.214000
1.214000
1.245000
1.245000
1.245000
1.245000
1.245000
1.245000
1.276000
1.276000
1.276000
1.276000
1.276000
1.276000
1.276000
1.306000
1.306000
1.306000
1.306000
1.306000
1.306000
1.306000
1.306000
1.306000
1.337000
1.337000
1.337000
1.337000
1.337000
1.337000
1.337000
1.337000
1.367000
1.367000
1.367000
1.367000
1.367000
1.367000
1.367000
1.398000
1.398000
1.398000
1.398000
1.398000
1.398000
1.398000
1.398000
1.398000
1.398000
1.428000
1.428000
1.428000
1.428000
1.428000
1.428000
1.428000
1.459000
1.459000
1.459000
1.459000
1.459000
1.459000
1.459000
1.459000
1.459000
1.459000
1.459000
1.459000
1.459000
1.459000
1.459000
1.490000
1.490000
1.490000
1.490000
1.490000
1.490000
1.490000
1.490000
1.490000
1.490000
1.490000
1.490000
1.520000
1.520000
1.520000
1.520000
1.520000
1.520000
1.520000
1.520000
1.520000
1.520000
1.551000
1.551000
1.551000
1.551000
1.551000
1.551000
1.551000
1.551000
1.551000
1.551000
1.551000
1.551000
1.551000
1.551000
1.933000
1.933000
1.933000
1.933000
1.933000
1.933000
1.933000
1.933000
1.933000
1.933000
1.933000
1.933000
2.315000
2.315000
2.315000
2.315000
2.315000
2.315000
2.315000
2.315000
2.697000
2.697000
2.697000
2.697000
3.080000
3.080000
3.080000
3.080000
3.080000
3.462000
3.462000
3.462000
3.844000
3.844000
3.844000
3.844000
3.844000
3.844000
4.226000
4.226000
4.226000
4.226000
4.226000
4.226000
4.226000
4.226000
4.226000
4.226000
4.608000
4.608000
4.608000
4.608000
4.608000
4.608000
4.608000
4.608000
4.608000
4.991000
4.991000
4.991000
4.991000
4.991000
4.991000
4.991000
4.991000
4.991000
4.991000
4.991000
4.991000
5.373000
5.373000
5.373000
5.373000
5.373000
5.373000
5.755000
5.755000
5.755000
5.755000
5.755000
5.755000
5.755000
5.755000
5.755000
6.137000
6.137000
6.137000
6.137000
6.137000
6.137000
6.137000
6.519000
6.519000
6.519000
6.519000
6.519000
6.519000
6.519000
6.519000
6.519000
6.519000
6.519000
6.519000
6.519000
6.902000
6.902000
6.902000
6.902000
6.902000
6.902000
6.902000
6.902000
6.902000
6.902000
6.902000
6.902000
7.284000
7.284000
7.284000
7.284000
7.284000
7.284000
7.284000
7.284000
7.284000
7.284000
7.284000
7.284000
7.284000
7.666000
7.666000
7.666000
7.666000
7.666000
7.666000
7.666000
7.666000
7.666000
7.666000
7.666000
7.666000
7.666000
8.048000
8.048000
8.048000
8.048000
8.048000
8.048000
8.431000
8.431000
8.431000
8.431000
8.431000
8.431000
8.431000
8.431000
8.431000
8.431000
8.431000
8.431000
8.431000
8.431000
8.431000
8.431000
8.431000
8.813000
8.813000
8.813000
8.813000
8.813000
9.195000
9.195000
9.195000
9.195000
9.195000
9.195000
9.195000
9.577000
9.577000
9.577000
9.577000
9.577000
9.577000
9.577000
9.577000
9.577000
9.577000
9.577000
9.959000
9.959000
9.959000
9.959000
9.959000
9.959000
9.959000
9.959000
9.959000
9.959000
10.340000
10.340000
10.340000
10.340000
10.340000
10.340000
10.340000
10.340000
10.340000
10.340000
10.340000
10.340000
10.340000
10.340000
10.340000
10.340000
10.340000
10.720000
10.720000
10.720000
10.720000
10.720000
10.720000
10.720000
10.720000
11.110000
11.110000
11.110000
11.110000
11.110000
11.110000
11.110000
11.110000
11.110000
11.110000
11.110000
11.110000
11.110000
11.490000
11.490000
11.490000
11.490000
11.490000
11.490000
11.490000
11.490000
11.490000
11.490000
11.490000
11.490000
11.490000
11.490000
11.490000
11.490000
11.490000
11.870000
11.870000
11.870000
11.870000
11.870000
11.870000
11.870000
11.870000
11.870000
11.870000
12.250000
12.250000
12.250000
12.250000
12.250000
12.250000
12.630000
12.630000
12.630000
12.630000
12.630000
12.630000
12.630000
12.630000
12.630000
12.630000
12.630000
13.020000
13.020000
13.020000
13.020000
13.020000
13.020000
13.020000
13.020000
13.020000
13.020000
13.020000
13.400000
13.400000
13.400000
13.400000
13.400000
13.400000
13.400000
13.400000
13.400000
13.400000
13.780000
13.780000
13.780000
13.780000
13.780000
13.780000
13.780000
13.780000
14.160000
14.160000
14.160000
14.160000
14.160000
14.160000
14.550000
14.550000
14.550000
14.550000
14.550000
14.550000
14.550000
14.550000
14.550000
14.550000
14.550000
14.550000
14.550000
14.930000
14.930000
14.930000
14.930000
14.930000
14.930000
14.930000
14.930000
14.930000
14.930000
14.930000
14.930000
14.930000
14.930000
15.310000
15.310000
15.310000
15.310000
15.310000
15.310000
15.310000
15.310000
15.310000
15.310000
15.310000
15.310000
15.310000
15.310000
15.690000
15.690000
15.690000
15.690000
15.690000
15.690000
15.690000
15.690000
15.690000
15.690000
15.690000
16.070000
16.070000
16.070000
16.070000
16.070000
16.070000
16.070000
16.070000
16.070000
16.070000
16.070000
16.070000
16.070000
16.070000
16.070000
16.459999
16.459999
16.459999
16.459999
16.459999
16.459999
16.459999
16.459999
16.459999
16.840000
16.840000
16.840000
16.840000
16.840000
16.840000
16.840000
16.840000
16.840000
17.219999
17.219999
17.219999
17.219999
17.219999
17.219999
17.219999
17.219999
17.600000
17.600000
17.600000
17.600000
17.600000
17.600000
17.600000
17.600000
17.600000
17.600000
17.600000
17.600000
17.600000
17.990000
17.990000
17.990000
17.990000
17.990000
17.990000
18.370001
18.370001
18.370001
18.370001
18.370001
18.370001
18.370001
18.370001
18.370001
18.370001
18.750000
18.750000
18.750000
18.750000
18.750000
18.750000
24.500000
24.500000
24.500000
24.500000
24.500000
24.500000
24.500000
24.500000
24.500000
24.500000
24.500000
24.500000
24.500000
24.500000
30.250000
30.250000
30.250000
30.250000
30.250000
30.250000
30.250000
36.000000
36.000000
36.000000
36.000000
36.000000
36.000000
36.000000
36.000000
36.000000
36.000000
36.000000
36.000000
41.750000
41.750000
41.750000
41.750000
41.750000
41.750000
41.750000
41.750000
41.750000
41.750000
41.750000
41.750000
46.060001
46.060001
46.060001
46.060001
46.060001
46.060001
46.060001
