0.000000
0.000000
0.000000
0.000000
0.000000
0.000000
0.000000
0.000000
0.000000
0.000000
0.000000
0.000000
0.000000
0.000000
0.000000
0.000000
0.000000
0.000000
0.000000
0.000000
0.000000
0.000000
0.000000
0.000000
0.000000
0.000000
0.000000
0.000000
0.000000
0.000000
0.000000
0.000000
0.000000
0.000000
0.000000
0.000000
0.000000
0.000000
0.000000
0.000000
0.000000
0.000000
0.004188
0.004188
0.004188
0.004188
0.004188
0.004188
0.004188
0.004188
0.037630
0.037630
0.037630
0.037630
0.037630
0.037630
0.037630
0.037630
0.037630
0.037630
0.071080
0.071080
0.071080
0.071080
0.071080
0.071080
0.071080
0.071080
0.071080
0.071080
0.104500
0.104500
0.104500
0.104500
0.104500
0.104500
0.104500
0.104500
0.104500
0.104500
0.104500
0.104500
0.138000
0.138000
0.138000
0.138000
0.138000
0.138000
0.138000
0.138000
0.138000
0.138000
0.138000
0.171400
0.171400
0.171400
0.171400
0.171400
0.171400
0.171400
0.171400
0.171400
0.171400
0.171400
0.204900
0.204900
0.204900
0.204900
0.204900
0.204900
0.204900
0.204900
0.204900
0.204900
0.204900
0.204900
0.204900
0.204900
0.238300
0.238300
0.238300
0.238300
0.238300
0.238300
0.238300
0.238300
0.238300
0.238300
0.238300
0.238300
0.238300
0.238300
0.271800
0.271800
0.271800
0.271800
0.271800
0.271800
0.271800
0.271800
0.271800
0.271800
0.305200
0.305200
0.305200
0.305200
0.305200
0.338600
0.338600
0.338600
0.338600
0.338600
0.338600
0.338600
0.338600
0.338600
0.338600
0.372100
0.372100
0.372100
0.372100
0.372100
0.372100
0.372100
0.372100
0.372100
0.405500
0.405500
0.405500
0.405500
0.405500
0.405500
0.405500
0.405500
0.405500
0.405500
0.405500
0.405500
0.439000
0.439000
0.439000
0.439000
0.439000
0.439000
0.439000
0.439000
0.439000
0.439000
0.472400
0.472400
0.472400
0.472400
0.472400
0.472400
0.472400
0.472400
0.472400
0.472400
0.472400
0.472400
0.472400
0.472400
0.505900
0.505900
0.505900
0.505900
0.505900
0.505900
0.505900
0.539300
0.539300
0.539300
0.539300
0.539300
0.539300
0.539300
0.539300
0.539300
0.539300
0.539300
0.572800
0.572800
0.572800
0.572800
0.572800
0.572800
0.572800
0.572800
0.606200
0.606200
0.606200
0.606200
0.606200
0.606200
0.606200
0.606200
0.606200
0.606200
0.606200
0.606200
0.639700
0.639700
0.639700
0.639700
0.639700
0.639700
0.639700
0.639700
0.673100
0.673100
0.673100
0.673100
0.673100
0.673100
0.673100
0.673100
0.706600
0.706600
0.706600
0.706600
0.706600
0.706600
0.706600
0.706600
0.706600
0.706600
0.740000
0.740000
0.740000
0.740000
0.740000
0.773400
0.773400
0.773400
0.773400
0.773400
0.773400
0.773400
0.773400
0.773400
0.806900
0.806900
0.806900
0.806900
0.806900
0.806900
0.806900
0.806900
0.806900
0.806900
0.806900
0.806900
0.840300
0.840300
0.840300
0.840300
0.840300
0.840300
0.840300
0.840300
0.840300
0.840300
0.873800
0.873800
0.873800
0.873800
0.873800
0.873800
0.873800
0.873800
0.873800
0.873800
0.873800
0.907200
0.907200
0.907200
0.907200
0.907200
0.907200
0.907200
0.907200
0.907200
0.907200
0.940700
0.940700
0.940700
0.940700
0.940700
0.940700
0.940700
0.940700
0.940700
0.940700
0.974100
0.974100
0.974100
0.974100
0.974100
0.974100
0.974100
0.974100
0.974100
1.008000
1.008000
1.008000
1.008000
1.008000
1.008000
1.008000
1.008000
1.008000
1.008000
1.008000
1.008000
1.041000
1.041000
1.041000
1.041000
1.041000
1.074000
1.074000
1.074000
1.074000
1.108000
1.108000
1.108000
1.108000
1.108000
1.108000
1.108000
1.108000
1.108000
1.108000
1.108000
1.108000
1.108000
1.141000
1.141000
1.141000
1.141000
1.141000
1.141000
1.141000
1.175000
1.175000
1.175000
1.175000
1.175000
1.175000
1.175000
1.175000
1.175000
1.175000
1.175000
1.175000
1.175000
1.208000
1.208000
1.208000
1.208000
1.208000
1.208000
1.208000
1.242000
1.242000
1.242000
1.242000
1.242000
1.242000
1.242000
1.242000
1.242000
1.242000
1.242000
1.242000
1.275000
1.275000
1.275000
1.275000
1.275000
1.275000
1.275000
1.275000
1.275000
1.275000
1.275000
1.309000
1.309000
1.309000
1.309000
1.309000
1.309000
1.309000
1.309000
1.309000
1.309000
1.309000
1.342000
1.342000
1.342000
1.342000
1.342000
1.342000
1.342000
1.342000
1.342000
1.375000
1.375000
1.375000
1.375000
1.409000
1.409000
1.409000
1.409000
1.409000
1.409000
1.409000
1.409000
1.409000
1.409000
1.409000
1.442000
1.442000
1.442000
1.442000
1.442000
1.442000
1.442000
1.442000
1.442000
1.442000
1.442000
1.442000
1.476000
1.476000
1.476000
1.476000
1.476000
1.476000
1.476000
1.476000
1.476000
1.476000
1.476000
1.509000
1.509000
1.509000
1.509000
1.509000
1.509000
1.509000
1.509000
1.509000
1.509000
1.509000
1.509000
1.509000
1.509000
1.509000
1.509000
1.509000
1.933000
1.933000
1.933000
1.933000
1.933000
1.933000
1.933000
1.933000
1.933000
1.933000
1.933000
1.933000
1.933000
1.933000
1.933000
2.357000
2.357000
2.357000
2.357000
2.357000
2.357000
2.357000
2.357000
2.357000
2.357000
2.780000
2.780000
2.780000
2.780000
2.780000
2.780000
2.780000
2.780000
2.780000
2.780000
2.780000
2.780000
2.780000
2.780000
2.780000
3.204000
3.204000
3.204000
3.204000
3.204000
3.204000
3.204000
3.204000
3.204000
3.204000
3.628000
3.628000
3.628000
3.628000
3.628000
3.628000
3.628000
3.628000
4.052000
4.052000
4.052000
4.052000
4.052000
4.052000
4.052000
4.052000
4.052000
4.052000
4.052000
4.052000
4.052000
4.052000
4.052000
4.052000
4.475000
4.475000
4.475000
4.475000
4.475000
4.475000
4.475000
4.475000
4.475000
4.475000
4.899000
4.899000
4.899000
4.899000
4.899000
4.899000
4.899000
4.899000
4.899000
4.899000
5.323000
5.323000
5.323000
5.323000
5.323000
5.323000
5.323000
5.323000
5.323000
5.746000
5.746000
5.746000
5.746000
5.746000
5.746000
5.746000
5.746000
5.746000
5.746000
5.746000
5.746000
5.746000
5.746000
5.746000
6.170000
6.170000
6.170000
6.170000
6.170000
6.170000
6.170000
6.594000
6.594000
6.594000
6.594000
6.594000
6.594000
6.594000
6.594000
6.594000
6.594000
6.594000
6.594000
7.018000
7.018000
7.018000
7.018000
7.018000
7.018000
7.018000
7.441000
7.441000
7.441000
7.441000
7.441000
7.441000
7.441000
7.441000
7.441000
7.441000
7.865000
7.865000
7.865000
7.865000
7.865000
7.865000
7.865000
8.289000
8.289000
8.289000
8.289000
8.289000
8.712000
8.712000
8.712000
8.712000
8.712000
8.712000
8.712000
9.136000
9.136000
9.136000
9.136000
9.136000
9.136000
9.136000
9.136000
9.136000
9.136000
9.136000
9.136000
9.136000
9.136000
9.136000
9.136000
9.560000
9.560000
9.560000
9.560000
9.560000
9.560000
9.560000
9.984000
9.984000
9.984000
9.984000
9.984000
9.984000
10.410000
10.410000
10.410000
10.410000
10.410000
10.410000
10.410000
10.410000
10.410000
10.830000
10.830000
10.830000
10.830000
10.830000
10.830000
10.830000
11.250000
11.250000
11.250000
11.250000
11.250000
11.250000
11.250000
11.250000
11.250000
11.250000
11.250000
11.680000
11.680000
11.680000
11.680000
11.680000
11.680000
11.680000
11.680000
12.100000
12.100000
12.100000
12.100000
12.100000
12.100000
12.100000
12.100000
12.100000
12.100000
12.100000
12.100000
12.100000
12.100000
12.530000
12.530000
12.530000
12.530000
12.530000
12.530000
12.530000
12.530000
12.530000
12.530000
12.530000
12.530000
12.950000
12.950000
12.950000
12.950000
12.950000
12.950000
12.950000
12.950000
12.950000
12.950000
12.950000
13.370000
13.370000
13.370000
13.370000
13.370000
13.370000
13.370000
13.370000
13.370000
13.370000
13.800000
13.800000
13.800000
13.800000
13.800000
13.800000
13.800000
13.800000
13.800000
13.800000
13.800000
13.800000
14.220000
14.220000
14.220000
14.220000
14.220000
14.220000
14.220000
14.640000
14.640000
14.640000
14.640000
14.640000
14.640000
14.640000
14.640000
14.640000
15.070000
15.070000
15.070000
15.070000
15.070000
15.070000
15.070000
15.490000
15.490000
15.490000
15.490000
15.490000
15.490000
15.490000
15.490000
15.920000
15.920000
15.920000
15.920000
15.920000
15.920000
15.920000
15.920000
15.920000
15.920000
16.340000
16.340000
16.340000
16.340000
16.340000
16.340000
16.340000
16.340000
16.340000
16.340000
16.340000
16.340000
16.340000
16.340000
16.340000
16.340000
16.760000
16.760000
16.760000
16.760000
16.760000
16.760000
16.760000
16.760000
16.760000
16.760000
16.760000
17.190001
17.190001
17.190001
17.610001
17.610001
17.610001
17.610001
17.610001
17.610001
17.610001
17.610001
17.610001
17.610001
17.610001
17.610001
18.030001
18.030001
18.030001
18.030001
18.030001
18.030001
18.030001
18.459999
18.459999
18.459999
18.459999
18.459999
18.459999
18.459999
18.459999
18.459999
18.459999
18.459999
18.459999
18.459999
18.459999
18.879999
18.879999
18.879999
18.879999
18.879999
18.879999
18.879999
18.879999
18.879999
18.879999
18.879999
18.879999
18.879999
19.309999
19.309999
19.309999
19.309999
19.309999
19.309999
19.309999
19.730000
19.730000
19.730000
19.730000
19.730000
19.730000
19.730000
19.730000
19.730000
20.150000
20.150000
20.150000
20.150000
20.150000
20.150000
20.150000
20.150000
20.150000
20.150000
20.150000
20.150000
20.580000
20.580000
20.580000
20.580000
20.580000
20.580000
20.580000
20.580000
20.580000
20.580000
20.580000
20.580000
20.580000
20.580000
20.580000
20.580000
20.580000
36.919998
36.919998
36.919998
36.919998
36.919998
36.919998
36.919998
36.919998
36.919998
36.919998
36.919998
53.270000
53.270000
53.270000
53.270000
53.270000
53.270000
53.270000
69.610001
69.610001
69.610001
69.610001
69.610001
85.959999
85.959999
85.959999
85.959999
85.959999
85.959999
85.959999
85.959999
85.959999
98.209999
98.209999
98.209999
98.209999
98.209999
98.209999
98.209999
98.209999
98.209999
