0.000000
0.000000
0.000000
0.000000
0.000000
0.000000
0.000000
0.000000
0.000000
0.000000
0.000000
0.000000
0.000000
0.000000
0.000000
0.000000
0.000000
0.000000
0.000000
0.000000
0.000000
0.000000
0.000000
0.000000
0.000000
0.000000
0.000000
0.000000
0.000000
0.000000
0.000000
0.000000
0.000000
0.000000
0.000000
0.000000
0.000000
0.000000
0.000000
0.000000
0.000000
0.000000
0.000000
0.000000
0.000000
0.000000
1.813000
1.813000
1.813000
1.813000
1.813000
1.813000
2.076000
2.076000
2.076000
2.076000
2.076000
2.076000
2.076000
2.076000
2.076000
2.076000
2.340000
2.340000
2.340000
2.340000
2.340000
2.340000
2.340000
2.340000
2.340000
2.340000
2.603000
2.603000
2.603000
2.603000
2.603000
2.603000
2.603000
2.603000
2.603000
2.867000
2.867000
2.867000
2.867000
2.867000
2.867000
2.867000
2.867000
2.867000
2.867000
2.867000
2.867000
2.867000
2.867000
2.867000
2.867000
2.867000
3.130000
3.130000
3.130000
3.130000
3.130000
3.130000
3.130000
3.130000
3.130000
3.130000
3.130000
3.130000
3.130000
3.130000
3.393000
3.393000
3.393000
3.393000
3.393000
3.393000
3.393000
3.393000
3.393000
3.657000
3.657000
3.657000
3.657000
3.657000
3.657000
3.657000
3.657000
3.657000
3.657000
3.657000
3.657000
3.657000
3.657000
3.657000
3.657000
3.657000
3.657000
3.920000
3.920000
3.920000
3.920000
3.920000
3.920000
3.920000
3.920000
3.920000
3.920000
4.184000
4.184000
4.184000
4.184000
4.184000
4.184000
4.447000
4.447000
4.447000
4.447000
4.447000
4.447000
4.711000
4.711000
4.711000
4.711000
4.711000
4.711000
4.711000
4.711000
4.974000
4.974000
4.974000
4.974000
4.974000
4.974000
4.974000
4.974000
5.238000
5.238000
5.238000
5.238000
5.238000
5.238000
5.238000
5.238000
5.238000
5.238000
5.501000
5.501000
5.501000
5.501000
5.501000
5.501000
5.501000
5.501000
5.765000
5.765000
5.765000
5.765000
5.765000
5.765000
5.765000
5.765000
5.765000
5.765000
6.028000
6.028000
6.028000
6.028000
6.028000
6.028000
6.028000
6.028000
6.028000
6.292000
6.292000
6.292000
6.292000
6.292000
6.292000
6.292000
6.292000
6.292000
6.292000
6.292000
6.555000
6.555000
6.555000
6.555000
6.555000
6.555000
6.555000
6.555000
6.555000
6.555000
6.555000
6.818000
6.818000
6.818000
6.818000
6.818000
6.818000
6.818000
6.818000
6.818000
6.818000
6.818000
6.818000
6.818000
6.818000
6.818000
6.818000
6.818000
6.818000
7.082000
7.082000
7.082000
7.082000
7.082000
7.082000
7.082000
7.082000
7.082000
7.082000
7.345000
7.345000
7.345000
7.345000
7.345000
7.345000
7.345000
7.345000
7.345000
7.609000
7.609000
7.609000
7.609000
7.609000
7.609000
7.609000
7.609000
7.609000
7.609000
7.609000
7.609000
7.609000
7.609000
7.609000
7.872000
7.872000
7.872000
7.872000
8.136000
8.136000
8.136000
8.136000
8.136000
8.136000
8.136000
8.136000
8.136000
8.136000
8.136000
8.136000
8.136000
8.136000
8.399000
8.399000
8.399000
8.399000
8.399000
8.399000
8.399000
8.399000
8.399000
8.399000
8.399000
8.399000
8.399000
8.399000
8.399000
8.663000
8.663000
8.663000
8.663000
8.663000
8.663000
8.663000
8.663000
8.663000
8.926000
8.926000
8.926000
8.926000
8.926000
8.926000
8.926000
8.926000
8.926000
8.926000
8.926000
8.926000
9.190000
9.190000
9.190000
9.190000
9.190000
9.190000
9.190000
9.190000
9.453000
9.453000
9.453000
9.453000
9.453000
9.453000
9.453000
9.453000
9.453000
9.716000
9.716000
9.716000
9.716000
9.716000
9.716000
9.716000
9.716000
9.716000
9.980000
9.980000
9.980000
9.980000
9.980000
10.240000
10.240000
10.240000
10.240000
10.240000
10.240000
10.510000
10.510000
10.510000
10.510000
10.510000
10.510000
10.510000
10.510000
10.510000
10.510000
10.510000
10.770000
10.770000
10.770000
10.770000
10.770000
10.770000
10.770000
11.030000
11.030000
11.030000
11.030000
11.030000
11.030000
11.030000
11.030000
11.030000
11.030000
11.030000
11.030000
11.300000
11.300000
11.300000
11.300000
11.300000
11.300000
11.300000
11.300000
11.300000
11.300000
11.560000
11.560000
11.560000
11.560000
11.560000
11.560000
11.560000
11.560000
11.560000
11.820000
11.820000
11.820000
11.820000
11.820000
11.820000
11.820000
11.820000
12.090000
12.090000
12.090000
12.090000
12.090000
12.090000
12.090000
12.090000
12.090000
12.090000
12.090000
12.090000
12.090000
12.090000
12.350000
12.350000
12.350000
12.350000
12.350000
12.350000
12.350000
12.350000
12.350000
12.350000
12.350000
12.610000
12.610000
12.610000
12.610000
12.610000
12.610000
12.610000
12.610000
12.610000
12.610000
12.610000
12.610000
12.880000
12.880000
12.880000
12.880000
12.880000
12.880000
13.140000
13.140000
13.140000
13.140000
13.140000
13.140000
13.140000
13.140000
13.140000
13.140000
13.140000
13.140000
13.140000
13.140000
13.140000
13.400000
13.400000
13.400000
13.400000
13.400000
13.400000
13.400000
13.400000
13.670000
13.670000
13.670000
13.670000
13.670000
14.530000
14.530000
14.530000
14.530000
14.530000
14.530000
14.530000
14.530000
14.530000
14.530000
14.530000
14.530000
14.530000
14.530000
15.390000
15.390000
15.390000
15.390000
15.390000
15.390000
15.390000
15.390000
15.390000
16.250000
16.250000
16.250000
16.250000
16.250000
16.250000
17.110001
17.110001
17.110001
17.110001
17.110001
17.110001
17.110001
17.110001
17.110001
17.110001
17.110001
17.969999
17.969999
17.969999
17.969999
17.969999
17.969999
17.969999
17.969999
17.969999
18.830000
18.830000
18.830000
18.830000
18.830000
18.830000
18.830000
18.830000
18.830000
18.830000
19.690001
19.690001
19.690001
19.690001
19.690001
19.690001
19.690001
19.690001
19.690001
20.549999
20.549999
20.549999
20.549999
20.549999
20.549999
20.549999
20.549999
20.549999
20.549999
20.549999
20.549999
20.549999
21.410000
21.410000
21.410000
21.410000
21.410000
21.410000
22.270000
22.270000
22.270000
22.270000
22.270000
22.270000
23.129999
23.129999
23.129999
23.129999
23.129999
23.990000
23.990000
23.990000
23.990000
23.990000
23.990000
23.990000
23.990000
23.990000
23.990000
24.850000
24.850000
24.850000
24.850000
24.850000
24.850000
24.850000
24.850000
24.850000
24.850000
24.850000
24.850000
24.850000
24.850000
24.850000
25.709999
25.709999
25.709999
25.709999
25.709999
25.709999
25.709999
25.709999
25.709999
25.709999
26.570000
26.570000
26.570000
26.570000
26.570000
26.570000
27.430000
27.430000
27.430000
27.430000
27.430000
28.290001
28.290001
28.290001
28.290001
28.290001
28.290001
29.150000
29.150000
29.150000
29.150000
29.150000
29.150000
29.150000
29.150000
29.150000
29.150000
29.150000
30.010000
30.010000
30.010000
30.010000
30.010000
30.010000
30.010000
30.010000
30.010000
30.010000
30.870001
30.870001
30.870001
30.870001
30.870001
30.870001
30.870001
31.730000
31.730000
31.730000
31.730000
31.730000
31.730000
31.730000
31.730000
31.730000
32.590000
32.590000
32.590000
32.590000
32.590000
32.590000
32.590000
32.590000
33.450001
33.450001
33.450001
33.450001
33.450001
33.450001
33.450001
33.450001
33.450001
33.450001
33.450001
34.310001
34.310001
34.310001
34.310001
34.310001
34.310001
34.310001
34.310001
34.310001
34.310001
34.310001
35.169998
35.169998
35.169998
35.169998
35.169998
35.169998
35.169998
35.169998
35.169998
35.169998
35.169998
35.169998
35.169998
35.169998
35.169998
36.029999
36.029999
36.029999
36.029999
36.029999
36.029999
36.029999
36.029999
36.029999
36.029999
36.029999
36.029999
36.029999
36.029999
36.889999
36.889999
36.889999
36.889999
36.889999
36.889999
36.889999
36.889999
36.889999
36.889999
37.750000
37.750000
37.750000
37.750000
37.750000
37.750000
37.750000
37.750000
38.610001
38.610001
38.610001
38.610001
38.610001
38.610001
38.610001
38.610001
38.610001
39.470001
39.470001
39.470001
39.470001
39.470001
39.470001
39.470001
39.470001
39.470001
39.470001
39.470001
39.470001
39.470001
40.330002
40.330002
40.330002
40.330002
40.330002
40.330002
40.330002
40.330002
40.330002
40.330002
41.189999
41.189999
41.189999
41.189999
41.189999
41.189999
41.189999
41.189999
41.189999
42.049999
42.049999
42.049999
42.049999
42.049999
42.049999
42.049999
42.049999
42.049999
42.049999
42.049999
42.049999
42.049999
42.049999
42.910000
42.910000
42.910000
42.910000
42.910000
42.910000
42.910000
42.910000
42.910000
42.910000
42.910000
42.910000
43.770000
43.770000
43.770000
43.770000
43.770000
43.770000
43.770000
43.770000
43.770000
43.770000
43.770000
43.770000
43.770000
43.770000
43.770000
44.630001
44.630001
44.630001
44.630001
44.630001
44.630001
44.630001
44.630001
44.630001
44.630001
44.630001
44.630001
45.490002
45.490002
45.490002
45.490002
45.490002
45.490002
45.490002
45.490002
45.490002
46.360001
46.360001
46.360001
46.360001
46.360001
46.360001
46.360001
46.360001
46.360001
46.360001
46.360001
46.360001
47.220001
47.220001
47.220001
47.220001
47.220001
47.220001
47.220001
47.220001
47.220001
47.220001
47.220001
47.220001
47.220001
48.080002
48.080002
48.080002
48.080002
48.080002
48.080002
48.080002
48.080002
48.080002
48.939999
48.939999
48.939999
48.939999
48.939999
48.939999
48.939999
48.939999
49.799999
49.799999
49.799999
49.799999
49.799999
49.799999
49.799999
49.799999
49.799999
49.799999
49.799999
49.799999
50.660000
50.660000
50.660000
50.660000
51.520000
51.520000
51.520000
51.520000
51.520000
51.520000
51.520000
51.520000
52.380001
52.380001
52.380001
52.380001
52.380001
52.380001
64.510002
64.510002
64.510002
64.510002
64.510002
64.510002
64.510002
64.510002
64.510002
64.510002
64.510002
64.510002
64.510002
76.639999
76.639999
76.639999
76.639999
76.639999
76.639999
76.639999
76.639999
76.639999
88.769997
88.769997
88.769997
88.769997
88.769997
88.769997
88.769997
88.769997
88.769997
88.769997
88.769997
88.769997
88.769997
100.900002
100.900002
100.900002
100.900002
100.900002
100.900002
100.900002
100.900002
110.000000
110.000000
110.000000
110.000000
110.000000
110.000000
110.000000
110.000000
110.000000
110.000000
110.000000
