0.000000
0.000000
0.000000
0.000000
0.000000
0.000000
0.000000
0.000000
0.000000
0.000000
0.000000
0.000000
0.000000
0.000000
0.000000
0.000000
0.000000
0.000000
0.000000
0.000000
0.000000
0.000000
0.000000
0.000000
0.000000
0.000000
0.000000
0.000000
0.000000
0.000000
0.000000
0.000000
0.000000
0.000000
0.000000
0.000000
0.000000
0.000000
0.000000
0.000000
0.000000
0.000000
0.000000
0.000000
0.000000
0.000000
0.000000
0.000000
0.000000
0.000000
0.000000
0.000000
0.000000
0.000000
0.000000
0.000000
0.344100
0.344100
0.344100
0.344100
0.344100
0.344100
0.344100
0.344100
0.344100
0.344100
0.344100
0.344100
0.409400
0.409400
0.409400
0.474700
0.474700
0.474700
0.474700
0.474700
0.474700
0.474700
0.539900
0.539900
0.539900
0.539900
0.539900
0.539900
0.539900
0.539900
0.539900
0.539900
0.539900
0.605200
0.605200
0.605200
0.605200
0.605200
0.605200
0.605200
0.605200
0.605200
0.605200
0.605200
0.670500
0.670500
0.670500
0.670500
0.670500
0.670500
0.670500
0.670500
0.670500
0.670500
0.670500
0.670500
0.735700
0.735700
0.735700
0.735700
0.735700
0.735700
0.735700
0.735700
0.735700
0.735700
0.735700
0.735700
0.735700
0.735700
0.735700
0.801000
0.801000
0.801000
0.801000
0.801000
0.801000
0.801000
0.801000
0.801000
0.801000
0.801000
0.866300
0.866300
0.866300
0.866300
0.866300
0.866300
0.866300
0.866300
0.931600
0.931600
0.931600
0.931600
0.931600
0.931600
0.931600
0.931600
0.931600
0.931600
0.931600
0.931600
0.931600
0.931600
0.931600
0.931600
0.931600
0.996800
0.996800
0.996800
0.996800
0.996800
0.996800
0.996800
0.996800
0.996800
0.996800
1.062000
1.062000
1.062000
1.062000
1.062000
1.062000
1.062000
1.062000
1.062000
1.062000
1.062000
1.062000
1.062000
1.127000
1.127000
1.127000
1.127000
1.127000
1.127000
1.127000
1.127000
1.127000
1.127000
1.193000
1.193000
1.193000
1.193000
1.193000
1.193000
1.193000
1.193000
1.193000
1.193000
1.258000
1.258000
1.258000
1.258000
1.258000
1.258000
1.258000
1.258000
1.258000
1.258000
1.258000
1.258000
1.258000
1.258000
1.258000
1.258000
1.323000
1.323000
1.323000
1.323000
1.323000
1.323000
1.323000
1.323000
1.323000
1.323000
1.388000
1.388000
1.388000
1.388000
1.388000
1.388000
1.388000
1.454000
1.454000
1.454000
1.454000
1.454000
1.454000
1.454000
1.454000
1.454000
1.454000
1.454000
1.519000
1.519000
1.519000
1.519000
1.519000
1.519000
1.519000
1.519000
1.519000
1.519000
1.519000
1.584000
1.584000
1.584000
1.584000
1.584000
1.584000
1.584000
1.584000
1.584000
1.650000
1.650000
1.650000
1.650000
1.650000
1.650000
1.650000
1.650000
1.650000
1.715000
1.715000
1.715000
1.715000
1.715000
1.715000
1.715000
1.780000
1.780000
1.780000
1.780000
1.780000
1.780000
1.780000
1.780000
1.780000
1.845000
1.845000
1.845000
1.845000
1.845000
1.845000
1.845000
1.845000
1.845000
1.845000
1.845000
1.845000
1.845000
1.845000
1.845000
1.845000
1.845000
1.845000
1.911000
1.911000
1.911000
1.911000
1.911000
1.911000
1.911000
1.911000
1.976000
1.976000
1.976000
1.976000
1.976000
1.976000
1.976000
1.976000
1.976000
1.976000
1.976000
1.976000
1.976000
1.976000
2.041000
2.041000
2.041000
2.041000
2.041000
2.041000
2.041000
2.041000
2.041000
2.107000
2.107000
2.107000
2.107000
2.172000
2.172000
2.172000
2.172000
2.172000
2.237000
2.237000
2.237000
2.237000
2.237000
2.302000
2.302000
2.302000
2.302000
2.368000
2.368000
2.368000
2.368000
2.368000
2.368000
2.368000
2.368000
2.433000
2.433000
2.433000
2.433000
2.433000
2.433000
2.433000
2.498000
2.498000
2.498000
2.498000
2.498000
2.498000
2.498000
2.498000
2.563000
2.563000
2.563000
2.563000
2.563000
2.563000
2.629000
2.629000
2.629000
2.629000
2.629000
2.629000
2.629000
2.629000
2.629000
2.629000
2.629000
2.694000
2.694000
2.694000
2.694000
2.694000
2.694000
2.694000
2.694000
2.694000
2.694000
2.759000
2.759000
2.759000
2.759000
2.759000
2.759000
2.759000
2.759000
2.759000
2.759000
2.759000
2.759000
2.759000
2.759000
2.825000
2.825000
2.825000
2.825000
2.825000
2.825000
2.825000
2.825000
2.825000
2.825000
2.825000
2.890000
2.890000
2.890000
2.890000
2.890000
2.890000
2.890000
2.890000
2.890000
2.955000
2.955000
2.955000
2.955000
2.955000
2.955000
2.955000
2.955000
2.955000
2.955000
3.020000
3.020000
3.020000
3.020000
3.020000
3.020000
3.020000
3.020000
3.020000
3.020000
3.086000
3.086000
3.086000
3.086000
3.086000
3.086000
3.086000
3.086000
3.151000
3.151000
3.151000
3.151000
3.151000
3.151000
3.151000
3.151000
3.151000
3.216000
3.216000
3.216000
3.216000
3.216000
3.216000
3.216000
3.216000
3.281000
3.281000
3.281000
3.281000
3.281000
3.281000
3.281000
3.281000
3.281000
3.281000
3.281000
3.519000
3.519000
3.519000
3.519000
3.519000
3.519000
3.519000
3.519000
3.756000
3.756000
3.756000
3.756000
3.756000
3.756000
3.756000
3.756000
3.756000
3.756000
3.756000
3.756000
3.756000
3.756000
3.756000
3.756000
3.756000
3.993000
3.993000
3.993000
3.993000
3.993000
3.993000
3.993000
3.993000
3.993000
3.993000
3.993000
3.993000
4.230000
4.230000
4.230000
4.230000
4.230000
4.230000
4.230000
4.230000
4.230000
4.230000
4.230000
4.230000
4.230000
4.467000
4.467000
4.467000
4.467000
4.467000
4.467000
4.467000
4.467000
4.467000
4.467000
4.704000
4.704000
4.704000
4.704000
4.704000
4.704000
4.704000
4.704000
4.704000
4.704000
4.704000
4.704000
4.704000
4.704000
4.941000
4.941000
4.941000
4.941000
4.941000
4.941000
4.941000
5.179000
5.179000
5.179000
5.179000
5.179000
5.179000
5.179000
5.179000
5.179000
5.179000
5.416000
5.416000
5.416000
5.416000
5.416000
5.416000
5.416000
5.416000
5.416000
5.416000
5.416000
5.416000
5.416000
5.653000
5.653000
5.653000
5.653000
5.653000
5.653000
5.653000
5.653000
5.653000
5.653000
5.890000
5.890000
5.890000
5.890000
5.890000
5.890000
5.890000
6.127000
6.127000
6.127000
6.127000
6.127000
6.127000
6.127000
6.127000
6.364000
6.364000
6.364000
6.364000
6.364000
6.364000
6.364000
6.364000
6.364000
6.364000
6.364000
6.364000
6.601000
6.601000
6.601000
6.601000
6.601000
6.601000
6.601000
6.839000
6.839000
6.839000
6.839000
6.839000
6.839000
6.839000
6.839000
6.839000
6.839000
7.076000
7.076000
7.076000
7.076000
7.076000
7.076000
7.076000
7.076000
7.313000
7.313000
7.313000
7.313000
7.313000
7.313000
7.550000
7.550000
7.550000
7.550000
7.550000
7.787000
7.787000
7.787000
7.787000
7.787000
7.787000
7.787000
8.024000
8.024000
8.024000
8.024000
8.024000
8.024000
8.024000
8.024000
8.024000
8.024000
8.024000
8.024000
8.024000
8.024000
8.024000
8.261000
8.261000
8.261000
8.261000
8.261000
8.261000
8.498000
8.498000
8.498000
8.498000
8.498000
8.498000
8.736000
8.736000
8.736000
8.736000
8.736000
8.736000
8.736000
8.736000
8.736000
8.736000
8.736000
8.736000
8.973000
8.973000
8.973000
8.973000
8.973000
8.973000
8.973000
8.973000
8.973000
8.973000
9.210000
9.210000
9.210000
9.210000
9.210000
9.210000
9.210000
9.210000
9.210000
9.447000
9.447000
9.447000
9.447000
9.447000
9.684000
9.684000
9.684000
9.684000
9.684000
9.684000
9.684000
9.921000
9.921000
9.921000
9.921000
9.921000
9.921000
9.921000
9.921000
9.921000
9.921000
9.921000
10.160000
10.160000
10.160000
10.160000
10.160000
10.400000
10.400000
10.400000
10.400000
10.400000
10.400000
10.400000
10.400000
10.400000
10.400000
10.630000
10.630000
10.630000
10.630000
10.630000
10.630000
10.630000
10.630000
10.630000
10.630000
10.630000
10.630000
10.870000
10.870000
10.870000
10.870000
10.870000
10.870000
10.870000
10.870000
10.870000
10.870000
10.870000
10.870000
10.870000
10.870000
11.110000
11.110000
11.110000
11.110000
11.110000
11.110000
11.340000
11.340000
11.340000
11.340000
11.340000
11.340000
11.340000
11.340000
11.340000
11.340000
11.340000
11.340000
11.340000
11.580000
11.580000
11.580000
11.580000
11.580000
11.580000
11.580000
11.580000
11.580000
11.580000
11.580000
11.580000
11.820000
11.820000
11.820000
11.820000
11.820000
11.820000
11.820000
11.820000
11.820000
11.820000
11.820000
11.820000
11.820000
12.060000
12.060000
12.060000
12.060000
12.060000
12.060000
12.060000
12.060000
12.060000
12.060000
12.060000
12.060000
12.060000
12.060000
12.290000
12.290000
12.290000
12.290000
12.290000
12.290000
12.290000
12.290000
12.290000
12.290000
12.290000
12.290000
12.290000
12.530000
12.530000
12.530000
12.530000
12.530000
12.530000
12.530000
12.530000
12.530000
12.530000
12.530000
12.530000
12.770000
12.770000
12.770000
12.770000
12.770000
12.770000
12.770000
12.770000
13.000000
13.000000
13.000000
13.000000
13.000000
13.000000
13.000000
13.000000
13.000000
13.000000
13.000000
13.240000
13.240000
13.240000
13.240000
13.240000
13.240000
13.480000
13.480000
13.480000
13.480000
13.480000
13.480000
13.480000
13.480000
13.480000
13.480000
13.480000
13.480000
13.720000
13.720000
13.720000
13.720000
13.720000
13.720000
13.720000
13.720000
13.720000
13.720000
13.950000
13.950000
13.950000
13.950000
13.950000
13.950000
13.950000
13.950000
13.950000
13.950000
13.950000
13.950000
13.950000
13.950000
13.950000
13.950000
15.790000
15.790000
15.790000
15.790000
15.790000
15.790000
15.790000
15.790000
15.790000
17.629999
17.629999
17.629999
17.629999
17.629999
17.629999
17.629999
19.469999
19.469999
19.469999
19.469999
19.469999
19.469999
19.469999
19.469999
19.469999
19.469999
19.469999
19.469999
19.469999
21.309999
21.309999
21.309999
21.309999
21.309999
21.309999
21.309999
21.309999
21.309999
22.690001
22.690001
22.690001
22.690001
22.690001
22.690001
22.690001
22.690001
