0.000000
0.000000
0.000000
0.000000
0.000000
0.000000
0.000000
0.000000
0.000000
0.000000
0.000000
0.000000
0.000000
0.000000
0.000000
0.000000
0.000000
0.000000
0.000000
0.000000
0.000000
0.000000
0.000000
0.000000
0.000000
0.000000
0.000000
0.000000
0.000000
0.000000
0.000000
0.000000
0.000000
0.000000
0.000000
0.000000
0.000000
0.000000
0.000000
0.000000
0.000000
0.000000
0.000000
0.000000
0.000000
0.000000
0.000000
0.000985
0.000985
0.000985
0.000985
0.000985
0.000985
0.019060
0.019060
0.019060
0.019060
0.019060
0.019060
0.019060
0.019060
0.037130
0.037130
0.037130
0.037130
0.055210
0.055210
0.055210
0.055210
0.055210
0.055210
0.055210
0.055210
0.055210
0.055210
0.055210
0.055210
0.055210
0.073280
0.073280
0.073280
0.073280
0.073280
0.073280
0.073280
0.073280
0.091350
0.091350
0.091350
0.091350
0.091350
0.091350
0.091350
0.091350
0.091350
0.091350
0.091350
0.091350
0.091350
0.091350
0.091350
0.109400
0.109400
0.109400
0.109400
0.109400
0.109400
0.109400
0.109400
0.127500
0.127500
0.127500
0.127500
0.127500
0.127500
0.145600
0.145600
0.145600
0.145600
0.145600
0.145600
0.145600
0.145600
0.145600
0.145600
0.145600
0.145600
0.163600
0.163600
0.163600
0.163600
0.163600
0.163600
0.163600
0.163600
0.163600
0.163600
0.163600
0.163600
0.181700
0.181700
0.181700
0.181700
0.181700
0.181700
0.181700
0.181700
0.181700
0.181700
0.181700
0.199800
0.199800
0.199800
0.199800
0.199800
0.199800
0.199800
0.199800
0.217900
0.217900
0.217900
0.217900
0.217900
0.217900
0.217900
0.217900
0.217900
0.217900
0.217900
0.235900
0.235900
0.235900
0.235900
0.235900
0.235900
0.235900
0.254000
0.254000
0.254000
0.254000
0.254000
0.254000
0.254000
0.272100
0.272100
0.272100
0.272100
0.272100
0.272100
0.272100
0.272100
0.272100
0.290200
0.290200
0.290200
0.290200
0.290200
0.290200
0.290200
0.290200
0.290200
0.308200
0.308200
0.308200
0.308200
0.308200
0.308200
0.308200
0.308200
0.308200
0.308200
0.308200
0.308200
0.308200
0.308200
0.326300
0.326300
0.326300
0.326300
0.326300
0.326300
0.326300
0.326300
0.326300
0.326300
0.326300
0.326300
0.326300
0.326300
0.344400
0.344400
0.344400
0.344400
0.344400
0.344400
0.344400
0.344400
0.344400
0.344400
0.344400
0.344400
0.362500
0.362500
0.362500
0.362500
0.362500
0.362500
0.362500
0.362500
0.380500
0.380500
0.380500
0.380500
0.380500
0.398600
0.398600
0.398600
0.398600
0.398600
0.398600
0.398600
0.398600
0.398600
0.398600
0.398600
0.416700
0.416700
0.416700
0.416700
0.416700
0.416700
0.434800
0.434800
0.434800
0.434800
0.434800
0.434800
0.434800
0.452800
0.452800
0.452800
0.452800
0.452800
0.452800
0.452800
0.452800
0.452800
0.470900
0.470900
0.470900
0.470900
0.470900
0.470900
0.470900
0.470900
0.470900
0.470900
0.470900
0.470900
0.470900
0.470900
0.489000
0.489000
0.489000
0.489000
0.489000
0.489000
0.489000
0.489000
0.489000
0.489000
0.489000
0.489000
0.489000
0.489000
0.489000
0.489000
0.489000
0.507100
0.507100
0.507100
0.507100
0.507100
0.507100
0.507100
0.507100
0.507100
0.507100
0.507100
0.507100
0.525100
0.525100
0.525100
0.525100
0.525100
0.525100
0.525100
0.525100
0.525100
0.525100
0.525100
0.525100
0.525100
0.543200
0.543200
0.543200
0.543200
0.543200
0.543200
0.561300
0.561300
0.561300
0.561300
0.561300
0.561300
0.579300
0.579300
0.579300
0.579300
0.579300
0.579300
0.579300
0.579300
0.597400
0.597400
0.597400
0.597400
0.597400
0.597400
0.597400
0.597400
0.597400
0.597400
0.597400
0.615500
0.615500
0.615500
0.615500
0.615500
0.615500
0.615500
0.615500
0.615500
0.615500
0.633600
0.633600
0.633600
0.633600
0.633600
0.633600
0.633600
0.633600
0.633600
0.633600
0.651600
0.651600
0.651600
0.651600
0.651600
0.651600
0.651600
0.651600
0.651600
0.651600
0.651600
0.669700
0.669700
0.669700
0.669700
0.669700
0.669700
0.669700
0.669700
0.669700
0.669700
0.669700
0.669700
0.687800
0.687800
0.687800
0.687800
0.687800
0.687800
0.687800
0.687800
0.687800
0.687800
0.687800
0.705900
0.705900
0.705900
0.705900
0.705900
0.705900
0.705900
0.705900
0.705900
0.705900
0.705900
0.705900
0.705900
0.705900
0.723900
0.723900
0.723900
0.723900
0.742000
0.742000
0.742000
0.742000
0.742000
0.742000
0.742000
0.742000
0.742000
0.742000
0.760100
0.760100
0.760100
0.760100
0.760100
0.760100
0.760100
0.760100
0.760100
0.760100
0.760100
0.760100
0.760100
0.778200
0.778200
0.778200
0.778200
0.778200
0.778200
0.778200
0.778200
0.778200
0.778200
0.796200
0.796200
0.796200
0.796200
0.796200
0.796200
0.796200
0.796200
0.796200
0.814300
0.814300
0.814300
0.814300
0.814300
0.814300
1.024000
1.024000
1.024000
1.024000
1.024000
1.024000
1.024000
1.024000
1.024000
1.024000
1.024000
1.234000
1.234000
1.234000
1.234000
1.234000
1.234000
1.234000
1.234000
1.234000
1.234000
1.443000
1.443000
1.443000
1.443000
1.443000
1.443000
1.443000
1.443000
1.443000
1.443000
1.443000
1.653000
1.653000
1.653000
1.653000
1.653000
1.653000
1.653000
1.653000
1.653000
1.863000
1.863000
1.863000
1.863000
1.863000
1.863000
1.863000
1.863000
1.863000
2.072000
2.072000
2.072000
2.072000
2.072000
2.282000
2.282000
2.282000
2.282000
2.282000
2.282000
2.492000
2.492000
2.492000
2.492000
2.492000
2.702000
2.702000
2.702000
2.702000
2.702000
2.702000
2.702000
2.702000
2.702000
2.702000
2.702000
2.702000
2.911000
2.911000
2.911000
2.911000
2.911000
2.911000
2.911000
2.911000
2.911000
2.911000
2.911000
3.121000
3.121000
3.121000
3.121000
3.121000
3.121000
3.121000
3.121000
3.121000
3.121000
3.121000
3.121000
3.121000
3.331000
3.331000
3.331000
3.331000
3.331000
3.331000
3.331000
3.331000
3.331000
3.540000
3.540000
3.540000
3.750000
3.750000
3.750000
3.750000
3.750000
3.750000
3.750000
3.750000
3.960000
3.960000
3.960000
3.960000
3.960000
3.960000
3.960000
3.960000
3.960000
3.960000
4.169000
4.169000
4.169000
4.169000
4.169000
4.169000
4.169000
4.169000
4.169000
4.169000
4.169000
4.169000
4.169000
4.169000
4.379000
4.379000
4.379000
4.379000
4.379000
4.379000
4.379000
4.589000
4.589000
4.589000
4.589000
4.589000
4.589000
4.589000
4.798000
4.798000
4.798000
4.798000
4.798000
4.798000
4.798000
4.798000
4.798000
4.798000
4.798000
4.798000
4.798000
4.798000
5.008000
5.008000
5.008000
5.008000
5.008000
5.008000
5.008000
5.008000
5.008000
5.008000
5.008000
5.008000
5.008000
5.218000
5.218000
5.218000
5.218000
5.218000
5.218000
5.218000
5.218000
5.428000
5.428000
5.428000
5.428000
5.428000
5.428000
5.428000
5.428000
5.428000
5.428000
5.428000
5.637000
5.637000
5.637000
5.637000
5.637000
5.637000
5.637000
5.637000
5.637000
5.637000
5.637000
5.637000
5.637000
5.847000
5.847000
5.847000
5.847000
5.847000
5.847000
5.847000
5.847000
5.847000
6.057000
6.057000
6.057000
6.057000
6.057000
6.057000
6.057000
6.057000
6.057000
6.057000
6.057000
6.266000
6.266000
6.266000
6.266000
6.266000
6.266000
6.266000
6.266000
6.266000
6.266000
6.266000
6.266000
6.266000
6.476000
6.476000
6.476000
6.476000
6.476000
6.476000
6.476000
6.476000
6.476000
6.476000
6.476000
6.476000
6.476000
6.686000
6.686000
6.686000
6.686000
6.686000
6.686000
6.686000
6.686000
6.686000
6.895000
6.895000
6.895000
6.895000
6.895000
6.895000
6.895000
6.895000
6.895000
6.895000
7.105000
7.105000
7.105000
7.315000
7.315000
7.315000
7.315000
7.315000
7.315000
7.315000
7.315000
7.315000
7.315000
7.315000
7.315000
7.315000
7.524000
7.524000
7.524000
7.524000
7.524000
7.524000
7.524000
7.524000
7.524000
7.524000
7.524000
7.524000
7.524000
7.734000
7.734000
7.734000
7.734000
7.734000
7.734000
7.734000
7.734000
7.734000
7.734000
7.734000
7.944000
7.944000
7.944000
7.944000
7.944000
7.944000
7.944000
7.944000
7.944000
7.944000
7.944000
8.154000
8.154000
8.154000
8.154000
8.154000
8.154000
8.154000
8.154000
8.154000
8.154000
8.363000
8.363000
8.363000
8.363000
8.363000
8.363000
8.363000
8.573000
8.573000
8.573000
8.573000
8.573000
8.783000
8.783000
8.783000
8.783000
8.783000
8.783000
8.783000
8.783000
8.783000
8.783000
8.783000
8.992000
8.992000
8.992000
8.992000
8.992000
8.992000
8.992000
8.992000
8.992000
8.992000
9.202000
9.202000
9.202000
9.202000
9.412000
9.412000
9.412000
9.412000
9.412000
9.412000
9.412000
9.412000
9.412000
9.621000
9.621000
9.621000
9.621000
9.621000
9.621000
9.621000
9.621000
9.621000
9.621000
9.621000
9.621000
9.621000
9.621000
9.621000
9.621000
9.831000
9.831000
9.831000
9.831000
9.831000
9.831000
9.831000
9.831000
9.831000
9.831000
9.831000
9.831000
9.831000
9.831000
10.040000
10.040000
10.040000
10.040000
10.040000
10.040000
10.040000
10.040000
10.040000
10.040000
10.040000
10.040000
10.250000
10.250000
10.250000
10.250000
10.250000
10.250000
10.250000
10.250000
10.250000
10.250000
10.250000
10.250000
10.250000
10.250000
10.250000
14.430000
14.430000
14.430000
14.430000
14.430000
14.430000
14.430000
14.430000
14.430000
18.610001
18.610001
18.610001
18.610001
18.610001
18.610001
18.610001
18.610001
18.610001
18.610001
18.610001
18.610001
18.610001
18.610001
18.610001
18.610001
18.610001
18.610001
22.790001
22.790001
22.790001
22.790001
22.790001
22.790001
22.790001
22.790001
26.980000
26.980000
26.980000
26.980000
26.980000
26.980000
26.980000
26.980000
26.980000
30.110001
30.110001
30.110001
30.110001
30.110001
30.110001
30.110001
30.110001
30.110001
30.110001
30.110001
30.110001
30.110001
30.110001
