0.000000
0.000000
0.000000
0.000000
0.000000
0.000000
0.000000
0.000000
0.000000
0.000000
0.000000
0.000000
0.000000
0.000000
0.000000
0.000000
0.000000
0.000000
0.000000
0.000000
0.000000
0.000000
0.000000
0.000000
0.000000
0.000000
0.000000
0.000000
0.000000
0.000000
0.000000
0.000000
0.000000
0.000000
0.000000
0.000000
0.000000
0.000000
0.000000
0.000000
0.000000
0.000000
0.000000
0.000000
0.000000
0.000000
0.000000
0.000000
0.000000
0.000000
0.000000
0.000000
0.000000
0.000000
0.000000
0.000000
0.000000
1.050000
1.050000
1.050000
1.050000
1.050000
1.050000
1.050000
1.050000
1.050000
1.050000
1.050000
1.050000
1.050000
1.245000
1.245000
1.245000
1.245000
1.245000
1.245000
1.245000
1.245000
1.245000
1.245000
1.245000
1.245000
1.245000
1.245000
1.440000
1.440000
1.440000
1.440000
1.440000
1.440000
1.440000
1.440000
1.440000
1.440000
1.635000
1.635000
1.635000
1.635000
1.635000
1.635000
1.635000
1.635000
1.635000
1.635000
1.830000
1.830000
1.830000
1.830000
1.830000
1.830000
1.830000
1.830000
1.830000
2.025000
2.025000
2.025000
2.025000
2.025000
2.025000
2.025000
2.025000
2.220000
2.220000
2.220000
2.220000
2.220000
2.220000
2.220000
2.220000
2.220000
2.220000
2.220000
2.415000
2.415000
2.415000
2.415000
2.415000
2.415000
2.415000
2.610000
2.610000
2.610000
2.610000
2.610000
2.610000
2.610000
2.610000
2.610000
2.610000
2.805000
2.805000
2.805000
2.805000
2.805000
2.805000
2.805000
2.805000
2.805000
2.805000
2.805000
2.805000
2.805000
2.999000
2.999000
2.999000
2.999000
2.999000
2.999000
2.999000
2.999000
2.999000
3.194000
3.194000
3.194000
3.194000
3.194000
3.194000
3.389000
3.389000
3.389000
3.389000
3.389000
3.389000
3.389000
3.389000
3.389000
3.389000
3.389000
3.389000
3.389000
3.584000
3.584000
3.584000
3.584000
3.584000
3.584000
3.584000
3.779000
3.779000
3.779000
3.779000
3.779000
3.779000
3.974000
3.974000
3.974000
3.974000
3.974000
3.974000
3.974000
4.169000
4.169000
4.169000
4.169000
4.169000
4.169000
4.169000
4.169000
4.169000
4.169000
4.169000
4.364000
4.364000
4.364000
4.364000
4.364000
4.364000
4.364000
4.559000
4.559000
4.559000
4.559000
4.559000
4.559000
4.559000
4.754000
4.754000
4.754000
4.754000
4.754000
4.754000
4.754000
4.754000
4.754000
4.754000
4.754000
4.949000
4.949000
4.949000
4.949000
4.949000
4.949000
4.949000
4.949000
4.949000
4.949000
4.949000
4.949000
4.949000
5.144000
5.144000
5.144000
5.144000
5.144000
5.144000
5.144000
5.339000
5.339000
5.339000
5.339000
5.339000
5.339000
5.339000
5.339000
5.534000
5.534000
5.534000
5.534000
5.534000
5.534000
5.534000
5.534000
5.534000
5.728000
5.728000
5.728000
5.728000
5.728000
5.728000
5.728000
5.728000
5.923000
5.923000
5.923000
5.923000
5.923000
6.118000
6.118000
6.118000
6.118000
6.118000
6.118000
6.118000
6.118000
6.118000
6.118000
6.118000
6.118000
6.118000
6.118000
6.313000
6.313000
6.313000
6.313000
6.313000
6.508000
6.508000
6.508000
6.508000
6.508000
6.508000
6.508000
6.508000
6.508000
6.508000
6.508000
6.508000
6.508000
6.508000
6.703000
6.703000
6.703000
6.703000
6.703000
6.703000
6.703000
6.703000
6.703000
6.898000
6.898000
6.898000
6.898000
6.898000
6.898000
6.898000
6.898000
6.898000
6.898000
6.898000
6.898000
6.898000
7.093000
7.093000
7.093000
7.093000
7.093000
7.093000
7.093000
7.093000
7.093000
7.093000
7.288000
7.288000
7.288000
7.288000
7.288000
7.288000
7.483000
7.483000
7.483000
7.483000
7.483000
7.483000
7.483000
7.483000
7.483000
7.483000
7.678000
7.678000
7.678000
7.678000
7.678000
7.873000
7.873000
7.873000
7.873000
7.873000
7.873000
7.873000
7.873000
7.873000
7.873000
7.873000
7.873000
7.873000
7.873000
8.068000
8.068000
8.068000
8.068000
8.068000
8.068000
8.068000
8.068000
8.068000
8.068000
8.068000
8.263000
8.263000
8.263000
8.263000
8.263000
8.263000
8.263000
8.263000
8.263000
8.263000
8.263000
8.458000
8.458000
8.458000
8.458000
8.458000
8.458000
8.458000
8.458000
8.652000
8.652000
8.652000
8.652000
8.652000
8.652000
8.652000
8.652000
8.652000
8.652000
8.652000
8.652000
8.652000
8.652000
8.847000
8.847000
8.847000
8.847000
8.847000
8.847000
8.847000
8.847000
8.847000
9.042000
9.042000
9.042000
9.042000
9.042000
9.237000
9.237000
9.237000
9.237000
9.237000
9.237000
9.237000
9.237000
9.237000
9.237000
9.237000
9.432000
9.432000
9.432000
9.432000
9.432000
9.432000
9.432000
9.432000
9.432000
9.627000
9.627000
9.627000
9.627000
9.627000
9.627000
9.627000
9.627000
9.822000
9.822000
9.822000
9.822000
9.822000
9.822000
10.710000
10.710000
10.710000
10.710000
10.710000
10.710000
10.710000
10.710000
10.710000
10.710000
11.600000
11.600000
11.600000
11.600000
11.600000
11.600000
11.600000
11.600000
11.600000
11.600000
12.490000
12.490000
12.490000
12.490000
12.490000
12.490000
12.490000
12.490000
13.380000
13.380000
13.380000
13.380000
13.380000
13.380000
13.380000
13.380000
13.380000
13.380000
14.260000
14.260000
14.260000
14.260000
14.260000
14.260000
14.260000
14.260000
14.260000
14.260000
14.260000
14.260000
14.260000
15.150000
15.150000
15.150000
15.150000
15.150000
15.150000
15.150000
15.150000
15.150000
15.150000
15.150000
15.150000
15.150000
16.040001
16.040001
16.040001
16.040001
16.040001
16.040001
16.040001
16.040001
16.040001
16.040001
16.040001
16.930000
16.930000
16.930000
16.930000
16.930000
16.930000
16.930000
16.930000
16.930000
16.930000
17.820000
17.820000
17.820000
17.820000
17.820000
17.820000
17.820000
17.820000
17.820000
17.820000
17.820000
18.709999
18.709999
18.709999
18.709999
18.709999
18.709999
18.709999
18.709999
18.709999
19.590000
19.590000
19.590000
19.590000
19.590000
19.590000
19.590000
19.590000
19.590000
20.480000
20.480000
20.480000
20.480000
20.480000
20.480000
20.480000
20.480000
20.480000
21.370001
21.370001
21.370001
21.370001
21.370001
21.370001
22.260000
22.260000
22.260000
22.260000
22.260000
22.260000
22.260000
23.150000
23.150000
23.150000
23.150000
23.150000
23.150000
23.150000
23.150000
23.150000
23.150000
23.150000
24.040001
24.040001
24.040001
24.040001
24.040001
24.040001
24.040001
24.040001
24.040001
24.040001
24.040001
24.920000
24.920000
24.920000
24.920000
24.920000
24.920000
24.920000
24.920000
24.920000
24.920000
24.920000
24.920000
25.809999
25.809999
25.809999
25.809999
25.809999
25.809999
25.809999
25.809999
25.809999
25.809999
26.700001
26.700001
26.700001
26.700001
26.700001
26.700001
26.700001
26.700001
27.590000
27.590000
27.590000
27.590000
27.590000
27.590000
27.590000
27.590000
27.590000
27.590000
28.480000
28.480000
28.480000
28.480000
28.480000
28.480000
28.480000
29.370001
29.370001
29.370001
29.370001
29.370001
29.370001
29.370001
29.370001
29.370001
29.370001
29.370001
29.370001
29.370001
30.260000
30.260000
30.260000
30.260000
30.260000
30.260000
30.260000
30.260000
30.260000
30.260000
31.139999
31.139999
31.139999
31.139999
31.139999
31.139999
31.139999
31.139999
31.139999
31.139999
32.029999
32.029999
32.029999
32.029999
32.029999
32.029999
32.029999
32.029999
32.029999
32.919998
32.919998
32.919998
32.919998
32.919998
32.919998
32.919998
32.919998
33.810001
33.810001
33.810001
33.810001
33.810001
33.810001
33.810001
33.810001
33.810001
33.810001
33.810001
33.810001
33.810001
34.700001
34.700001
34.700001
34.700001
34.700001
34.700001
34.700001
34.700001
34.700001
34.700001
35.590000
35.590000
35.590000
35.590000
35.590000
35.590000
35.590000
35.590000
35.590000
35.590000
35.590000
36.470001
36.470001
36.470001
36.470001
36.470001
36.470001
36.470001
36.470001
36.470001
37.360001
37.360001
37.360001
37.360001
37.360001
37.360001
37.360001
37.360001
37.360001
37.360001
37.360001
38.250000
38.250000
38.250000
38.250000
38.250000
38.250000
38.250000
38.250000
38.250000
39.139999
39.139999
39.139999
39.139999
39.139999
39.139999
39.139999
39.139999
39.139999
39.139999
39.139999
39.139999
40.029999
40.029999
40.029999
40.029999
40.029999
40.029999
40.029999
40.029999
40.029999
40.029999
40.029999
40.029999
40.029999
40.029999
40.919998
40.919998
40.919998
40.919998
40.919998
40.919998
40.919998
40.919998
40.919998
40.919998
40.919998
40.919998
40.919998
40.919998
40.919998
40.919998
40.919998
40.919998
40.919998
41.799999
41.799999
41.799999
41.799999
41.799999
41.799999
41.799999
41.799999
41.799999
42.689999
42.689999
42.689999
42.689999
42.689999
42.689999
42.689999
42.689999
42.689999
43.580002
43.580002
43.580002
43.580002
43.580002
43.580002
43.580002
43.580002
43.580002
43.580002
43.580002
43.580002
43.580002
43.580002
43.580002
44.470001
44.470001
44.470001
44.470001
44.470001
44.470001
44.470001
44.470001
44.470001
45.360001
45.360001
45.360001
45.360001
45.360001
45.360001
45.360001
45.360001
45.360001
46.250000
46.250000
46.250000
46.250000
46.250000
46.250000
46.250000
47.130001
47.130001
47.130001
47.130001
47.130001
48.020000
48.020000
48.020000
48.020000
48.020000
48.020000
48.020000
48.020000
48.020000
48.020000
48.020000
48.020000
48.020000
48.020000
48.910000
48.910000
48.910000
48.910000
48.910000
48.910000
48.910000
48.910000
48.910000
48.910000
48.910000
48.910000
49.799999
49.799999
49.799999
49.799999
49.799999
49.799999
49.799999
49.799999
62.169998
62.169998
62.169998
62.169998
62.169998
62.169998
62.169998
62.169998
74.550003
74.550003
74.550003
74.550003
74.550003
74.550003
74.550003
74.550003
74.550003
74.550003
74.550003
74.550003
74.550003
74.550003
74.550003
86.919998
86.919998
86.919998
86.919998
86.919998
86.919998
86.919998
86.919998
99.300003
99.300003
99.300003
99.300003
99.300003
99.300003
99.300003
99.300003
108.599998
108.599998
108.599998
108.599998
108.599998
108.599998
108.599998
108.599998
108.599998
108.599998
108.599998
108.599998
108.599998
