0.000000
0.000000
0.000000
0.000000
0.000000
0.000000
0.000000
0.000000
0.000000
0.000000
0.000000
0.000000
0.000000
0.000000
0.000000
0.000000
0.000000
0.000000
0.000000
0.000000
0.000000
0.000000
0.000000
0.000000
0.000000
0.000000
0.000000
0.000000
0.000000
0.000000
0.000000
0.000000
0.000000
0.000000
0.000000
0.000000
0.000000
0.000000
0.000000
0.000000
0.000000
0.000000
0.000000
0.000000
0.000000
0.000000
0.000000
0.000000
0.000000
0.000000
0.000000
0.000000
0.000000
0.000000
0.000000
0.000000
0.000000
0.000000
0.000000
0.148300
0.148300
0.148300
0.148300
0.148300
0.148300
0.148300
0.148300
0.148300
0.294200
0.294200
0.294200
0.294200
0.294200
0.294200
0.294200
0.294200
0.440000
0.440000
0.440000
0.440000
0.440000
0.440000
0.440000
0.440000
0.585900
0.585900
0.585900
0.585900
0.585900
0.585900
0.585900
0.585900
0.585900
0.585900
0.585900
0.585900
0.585900
0.585900
0.585900
0.585900
0.731700
0.731700
0.731700
0.731700
0.731700
0.877500
0.877500
0.877500
0.877500
0.877500
0.877500
1.023000
1.023000
1.023000
1.023000
1.023000
1.023000
1.023000
1.169000
1.169000
1.169000
1.169000
1.169000
1.169000
1.169000
1.169000
1.169000
1.169000
1.169000
1.315000
1.315000
1.315000
1.315000
1.315000
1.315000
1.461000
1.461000
1.461000
1.461000
1.461000
1.461000
1.461000
1.461000
1.461000
1.461000
1.461000
1.461000
1.607000
1.607000
1.607000
1.607000
1.607000
1.607000
1.607000
1.753000
1.753000
1.753000
1.753000
1.753000
1.898000
1.898000
1.898000
1.898000
1.898000
1.898000
1.898000
1.898000
1.898000
2.044000
2.044000
2.044000
2.044000
2.044000
2.044000
2.044000
2.044000
2.044000
2.044000
2.044000
2.190000
2.190000
2.190000
2.190000
2.190000
2.190000
2.190000
2.190000
2.190000
2.190000
2.190000
2.190000
2.190000
2.336000
2.336000
2.336000
2.336000
2.336000
2.336000
2.482000
2.482000
2.482000
2.482000
2.482000
2.482000
2.482000
2.482000
2.482000
2.482000
2.482000
2.482000
2.482000
2.482000
2.482000
2.628000
2.628000
2.628000
2.628000
2.628000
2.628000
2.628000
2.628000
2.628000
2.628000
2.628000
2.628000
2.773000
2.773000
2.773000
2.773000
2.773000
2.773000
2.773000
2.773000
2.773000
2.773000
2.773000
2.773000
2.773000
2.773000
2.919000
2.919000
2.919000
2.919000
2.919000
2.919000
2.919000
2.919000
3.065000
3.065000
3.065000
3.065000
3.065000
3.065000
3.065000
3.065000
3.065000
3.065000
3.065000
3.065000
3.211000
3.211000
3.211000
3.211000
3.211000
3.211000
3.211000
3.357000
3.357000
3.357000
3.357000
3.357000
3.357000
3.357000
3.357000
3.357000
3.357000
3.357000
3.357000
3.357000
3.357000
3.503000
3.503000
3.503000
3.503000
3.503000
3.503000
3.503000
3.503000
3.503000
3.648000
3.648000
3.648000
3.648000
3.648000
3.648000
3.648000
3.794000
3.794000
3.794000
3.794000
3.794000
3.794000
3.794000
3.794000
3.794000
3.794000
3.794000
3.794000
3.794000
3.940000
3.940000
3.940000
3.940000
3.940000
3.940000
3.940000
3.940000
3.940000
3.940000
4.086000
4.086000
4.086000
4.086000
4.086000
4.086000
4.086000
4.086000
4.086000
4.086000
4.232000
4.232000
4.232000
4.232000
4.232000
4.232000
4.232000
4.232000
4.232000
4.232000
4.378000
4.378000
4.378000
4.378000
4.378000
4.378000
4.378000
4.378000
4.378000
4.378000
4.378000
4.378000
4.523000
4.523000
4.523000
4.523000
4.523000
4.523000
4.523000
4.523000
4.523000
4.523000
4.523000
4.523000
4.523000
4.523000
4.523000
4.523000
4.523000
4.669000
4.669000
4.669000
4.669000
4.669000
4.669000
4.669000
4.669000
4.669000
4.669000
4.815000
4.815000
4.815000
4.815000
4.815000
4.815000
4.815000
4.961000
4.961000
4.961000
4.961000
4.961000
4.961000
4.961000
4.961000
4.961000
4.961000
5.107000
5.107000
5.107000
5.107000
5.107000
5.107000
5.107000
5.253000
5.253000
5.253000
5.253000
5.253000
5.253000
5.399000
5.399000
5.399000
5.399000
5.399000
5.399000
5.399000
5.399000
5.399000
5.399000
5.399000
5.399000
5.544000
5.544000
5.544000
5.544000
5.544000
5.544000
5.544000
5.690000
5.690000
5.690000
5.690000
5.690000
5.690000
5.690000
5.690000
5.690000
5.690000
5.690000
5.836000
5.836000
5.836000
5.836000
5.836000
5.836000
5.836000
5.836000
5.836000
5.982000
5.982000
5.982000
5.982000
5.982000
5.982000
5.982000
5.982000
5.982000
5.982000
5.982000
5.982000
5.982000
6.128000
6.128000
6.128000
6.128000
6.128000
6.128000
6.128000
6.128000
6.128000
6.128000
6.128000
6.128000
6.128000
6.128000
6.128000
6.274000
6.274000
6.274000
6.274000
6.274000
6.274000
6.419000
6.419000
6.419000
6.419000
6.419000
6.419000
6.419000
6.419000
6.419000
6.565000
6.565000
6.565000
6.565000
6.565000
6.565000
6.565000
6.565000
6.565000
6.565000
6.565000
6.565000
6.711000
6.711000
6.711000
6.711000
6.711000
6.711000
6.711000
6.711000
6.711000
6.711000
7.385000
7.385000
7.385000
7.385000
7.385000
7.385000
7.385000
7.385000
7.385000
8.058000
8.058000
8.058000
8.058000
8.058000
8.058000
8.058000
8.058000
8.058000
8.058000
8.058000
8.058000
8.058000
8.058000
8.732000
8.732000
8.732000
8.732000
8.732000
8.732000
8.732000
8.732000
8.732000
8.732000
8.732000
9.406000
9.406000
9.406000
9.406000
9.406000
9.406000
9.406000
9.406000
9.406000
9.406000
9.406000
9.406000
10.080000
10.080000
10.080000
10.080000
10.080000
10.080000
10.080000
10.080000
10.080000
10.080000
10.080000
10.080000
10.080000
10.080000
10.750000
10.750000
10.750000
10.750000
10.750000
10.750000
10.750000
10.750000
10.750000
10.750000
10.750000
10.750000
11.430000
11.430000
11.430000
11.430000
11.430000
11.430000
11.430000
11.430000
11.430000
11.430000
11.430000
12.100000
12.100000
12.100000
12.100000
12.100000
12.100000
12.100000
12.100000
12.770000
12.770000
12.770000
12.770000
12.770000
12.770000
12.770000
12.770000
12.770000
12.770000
12.770000
12.770000
13.450000
13.450000
13.450000
13.450000
13.450000
13.450000
14.120000
14.120000
14.120000
14.120000
14.120000
14.120000
14.120000
14.800000
14.800000
14.800000
14.800000
14.800000
14.800000
14.800000
15.470000
15.470000
15.470000
15.470000
15.470000
15.470000
15.470000
15.470000
15.470000
15.470000
16.139999
16.139999
16.139999
16.139999
16.139999
16.139999
16.139999
16.139999
16.820000
16.820000
16.820000
16.820000
16.820000
16.820000
16.820000
16.820000
16.820000
16.820000
16.820000
16.820000
17.490000
17.490000
17.490000
17.490000
17.490000
17.490000
17.490000
18.160000
18.160000
18.160000
18.160000
18.160000
18.160000
18.160000
18.160000
18.160000
18.160000
18.160000
18.160000
18.840000
18.840000
18.840000
18.840000
18.840000
18.840000
18.840000
18.840000
18.840000
18.840000
18.840000
18.840000
19.510000
19.510000
19.510000
19.510000
19.510000
19.510000
20.180000
20.180000
20.180000
20.180000
20.180000
20.180000
20.180000
20.180000
20.180000
20.860001
20.860001
20.860001
20.860001
20.860001
20.860001
20.860001
20.860001
21.530001
21.530001
21.530001
21.530001
21.530001
21.530001
21.530001
21.530001
21.530001
21.530001
21.530001
21.530001
21.530001
21.530001
22.209999
22.209999
22.209999
22.209999
22.209999
22.209999
22.209999
22.879999
22.879999
22.879999
22.879999
22.879999
22.879999
22.879999
22.879999
22.879999
22.879999
22.879999
23.549999
23.549999
23.549999
23.549999
23.549999
23.549999
23.549999
24.230000
24.230000
24.230000
24.230000
24.230000
24.230000
24.230000
24.230000
24.900000
24.900000
24.900000
24.900000
24.900000
24.900000
24.900000
24.900000
24.900000
24.900000
24.900000
24.900000
24.900000
24.900000
24.900000
24.900000
24.900000
24.900000
25.570000
25.570000
25.570000
25.570000
25.570000
25.570000
25.570000
26.250000
26.250000
26.250000
26.250000
26.250000
26.250000
26.250000
26.250000
26.250000
26.250000
26.250000
26.250000
26.920000
26.920000
26.920000
26.920000
26.920000
26.920000
26.920000
26.920000
26.920000
26.920000
27.590000
27.590000
27.590000
27.590000
27.590000
28.270000
28.270000
28.270000
28.270000
28.270000
28.270000
28.270000
28.270000
28.270000
28.270000
28.270000
28.270000
28.270000
28.940001
28.940001
28.940001
28.940001
28.940001
28.940001
28.940001
28.940001
28.940001
28.940001
28.940001
28.940001
28.940001
28.940001
29.620001
29.620001
29.620001
29.620001
29.620001
29.620001
29.620001
29.620001
29.620001
29.620001
29.620001
29.620001
30.290001
30.290001
30.290001
30.290001
30.290001
30.290001
30.290001
30.959999
30.959999
30.959999
30.959999
30.959999
30.959999
30.959999
31.639999
31.639999
31.639999
31.639999
31.639999
31.639999
31.639999
31.639999
31.639999
32.310001
32.310001
32.310001
32.310001
32.310001
32.310001
32.980000
32.980000
32.980000
32.980000
32.980000
32.980000
32.980000
32.980000
32.980000
32.980000
32.980000
32.980000
32.980000
33.660000
33.660000
33.660000
33.660000
33.660000
33.660000
33.660000
33.660000
33.660000
33.660000
34.330002
34.330002
34.330002
34.330002
34.330002
34.330002
34.330002
34.330002
34.330002
34.330002
34.330002
35.000000
35.000000
35.000000
35.000000
35.000000
35.680000
35.680000
35.680000
35.680000
35.680000
36.349998
36.349998
36.349998
36.349998
36.349998
36.349998
36.349998
36.349998
36.349998
36.349998
36.349998
37.029999
37.029999
37.029999
37.029999
37.029999
37.029999
37.029999
37.029999
37.029999
37.029999
44.279999
44.279999
44.279999
44.279999
44.279999
44.279999
44.279999
51.540001
51.540001
51.540001
51.540001
51.540001
51.540001
51.540001
51.540001
58.799999
58.799999
58.799999
58.799999
58.799999
58.799999
58.799999
58.799999
58.799999
58.799999
58.799999
58.799999
58.799999
66.059998
66.059998
66.059998
66.059998
66.059998
66.059998
66.059998
66.059998
66.059998
66.059998
71.500000
71.500000
71.500000
71.500000
71.500000
71.500000
71.500000
71.500000
71.500000
71.500000
71.500000
