0.000000
0.000000
0.000000
0.000000
0.000000
0.000000
0.000000
0.000000
0.000000
0.000000
0.000000
0.000000
0.000000
0.000000
0.000000
0.000000
0.000000
0.000000
0.000000
0.000000
0.000000
0.000000
0.000000
0.000000
0.000000
0.000000
0.000000
0.000000
0.000000
0.000000
0.000000
0.000000
0.000000
0.000000
0.000000
0.000000
0.000000
0.000000
0.000000
0.000000
0.000000
0.000000
0.000000
0.000000
0.000000
0.000000
0.000000
0.000000
0.000000
0.000000
0.795500
0.795500
0.795500
0.795500
0.795500
0.795500
0.795500
0.795500
0.795500
0.795500
0.795500
0.795500
1.071000
1.071000
1.071000
1.071000
1.071000
1.071000
1.071000
1.071000
1.347000
1.347000
1.347000
1.347000
1.347000
1.347000
1.347000
1.347000
1.347000
1.347000
1.347000
1.347000
1.347000
1.623000
1.623000
1.623000
1.623000
1.623000
1.623000
1.623000
1.623000
1.899000
1.899000
1.899000
1.899000
1.899000
1.899000
1.899000
1.899000
2.175000
2.175000
2.175000
2.175000
2.175000
2.175000
2.175000
2.175000
2.451000
2.451000
2.451000
2.451000
2.451000
2.451000
2.451000
2.451000
2.451000
2.451000
2.727000
2.727000
2.727000
2.727000
2.727000
2.727000
2.727000
2.727000
2.727000
3.003000
3.003000
3.003000
3.003000
3.003000
3.003000
3.003000
3.003000
3.003000
3.278000
3.278000
3.278000
3.278000
3.278000
3.278000
3.278000
3.278000
3.554000
3.554000
3.554000
3.554000
3.554000
3.554000
3.554000
3.554000
3.830000
3.830000
3.830000
3.830000
3.830000
3.830000
3.830000
3.830000
3.830000
3.830000
3.830000
4.106000
4.106000
4.106000
4.106000
4.106000
4.106000
4.106000
4.106000
4.106000
4.106000
4.106000
4.106000
4.106000
4.106000
4.106000
4.106000
4.106000
4.382000
4.382000
4.382000
4.382000
4.382000
4.382000
4.382000
4.382000
4.382000
4.382000
4.382000
4.658000
4.658000
4.658000
4.658000
4.658000
4.658000
4.658000
4.658000
4.934000
4.934000
4.934000
4.934000
4.934000
4.934000
4.934000
4.934000
4.934000
4.934000
4.934000
4.934000
4.934000
4.934000
4.934000
5.210000
5.210000
5.210000
5.210000
5.210000
5.210000
5.210000
5.210000
5.210000
5.210000
5.210000
5.486000
5.486000
5.486000
5.486000
5.486000
5.762000
5.762000
5.762000
5.762000
5.762000
5.762000
5.762000
5.762000
6.037000
6.037000
6.037000
6.037000
6.037000
6.037000
6.037000
6.313000
6.313000
6.313000
6.313000
6.313000
6.313000
6.313000
6.313000
6.313000
6.313000
6.589000
6.589000
6.589000
6.589000
6.589000
6.589000
6.589000
6.589000
6.589000
6.589000
6.589000
6.589000
6.865000
6.865000
6.865000
6.865000
6.865000
6.865000
6.865000
6.865000
6.865000
6.865000
6.865000
6.865000
7.141000
7.141000
7.141000
7.141000
7.141000
7.141000
7.141000
7.417000
7.417000
7.417000
7.417000
7.417000
7.417000
7.417000
7.417000
7.417000
7.417000
7.417000
7.693000
7.693000
7.693000
7.693000
7.693000
7.693000
7.693000
7.693000
7.693000
7.969000
7.969000
7.969000
7.969000
7.969000
7.969000
7.969000
7.969000
7.969000
8.245000
8.245000
8.245000
8.245000
8.245000
8.245000
8.245000
8.520000
8.520000
8.520000
8.520000
8.520000
8.520000
8.520000
8.520000
8.520000
8.520000
8.796000
8.796000
8.796000
8.796000
8.796000
8.796000
8.796000
8.796000
8.796000
8.796000
8.796000
8.796000
8.796000
9.072000
9.072000
9.072000
9.072000
9.072000
9.072000
9.072000
9.072000
9.072000
9.072000
9.348000
9.348000
9.348000
9.348000
9.348000
9.348000
9.348000
9.348000
9.348000
9.348000
9.624000
9.624000
9.624000
9.624000
9.624000
9.624000
9.624000
9.624000
9.624000
9.624000
9.624000
9.624000
9.624000
9.624000
9.900000
9.900000
9.900000
9.900000
9.900000
9.900000
9.900000
9.900000
10.180000
10.180000
10.180000
10.180000
10.180000
10.180000
10.450000
10.450000
10.450000
10.450000
10.450000
10.450000
10.450000
10.450000
10.450000
10.450000
10.450000
10.450000
10.450000
10.450000
10.450000
10.730000
10.730000
10.730000
10.730000
10.730000
10.730000
10.730000
10.730000
10.730000
11.000000
11.000000
11.000000
11.000000
11.000000
11.000000
11.000000
11.000000
11.000000
11.000000
11.000000
11.000000
11.000000
11.000000
11.280000
11.280000
11.560000
11.560000
11.560000
11.560000
11.560000
11.560000
11.560000
11.560000
11.560000
11.560000
11.560000
11.830000
11.830000
11.830000
11.830000
11.830000
11.830000
11.830000
11.830000
11.830000
11.830000
11.830000
11.830000
12.110000
12.110000
12.110000
12.110000
12.110000
12.110000
12.110000
12.110000
12.110000
12.110000
12.380000
12.380000
12.380000
12.380000
12.380000
12.380000
12.380000
12.660000
12.660000
12.660000
12.660000
12.660000
12.660000
12.660000
12.660000
12.660000
12.930000
12.930000
12.930000
12.930000
12.930000
12.930000
12.930000
12.930000
12.930000
12.930000
12.930000
12.930000
12.930000
12.930000
12.930000
12.930000
12.930000
13.210000
13.210000
13.210000
13.210000
13.210000
13.210000
13.210000
13.210000
13.210000
13.210000
13.210000
13.210000
13.210000
13.210000
13.210000
14.510000
14.510000
14.510000
14.510000
14.510000
14.510000
14.510000
14.510000
14.510000
14.510000
14.510000
14.510000
15.800000
15.800000
15.800000
15.800000
15.800000
15.800000
15.800000
15.800000
15.800000
15.800000
15.800000
15.800000
15.800000
17.100000
17.100000
17.100000
17.100000
17.100000
17.100000
17.100000
17.100000
18.389999
18.389999
18.389999
18.389999
18.389999
18.389999
18.389999
18.389999
18.389999
18.389999
19.690001
19.690001
19.690001
19.690001
19.690001
19.690001
19.690001
19.690001
19.690001
19.690001
19.690001
19.690001
19.690001
20.980000
20.980000
20.980000
20.980000
20.980000
20.980000
20.980000
20.980000
20.980000
22.280001
22.280001
22.280001
22.280001
22.280001
22.280001
22.280001
22.280001
22.280001
23.570000
23.570000
23.570000
23.570000
23.570000
23.570000
23.570000
23.570000
23.570000
24.870001
24.870001
24.870001
24.870001
24.870001
24.870001
24.870001
26.170000
26.170000
26.170000
26.170000
26.170000
26.170000
26.170000
26.170000
26.170000
26.170000
26.170000
26.170000
26.170000
26.170000
26.170000
27.459999
27.459999
27.459999
27.459999
27.459999
27.459999
27.459999
27.459999
28.760000
28.760000
28.760000
28.760000
28.760000
28.760000
30.049999
30.049999
30.049999
30.049999
31.350000
31.350000
31.350000
31.350000
31.350000
31.350000
31.350000
31.350000
31.350000
31.350000
31.350000
31.350000
31.350000
31.350000
31.350000
31.350000
31.350000
32.639999
32.639999
32.639999
32.639999
32.639999
32.639999
32.639999
32.639999
33.939999
33.939999
33.939999
33.939999
33.939999
33.939999
33.939999
33.939999
35.230000
35.230000
35.230000
35.230000
35.230000
35.230000
35.230000
35.230000
35.230000
36.529999
36.529999
36.529999
36.529999
36.529999
36.529999
36.529999
37.820000
37.820000
37.820000
37.820000
39.119999
39.119999
39.119999
39.119999
39.119999
39.119999
40.419998
40.419998
40.419998
40.419998
40.419998
40.419998
40.419998
41.709999
41.709999
41.709999
41.709999
41.709999
41.709999
41.709999
43.009998
43.009998
43.009998
43.009998
43.009998
44.299999
44.299999
44.299999
44.299999
44.299999
44.299999
44.299999
44.299999
44.299999
44.299999
44.299999
45.599998
45.599998
45.599998
45.599998
45.599998
45.599998
45.599998
45.599998
45.599998
45.599998
45.599998
45.599998
46.889999
46.889999
46.889999
46.889999
46.889999
46.889999
46.889999
46.889999
48.189999
48.189999
48.189999
48.189999
48.189999
48.189999
48.189999
48.189999
48.189999
48.189999
48.189999
49.480000
49.480000
49.480000
49.480000
49.480000
49.480000
49.480000
49.480000
50.779999
50.779999
50.779999
50.779999
50.779999
50.779999
50.779999
50.779999
50.779999
50.779999
50.779999
50.779999
50.779999
50.779999
50.779999
52.080002
52.080002
52.080002
52.080002
52.080002
52.080002
52.080002
52.080002
52.080002
52.080002
52.080002
52.080002
52.080002
52.080002
52.080002
53.369999
53.369999
53.369999
53.369999
53.369999
53.369999
53.369999
53.369999
53.369999
53.369999
53.369999
53.369999
54.669998
54.669998
54.669998
54.669998
54.669998
54.669998
54.669998
55.959999
55.959999
55.959999
55.959999
55.959999
55.959999
55.959999
55.959999
55.959999
55.959999
55.959999
55.959999
57.259998
57.259998
57.259998
57.259998
57.259998
57.259998
57.259998
57.259998
58.549999
58.549999
58.549999
58.549999
58.549999
58.549999
58.549999
58.549999
58.549999
58.549999
58.549999
59.849998
59.849998
59.849998
59.849998
59.849998
59.849998
59.849998
59.849998
59.849998
59.849998
61.139999
61.139999
61.139999
61.139999
61.139999
61.139999
61.139999
61.139999
61.139999
61.139999
61.139999
61.139999
61.139999
62.439999
62.439999
62.439999
62.439999
62.439999
62.439999
62.439999
62.439999
62.439999
62.439999
63.730000
63.730000
63.730000
63.730000
63.730000
63.730000
63.730000
63.730000
63.730000
63.730000
63.730000
63.730000
65.029999
65.029999
65.029999
65.029999
65.029999
65.029999
65.029999
65.029999
65.029999
65.029999
65.029999
65.029999
65.029999
65.029999
66.330002
66.330002
66.330002
66.330002
66.330002
66.330002
66.330002
66.330002
66.330002
66.330002
67.620003
67.620003
67.620003
68.919998
68.919998
68.919998
68.919998
68.919998
68.919998
68.919998
68.919998
68.919998
68.919998
70.209999
70.209999
70.209999
70.209999
70.209999
70.209999
70.209999
70.209999
70.209999
70.209999
70.209999
70.209999
70.209999
71.510002
71.510002
71.510002
71.510002
71.510002
71.510002
71.510002
71.510002
71.510002
71.510002
79.610001
79.610001
79.610001
79.610001
79.610001
79.610001
79.610001
79.610001
79.610001
87.709999
87.709999
87.709999
87.709999
87.709999
87.709999
87.709999
87.709999
87.709999
87.709999
95.820000
95.820000
95.820000
95.820000
95.820000
95.820000
95.820000
95.820000
95.820000
95.820000
95.820000
95.820000
103.900002
103.900002
103.900002
103.900002
103.900002
103.900002
103.900002
103.900002
103.900002
103.900002
110.000000
110.000000
110.000000
110.000000
110.000000
110.000000
110.000000
110.000000
110.000000
110.000000
