0.000000
0.000000
0.000000
0.000000
0.000000
0.000000
0.000000
0.000000
0.000000
0.000000
0.000000
0.000000
0.000000
0.000000
0.000000
0.000000
0.000000
0.000000
0.000000
0.000000
0.000000
0.000000
0.000000
0.000000
0.000000
0.000000
0.000000
0.000000
0.000000
0.000000
0.000000
0.000000
0.000000
0.000000
0.000000
0.000000
0.000000
0.000000
0.000000
0.000000
0.000000
0.000000
0.000000
0.000000
0.000000
0.000000
0.000000
0.000000
0.056730
0.056730
0.056730
0.056730
0.056730
0.056730
0.056730
0.056730
0.056730
0.056730
0.056730
0.056730
0.178500
0.178500
0.178500
0.178500
0.178500
0.300300
0.300300
0.300300
0.300300
0.300300
0.300300
0.300300
0.300300
0.422100
0.422100
0.422100
0.422100
0.422100
0.422100
0.422100
0.422100
0.422100
0.422100
0.422100
0.422100
0.543900
0.543900
0.543900
0.543900
0.543900
0.543900
0.543900
0.543900
0.543900
0.543900
0.543900
0.543900
0.543900
0.543900
0.543900
0.665700
0.665700
0.665700
0.665700
0.665700
0.665700
0.665700
0.665700
0.665700
0.665700
0.665700
0.665700
0.665700
0.787500
0.787500
0.787500
0.787500
0.787500
0.787500
0.787500
0.787500
0.787500
0.909300
0.909300
0.909300
0.909300
0.909300
0.909300
0.909300
1.031000
1.031000
1.031000
1.031000
1.031000
1.031000
1.031000
1.031000
1.153000
1.153000
1.153000
1.153000
1.153000
1.153000
1.153000
1.153000
1.275000
1.275000
1.275000
1.275000
1.275000
1.275000
1.275000
1.275000
1.275000
1.275000
1.275000
1.275000
1.275000
1.275000
1.397000
1.397000
1.397000
1.397000
1.397000
1.397000
1.397000
1.397000
1.397000
1.397000
1.518000
1.518000
1.518000
1.518000
1.518000
1.518000
1.518000
1.518000
1.518000
1.518000
1.518000
1.640000
1.640000
1.640000
1.640000
1.640000
1.762000
1.762000
1.762000
1.762000
1.762000
1.762000
1.762000
1.762000
1.762000
1.762000
1.884000
1.884000
1.884000
1.884000
1.884000
1.884000
1.884000
2.006000
2.006000
2.006000
2.006000
2.006000
2.006000
2.006000
2.006000
2.006000
2.127000
2.127000
2.127000
2.127000
2.127000
2.249000
2.249000
2.249000
2.249000
2.249000
2.249000
2.249000
2.249000
2.371000
2.371000
2.371000
2.371000
2.371000
2.371000
2.371000
2.371000
2.371000
2.371000
2.371000
2.371000
2.371000
2.371000
2.493000
2.493000
2.493000
2.493000
2.493000
2.493000
2.615000
2.615000
2.615000
2.615000
2.615000
2.615000
2.615000
2.736000
2.736000
2.736000
2.736000
2.736000
2.736000
2.736000
2.736000
2.736000
2.736000
2.736000
2.736000
2.858000
2.858000
2.858000
2.858000
2.858000
2.858000
2.858000
2.858000
2.858000
2.858000
2.858000
2.980000
2.980000
2.980000
2.980000
2.980000
2.980000
2.980000
3.102000
3.102000
3.102000
3.102000
3.102000
3.102000
3.102000
3.102000
3.102000
3.102000
3.102000
3.102000
3.102000
3.102000
3.224000
3.224000
3.224000
3.224000
3.224000
3.224000
3.224000
3.345000
3.345000
3.345000
3.345000
3.345000
3.345000
3.345000
3.345000
3.345000
3.467000
3.467000
3.467000
3.467000
3.467000
3.467000
3.467000
3.589000
3.589000
3.589000
3.589000
3.711000
3.711000
3.711000
3.711000
3.711000
3.711000
3.711000
3.711000
3.711000
3.711000
3.711000
3.711000
3.711000
3.833000
3.833000
3.833000
3.833000
3.833000
3.833000
3.833000
3.833000
3.833000
3.833000
3.833000
3.833000
3.833000
3.833000
3.954000
3.954000
3.954000
3.954000
3.954000
3.954000
3.954000
3.954000
3.954000
3.954000
3.954000
3.954000
3.954000
4.076000
4.076000
4.076000
4.076000
4.076000
4.076000
4.076000
4.076000
4.076000
4.198000
4.198000
4.198000
4.198000
4.198000
4.198000
4.198000
4.198000
4.198000
4.198000
4.198000
4.320000
4.320000
4.320000
4.320000
4.320000
4.320000
4.320000
4.320000
4.320000
4.320000
4.320000
4.441000
4.441000
4.441000
4.441000
4.441000
4.441000
4.441000
4.441000
4.441000
4.563000
4.563000
4.563000
4.563000
4.563000
4.563000
4.563000
4.563000
4.563000
4.563000
4.563000
4.563000
4.563000
4.563000
4.685000
4.685000
4.685000
4.685000
4.685000
4.685000
4.685000
4.807000
4.807000
4.807000
4.807000
4.807000
4.807000
4.807000
4.807000
4.807000
4.807000
4.807000
4.807000
4.929000
4.929000
4.929000
4.929000
4.929000
4.929000
4.929000
4.929000
4.929000
4.929000
4.929000
5.050000
5.050000
5.050000
5.050000
5.050000
5.050000
5.050000
5.050000
5.050000
5.050000
5.050000
5.172000
5.172000
5.172000
5.172000
5.172000
5.172000
5.172000
5.172000
5.294000
5.294000
5.294000
5.294000
5.294000
5.294000
5.294000
5.294000
5.294000
5.294000
5.294000
5.294000
5.294000
5.294000
5.294000
5.294000
5.416000
5.416000
5.416000
5.416000
5.416000
5.538000
5.538000
5.538000
5.538000
5.538000
5.538000
5.538000
5.538000
5.538000
5.538000
5.538000
6.409000
6.409000
6.409000
6.409000
6.409000
6.409000
6.409000
6.409000
6.409000
7.280000
7.280000
7.280000
7.280000
7.280000
7.280000
7.280000
7.280000
7.280000
7.280000
7.280000
7.280000
7.280000
7.280000
8.150000
8.150000
8.150000
8.150000
8.150000
8.150000
8.150000
8.150000
8.150000
8.150000
9.021000
9.021000
9.021000
9.021000
9.021000
9.021000
9.021000
9.021000
9.021000
9.021000
9.021000
9.021000
9.892000
9.892000
9.892000
9.892000
9.892000
9.892000
9.892000
9.892000
9.892000
9.892000
10.760000
10.760000
10.760000
10.760000
10.760000
10.760000
10.760000
10.760000
11.630000
11.630000
11.630000
11.630000
11.630000
11.630000
11.630000
11.630000
11.630000
11.630000
11.630000
11.630000
11.630000
11.630000
11.630000
12.510000
12.510000
12.510000
12.510000
12.510000
12.510000
12.510000
13.380000
13.380000
13.380000
13.380000
13.380000
13.380000
13.380000
14.250000
14.250000
14.250000
14.250000
14.250000
14.250000
14.250000
14.250000
14.250000
14.250000
14.250000
14.250000
15.120000
15.120000
15.120000
15.120000
15.120000
15.990000
15.990000
15.990000
15.990000
15.990000
15.990000
15.990000
15.990000
15.990000
16.860001
16.860001
16.860001
16.860001
16.860001
16.860001
17.730000
17.730000
17.730000
17.730000
17.730000
17.730000
17.730000
17.730000
17.730000
17.730000
17.730000
17.730000
18.600000
18.600000
18.600000
18.600000
18.600000
18.600000
18.600000
18.600000
18.600000
18.600000
19.469999
19.469999
19.469999
19.469999
19.469999
19.469999
19.469999
19.469999
19.469999
19.469999
19.469999
20.340000
20.340000
20.340000
20.340000
20.340000
20.340000
20.340000
20.340000
20.340000
20.340000
21.209999
21.209999
21.209999
21.209999
21.209999
21.209999
21.209999
21.209999
22.090000
22.090000
22.090000
22.090000
22.090000
22.090000
22.090000
22.090000
22.090000
22.090000
22.959999
22.959999
22.959999
22.959999
22.959999
22.959999
22.959999
22.959999
22.959999
22.959999
22.959999
23.830000
23.830000
23.830000
23.830000
23.830000
23.830000
23.830000
23.830000
23.830000
23.830000
24.700001
24.700001
24.700001
24.700001
24.700001
24.700001
24.700001
24.700001
24.700001
25.570000
25.570000
25.570000
25.570000
25.570000
25.570000
26.440001
26.440001
26.440001
26.440001
26.440001
26.440001
26.440001
26.440001
26.440001
27.309999
27.309999
27.309999
27.309999
27.309999
27.309999
27.309999
27.309999
27.309999
27.309999
27.309999
27.309999
27.309999
28.180000
28.180000
28.180000
28.180000
28.180000
28.180000
28.180000
28.180000
28.180000
29.049999
29.049999
29.049999
29.049999
29.049999
29.049999
29.049999
29.049999
29.049999
29.049999
29.049999
29.049999
29.049999
29.049999
29.049999
29.049999
29.920000
29.920000
29.920000
29.920000
29.920000
29.920000
29.920000
29.920000
29.920000
29.920000
29.920000
30.790001
30.790001
30.790001
30.790001
30.790001
30.790001
30.790001
30.790001
31.670000
31.670000
31.670000
31.670000
31.670000
31.670000
31.670000
31.670000
31.670000
31.670000
31.670000
32.540001
32.540001
32.540001
32.540001
32.540001
32.540001
32.540001
32.540001
32.540001
32.540001
32.540001
32.540001
32.540001
33.410000
33.410000
33.410000
33.410000
33.410000
33.410000
33.410000
33.410000
33.410000
34.279999
34.279999
34.279999
34.279999
34.279999
34.279999
34.279999
34.279999
34.279999
34.279999
34.279999
34.279999
34.279999
34.279999
35.150002
35.150002
35.150002
35.150002
35.150002
35.150002
35.150002
35.150002
35.150002
35.150002
35.150002
36.020000
36.020000
36.020000
36.020000
36.020000
36.020000
36.020000
36.889999
36.889999
36.889999
36.889999
36.889999
36.889999
36.889999
36.889999
37.759998
37.759998
37.759998
37.759998
37.759998
37.759998
37.759998
37.759998
37.759998
37.759998
37.759998
37.759998
37.759998
38.630001
38.630001
38.630001
38.630001
38.630001
38.630001
38.630001
38.630001
38.630001
38.630001
38.630001
38.630001
39.500000
39.500000
39.500000
39.500000
39.500000
39.500000
39.500000
39.500000
39.500000
39.500000
39.500000
39.500000
39.500000
39.500000
39.500000
39.500000
39.500000
39.500000
40.369999
40.369999
40.369999
40.369999
40.369999
40.369999
40.369999
40.369999
40.369999
41.250000
41.250000
41.250000
42.119999
42.119999
42.119999
42.119999
42.119999
42.119999
42.119999
42.119999
42.119999
42.119999
42.119999
42.119999
42.119999
42.119999
42.990002
42.990002
42.990002
42.990002
42.990002
42.990002
42.990002
43.860001
43.860001
43.860001
43.860001
43.860001
43.860001
43.860001
43.860001
43.860001
43.860001
43.860001
43.860001
44.730000
44.730000
44.730000
44.730000
44.730000
44.730000
44.730000
44.730000
44.730000
44.730000
49.529999
49.529999
49.529999
49.529999
49.529999
49.529999
54.320000
54.320000
54.320000
54.320000
54.320000
54.320000
54.320000
54.320000
54.320000
54.320000
54.320000
54.320000
54.320000
54.320000
54.320000
54.320000
59.119999
59.119999
59.119999
59.119999
59.119999
59.119999
59.119999
59.119999
59.119999
63.919998
63.919998
63.919998
63.919998
63.919998
63.919998
63.919998
63.919998
63.919998
67.510002
67.510002
67.510002
67.510002
67.510002
