0.000000
0.000000
0.000000
0.000000
0.000000
0.214800
0.214800
0.214800
0.214800
0.214800
0.214800
0.214800
0.214800
0.214800
0.214800
0.214800
0.214800
0.634500
0.634500
0.634500
0.634500
0.634500
1.054000
1.054000
1.054000
1.054000
1.054000
1.054000
1.474000
1.474000
1.474000
1.474000
1.474000
1.474000
1.474000
1.474000
1.474000
1.474000
1.474000
1.474000
1.474000
1.474000
1.474000
1.894000
1.894000
1.894000
1.894000
1.894000
1.894000
1.894000
1.894000
1.894000
1.982000
1.982000
1.982000
1.982000
1.982000
1.982000
1.982000
1.982000
1.982000
1.982000
2.070000
2.070000
2.070000
2.070000
2.070000
2.070000
2.070000
2.159000
2.159000
2.159000
2.159000
2.159000
2.159000
2.159000
2.247000
2.247000
2.247000
2.247000
2.247000
2.247000
2.247000
2.247000
2.247000
2.247000
2.335000
2.335000
2.335000
2.335000
2.335000
2.335000
2.335000
2.335000
2.335000
2.335000
2.335000
2.335000
2.335000
2.423000
2.423000
2.423000
2.423000
2.423000
2.423000
2.423000
2.423000
2.423000
2.512000
2.512000
2.512000
2.512000
2.512000
2.512000
2.512000
2.512000
2.512000
2.600000
2.600000
2.600000
2.600000
2.600000
2.600000
2.600000
2.600000
2.600000
2.600000
2.600000
2.600000
2.600000
2.600000
2.600000
2.600000
2.600000
2.600000
2.688000
2.688000
2.688000
2.688000
2.688000
2.688000
2.688000
2.688000
2.688000
2.777000
2.777000
2.777000
2.777000
2.777000
2.777000
2.777000
2.777000
2.777000
2.777000
2.777000
2.865000
2.865000
2.865000
2.865000
2.865000
2.865000
2.865000
2.865000
2.865000
2.865000
2.865000
2.953000
2.953000
2.953000
2.953000
2.953000
2.953000
2.953000
2.953000
2.953000
2.953000
2.953000
2.953000
3.042000
3.042000
3.042000
3.042000
3.042000
3.042000
3.042000
3.042000
3.042000
3.042000
3.042000
3.042000
3.130000
3.130000
3.130000
3.130000
3.130000
3.130000
3.130000
3.130000
3.130000
3.130000
3.218000
3.218000
3.218000
3.218000
3.218000
3.218000
3.218000
3.218000
3.218000
3.218000
3.218000
3.218000
3.307000
3.307000
3.307000
3.307000
3.307000
3.307000
3.307000
3.307000
3.307000
3.307000
3.307000
3.307000
3.307000
3.395000
3.395000
3.395000
3.395000
3.395000
3.395000
3.395000
3.395000
3.483000
3.483000
3.483000
3.483000
3.483000
3.483000
3.571000
3.571000
3.571000
3.571000
3.571000
3.571000
3.571000
3.571000
3.571000
3.571000
3.571000
3.660000
3.660000
3.660000
3.660000
3.660000
3.660000
3.660000
3.660000
3.660000
3.660000
3.660000
3.660000
3.748000
3.748000
3.748000
3.748000
3.748000
3.748000
3.748000
3.748000
3.748000
3.748000
3.748000
3.836000
3.836000
3.836000
3.836000
3.836000
3.836000
3.836000
3.925000
3.925000
3.925000
3.925000
3.925000
3.925000
3.925000
3.925000
3.925000
3.925000
3.925000
3.925000
3.925000
3.925000
4.013000
4.013000
4.013000
4.013000
4.013000
4.013000
4.013000
4.013000
4.013000
4.013000
4.013000
4.013000
4.013000
4.013000
4.101000
4.101000
4.101000
4.101000
4.101000
4.101000
4.101000
4.101000
4.101000
4.101000
4.190000
4.190000
4.190000
4.190000
4.190000
4.190000
4.190000
4.278000
4.278000
4.278000
4.278000
4.278000
4.278000
4.278000
4.278000
4.278000
4.366000
4.366000
4.366000
4.366000
4.366000
4.366000
4.366000
4.366000
4.366000
4.366000
4.366000
4.366000
4.366000
4.366000
4.366000
4.455000
4.455000
4.455000
4.455000
4.455000
4.455000
4.455000
4.543000
4.543000
4.543000
4.543000
4.543000
4.543000
4.543000
4.543000
4.631000
4.631000
4.631000
4.631000
4.631000
4.631000
4.631000
4.631000
4.631000
4.631000
4.631000
4.631000
4.719000
4.719000
4.719000
4.719000
4.719000
4.719000
4.719000
4.719000
4.719000
4.719000
4.808000
4.808000
4.808000
4.808000
4.808000
4.808000
4.808000
4.808000
4.808000
4.808000
4.808000
4.808000
4.808000
4.896000
4.896000
4.896000
4.896000
4.896000
4.896000
4.896000
4.896000
4.896000
4.984000
4.984000
4.984000
4.984000
4.984000
4.984000
4.984000
4.984000
4.984000
5.073000
5.073000
5.073000
5.073000
5.073000
5.073000
5.073000
5.073000
5.073000
5.073000
5.073000
5.073000
5.161000
5.161000
5.161000
5.161000
5.161000
5.161000
5.161000
5.161000
5.161000
5.161000
5.249000
5.249000
5.249000
5.249000
5.249000
5.249000
5.338000
5.338000
5.338000
5.338000
5.338000
5.338000
5.426000
5.426000
5.426000
5.426000
5.426000
5.426000
5.426000
5.426000
5.426000
5.426000
5.426000
5.514000
5.514000
5.514000
5.514000
5.514000
5.514000
5.514000
5.514000
5.514000
5.514000
5.514000
5.514000
5.603000
5.603000
5.603000
5.603000
5.603000
5.603000
5.603000
5.603000
5.603000
5.603000
5.603000
5.603000
5.603000
5.603000
5.691000
5.691000
5.691000
5.691000
5.691000
5.691000
5.691000
5.691000
5.691000
5.691000
5.691000
5.691000
5.691000
5.779000
5.779000
5.779000
5.779000
5.779000
5.779000
5.779000
5.779000
5.779000
5.868000
5.868000
5.868000
5.868000
5.868000
5.868000
5.868000
5.868000
5.868000
5.868000
5.868000
5.958000
5.958000
5.958000
5.958000
5.958000
5.958000
5.958000
5.958000
5.958000
5.958000
5.958000
6.048000
6.048000
6.048000
6.048000
6.048000
6.048000
6.048000
6.048000
6.138000
6.138000
6.138000
6.138000
6.228000
6.228000
6.228000
6.228000
6.228000
6.228000
6.228000
6.228000
6.228000
6.228000
6.318000
6.318000
6.318000
6.318000
6.318000
6.318000
6.318000
6.318000
6.408000
6.408000
6.408000
6.408000
6.408000
6.408000
6.408000
6.408000
6.408000
6.408000
6.408000
6.408000
6.408000
6.408000
6.498000
6.498000
6.498000
6.498000
6.498000
6.498000
6.498000
6.498000
6.498000
6.498000
6.498000
6.588000
6.588000
6.588000
6.588000
6.588000
6.588000
6.588000
6.588000
6.588000
6.678000
6.678000
6.678000
6.678000
6.678000
6.678000
6.678000
6.678000
6.678000
6.678000
6.678000
6.768000
6.768000
6.768000
6.768000
6.768000
6.768000
6.768000
6.768000
6.858000
6.858000
6.858000
6.858000
6.858000
6.858000
6.858000
6.858000
6.948000
6.948000
6.948000
6.948000
6.948000
6.948000
6.948000
7.038000
7.038000
7.038000
7.038000
7.038000
7.038000
7.038000
7.038000
7.038000
7.038000
7.038000
7.038000
7.038000
7.038000
7.038000
7.128000
7.128000
7.128000
7.128000
7.128000
7.218000
7.218000
7.218000
7.218000
7.218000
7.218000
7.218000
7.218000
7.218000
7.218000
7.308000
7.308000
7.308000
7.308000
7.308000
7.308000
7.308000
7.308000
7.308000
7.308000
7.398000
7.398000
7.398000
7.398000
7.398000
7.398000
7.398000
7.398000
7.398000
7.398000
7.398000
7.398000
7.398000
7.398000
7.398000
7.488000
7.488000
7.488000
7.488000
7.488000
7.578000
7.578000
7.578000
7.578000
7.578000
7.578000
7.578000
7.578000
7.578000
7.578000
7.578000
7.578000
7.668000
7.668000
7.668000
7.668000
7.668000
7.668000
7.668000
7.668000
7.668000
7.668000
7.668000
7.668000
7.758000
7.758000
7.758000
7.758000
7.758000
7.758000
7.758000
7.758000
7.758000
7.758000
7.758000
7.848000
7.848000
7.848000
7.848000
7.848000
7.848000
7.848000
7.938000
7.938000
7.938000
7.938000
7.938000
7.938000
7.938000
8.029000
8.029000
8.029000
8.029000
8.029000
8.029000
8.029000
8.029000
8.029000
8.029000
8.029000
8.119000
8.119000
8.119000
8.119000
8.119000
8.119000
8.119000
8.119000
8.119000
8.119000
8.119000
8.209000
8.209000
8.209000
8.209000
8.209000
8.209000
8.209000
8.209000
8.209000
8.209000
8.299000
8.299000
8.299000
8.299000
8.299000
8.299000
8.299000
8.299000
8.299000
8.299000
8.299000
8.299000
8.299000
8.389000
8.389000
8.389000
8.389000
8.389000
8.389000
8.389000
8.479000
8.479000
8.479000
8.479000
8.479000
8.479000
8.479000
8.479000
8.479000
8.479000
8.479000
8.569000
8.569000
8.569000
8.569000
8.569000
8.569000
8.569000
8.659000
8.659000
8.659000
8.659000
8.659000
8.659000
8.749000
8.749000
8.749000
8.749000
8.749000
8.749000
8.839000
8.839000
8.839000
8.839000
8.839000
8.839000
8.839000
8.839000
8.839000
8.839000
8.839000
8.929000
8.929000
8.929000
8.929000
8.929000
8.929000
8.929000
8.929000
8.929000
8.929000
9.019000
9.019000
9.019000
9.019000
9.019000
9.019000
9.019000
9.019000
9.019000
9.019000
9.019000
9.109000
9.109000
9.109000
9.109000
9.109000
9.109000
9.109000
9.109000
9.109000
9.109000
9.199000
9.199000
9.199000
9.199000
9.199000
9.199000
9.289000
9.289000
9.289000
9.289000
9.289000
9.289000
9.289000
9.289000
9.289000
9.289000
9.289000
9.289000
9.289000
9.379000
9.379000
9.379000
9.379000
9.379000
9.379000
9.379000
9.379000
9.379000
9.379000
9.469000
9.469000
9.469000
9.469000
9.469000
9.469000
9.469000
9.469000
9.469000
9.469000
9.559000
9.559000
9.559000
9.559000
9.559000
9.559000
9.559000
9.559000
9.559000
9.559000
9.559000
9.649000
9.649000
9.649000
9.649000
9.649000
9.649000
9.739000
9.739000
9.739000
9.739000
9.739000
9.739000
9.739000
9.739000
9.739000
9.829000
9.829000
9.829000
9.829000
9.829000
9.829000
9.829000
9.829000
9.829000
9.829000
9.829000
9.919000
9.919000
9.919000
9.919000
9.919000
9.919000
9.919000
9.919000
9.919000
9.919000
9.919000
9.919000
10.590000
10.590000
10.590000
10.590000
10.590000
10.590000
10.590000
10.590000
10.590000
10.590000
10.590000
10.590000
10.590000
11.260000
11.260000
11.260000
11.260000
11.260000
11.260000
11.260000
11.260000
11.930000
11.930000
11.930000
11.930000
11.930000
11.930000
11.930000
12.600000
12.600000
12.600000
12.600000
12.600000
12.600000
12.600000
12.600000
13.100000
13.100000
13.100000
13.100000
13.100000
13.100000
13.100000
13.100000
13.100000
13.100000
13.100000
13.100000
13.100000
