0.000000
0.000000
0.000000
0.000000
0.000000
0.000000
0.000000
0.000000
0.000000
0.000000
0.000000
0.000000
0.000000
0.000000
0.000000
0.000000
0.000000
0.000000
0.000000
0.000000
0.000000
0.000000
0.000000
0.000000
0.000000
0.000000
0.000000
0.000000
0.000000
0.000000
0.000000
0.000000
0.000000
0.000000
0.000000
0.000000
0.000000
0.000000
0.000000
0.000000
0.000000
0.000000
0.000000
0.000000
0.000000
0.000000
0.000000
0.000000
0.019370
0.019370
0.019370
0.019370
0.019370
0.019370
0.019370
0.019370
0.019370
0.019370
0.019370
0.053090
0.053090
0.053090
0.053090
0.053090
0.053090
0.053090
0.053090
0.053090
0.086810
0.086810
0.086810
0.086810
0.086810
0.086810
0.086810
0.086810
0.086810
0.086810
0.086810
0.086810
0.086810
0.086810
0.086810
0.120500
0.120500
0.120500
0.120500
0.120500
0.120500
0.120500
0.120500
0.120500
0.154200
0.154200
0.154200
0.154200
0.154200
0.154200
0.154200
0.154200
0.154200
0.188000
0.188000
0.188000
0.188000
0.188000
0.221700
0.221700
0.221700
0.221700
0.221700
0.221700
0.221700
0.221700
0.221700
0.221700
0.255400
0.255400
0.255400
0.255400
0.255400
0.255400
0.255400
0.255400
0.255400
0.255400
0.255400
0.289100
0.289100
0.289100
0.289100
0.289100
0.289100
0.289100
0.289100
0.322800
0.322800
0.322800
0.322800
0.322800
0.322800
0.322800
0.322800
0.322800
0.356500
0.356500
0.356500
0.356500
0.356500
0.356500
0.356500
0.356500
0.356500
0.390200
0.390200
0.390200
0.390200
0.390200
0.390200
0.390200
0.390200
0.390200
0.424000
0.424000
0.424000
0.424000
0.424000
0.424000
0.424000
0.424000
0.424000
0.424000
0.457700
0.457700
0.457700
0.457700
0.457700
0.457700
0.457700
0.457700
0.457700
0.491400
0.491400
0.491400
0.491400
0.491400
0.491400
0.525100
0.525100
0.525100
0.525100
0.525100
0.525100
0.525100
0.558800
0.558800
0.558800
0.558800
0.558800
0.558800
0.558800
0.558800
0.558800
0.558800
0.558800
0.592500
0.592500
0.592500
0.592500
0.592500
0.592500
0.592500
0.592500
0.626300
0.626300
0.626300
0.626300
0.626300
0.626300
0.626300
0.626300
0.626300
0.626300
0.660000
0.660000
0.660000
0.660000
0.660000
0.660000
0.660000
0.660000
0.660000
0.660000
0.660000
0.693700
0.693700
0.693700
0.693700
0.693700
0.693700
0.693700
0.693700
0.693700
0.693700
0.727400
0.727400
0.727400
0.727400
0.727400
0.727400
0.727400
0.727400
0.727400
0.727400
0.727400
0.727400
0.727400
0.761100
0.761100
0.761100
0.761100
0.761100
0.761100
0.761100
0.761100
0.761100
0.761100
0.761100
0.794800
0.794800
0.794800
0.794800
0.794800
0.794800
0.794800
0.794800
0.794800
0.828600
0.828600
0.828600
0.828600
0.828600
0.828600
0.828600
0.828600
0.828600
0.862300
0.862300
0.862300
0.862300
0.862300
0.862300
0.862300
0.862300
0.862300
0.896000
0.896000
0.896000
0.896000
0.896000
0.896000
0.896000
0.896000
0.896000
0.896000
0.896000
0.896000
0.896000
0.896000
0.896000
0.896000
0.896000
0.896000
0.896000
0.896000
0.896000
0.929700
0.929700
0.929700
0.929700
0.929700
0.929700
0.929700
0.929700
0.929700
0.929700
0.929700
0.929700
0.929700
0.929700
0.929700
0.963400
0.963400
0.963400
0.963400
0.963400
0.963400
0.963400
0.963400
0.963400
0.963400
0.997100
0.997100
0.997100
0.997100
0.997100
0.997100
0.997100
0.997100
0.997100
0.997100
0.997100
0.997100
1.031000
1.031000
1.031000
1.031000
1.031000
1.031000
1.031000
1.031000
1.031000
1.031000
1.065000
1.065000
1.065000
1.065000
1.065000
1.065000
1.065000
1.065000
1.065000
1.065000
1.065000
1.098000
1.098000
1.098000
1.098000
1.098000
1.098000
1.098000
1.098000
1.098000
1.098000
1.098000
1.132000
1.132000
1.132000
1.132000
1.132000
1.132000
1.132000
1.132000
1.166000
1.166000
1.166000
1.166000
1.166000
1.166000
1.166000
1.166000
1.166000
1.166000
1.166000
1.199000
1.199000
1.199000
1.199000
1.199000
1.199000
1.199000
1.199000
1.199000
1.199000
1.199000
1.199000
1.199000
1.233000
1.233000
1.233000
1.233000
1.233000
1.233000
1.233000
1.233000
1.233000
1.233000
1.233000
1.233000
1.233000
1.267000
1.267000
1.267000
1.267000
1.267000
1.267000
1.301000
1.301000
1.301000
1.301000
1.301000
1.301000
1.301000
1.301000
1.301000
1.301000
1.301000
1.334000
1.334000
1.334000
1.334000
1.334000
1.334000
1.334000
1.334000
1.334000
1.334000
1.334000
1.334000
1.334000
1.368000
1.368000
1.368000
1.368000
1.402000
1.402000
1.402000
1.402000
1.402000
1.402000
1.435000
1.435000
1.435000
1.435000
1.435000
1.435000
1.435000
1.435000
1.435000
1.435000
1.435000
1.435000
1.435000
1.435000
1.435000
1.469000
1.469000
1.469000
1.469000
1.469000
1.469000
1.469000
1.469000
1.469000
1.469000
1.469000
1.503000
1.503000
1.503000
1.503000
1.503000
1.503000
1.503000
1.503000
1.503000
1.503000
1.503000
1.503000
1.503000
1.503000
1.537000
1.537000
1.537000
1.537000
1.537000
1.537000
1.537000
1.537000
1.537000
1.537000
1.537000
1.537000
1.537000
2.001000
2.001000
2.001000
2.001000
2.001000
2.001000
2.001000
2.001000
2.001000
2.466000
2.466000
2.466000
2.466000
2.466000
2.466000
2.466000
2.466000
2.930000
2.930000
2.930000
2.930000
2.930000
2.930000
2.930000
2.930000
2.930000
3.395000
3.395000
3.395000
3.395000
3.395000
3.395000
3.395000
3.860000
3.860000
3.860000
3.860000
3.860000
3.860000
3.860000
3.860000
3.860000
4.324000
4.324000
4.324000
4.324000
4.324000
4.324000
4.324000
4.324000
4.324000
4.789000
4.789000
4.789000
4.789000
4.789000
4.789000
4.789000
4.789000
4.789000
4.789000
4.789000
4.789000
4.789000
5.254000
5.254000
5.254000
5.254000
5.254000
5.254000
5.254000
5.254000
5.718000
5.718000
5.718000
5.718000
5.718000
5.718000
5.718000
6.183000
6.183000
6.183000
6.183000
6.183000
6.183000
6.183000
6.183000
6.183000
6.183000
6.183000
6.183000
6.183000
6.183000
6.648000
6.648000
6.648000
6.648000
6.648000
6.648000
6.648000
6.648000
6.648000
6.648000
7.112000
7.112000
7.112000
7.112000
7.112000
7.112000
7.112000
7.112000
7.112000
7.577000
7.577000
7.577000
7.577000
7.577000
7.577000
7.577000
7.577000
7.577000
7.577000
7.577000
8.042000
8.042000
8.042000
8.042000
8.042000
8.042000
8.042000
8.042000
8.042000
8.042000
8.042000
8.042000
8.506000
8.506000
8.506000
8.506000
8.506000
8.506000
8.506000
8.506000
8.506000
8.506000
8.506000
8.971000
8.971000
8.971000
8.971000
8.971000
8.971000
8.971000
8.971000
8.971000
8.971000
8.971000
8.971000
8.971000
8.971000
8.971000
9.435000
9.435000
9.435000
9.435000
9.435000
9.435000
9.435000
9.435000
9.435000
9.900000
9.900000
9.900000
9.900000
9.900000
9.900000
10.360000
10.360000
10.360000
10.360000
10.360000
10.830000
10.830000
10.830000
10.830000
10.830000
10.830000
10.830000
10.830000
11.290000
11.290000
11.290000
11.290000
11.290000
11.290000
11.290000
11.290000
11.290000
11.760000
11.760000
11.760000
11.760000
11.760000
11.760000
11.760000
11.760000
11.760000
11.760000
11.760000
11.760000
12.220000
12.220000
12.220000
12.220000
12.220000
12.220000
12.220000
12.220000
12.220000
12.220000
12.220000
12.220000
12.690000
12.690000
12.690000
12.690000
12.690000
12.690000
12.690000
12.690000
12.690000
12.690000
12.690000
12.690000
12.690000
13.150000
13.150000
13.150000
13.150000
13.150000
13.620000
13.620000
13.620000
13.620000
13.620000
13.620000
13.620000
13.620000
13.620000
14.080000
14.080000
14.080000
14.080000
14.080000
14.080000
14.080000
14.080000
14.080000
14.080000
14.080000
14.080000
14.550000
14.550000
14.550000
14.550000
14.550000
14.550000
14.550000
14.550000
14.550000
14.550000
15.010000
15.010000
15.010000
15.010000
15.010000
15.010000
15.010000
15.010000
15.010000
15.010000
15.480000
15.480000
15.480000
15.480000
15.480000
15.480000
15.480000
15.480000
15.940000
15.940000
15.940000
15.940000
15.940000
15.940000
15.940000
15.940000
15.940000
15.940000
15.940000
15.940000
16.400000
16.400000
16.400000
16.400000
16.400000
16.400000
16.400000
16.400000
16.400000
16.870001
16.870001
16.870001
16.870001
16.870001
16.870001
16.870001
16.870001
16.870001
16.870001
16.870001
16.870001
17.330000
17.330000
17.330000
17.330000
17.330000
17.799999
17.799999
17.799999
17.799999
17.799999
17.799999
17.799999
17.799999
17.799999
17.799999
18.260000
18.260000
18.260000
18.260000
18.260000
18.260000
18.260000
18.260000
18.730000
18.730000
18.730000
18.730000
18.730000
18.730000
18.730000
18.730000
18.730000
18.730000
18.730000
18.730000
19.190001
19.190001
19.190001
19.190001
19.190001
19.190001
19.190001
19.660000
19.660000
19.660000
19.660000
19.660000
19.660000
19.660000
19.660000
20.120001
20.120001
20.120001
20.120001
20.120001
20.120001
20.120001
20.120001
20.120001
20.120001
20.120001
20.120001
20.120001
20.120001
20.590000
20.590000
20.590000
20.590000
20.590000
20.590000
20.590000
20.590000
20.590000
20.590000
21.049999
21.049999
21.049999
21.049999
21.049999
21.049999
21.520000
21.520000
21.520000
21.520000
21.520000
21.520000
21.980000
21.980000
21.980000
21.980000
21.980000
21.980000
21.980000
21.980000
21.980000
21.980000
21.980000
21.980000
22.450001
22.450001
22.450001
22.450001
22.450001
22.450001
22.450001
22.450001
29.879999
29.879999
29.879999
29.879999
29.879999
29.879999
29.879999
29.879999
29.879999
37.310001
37.310001
37.310001
37.310001
37.310001
37.310001
37.310001
37.310001
37.310001
37.310001
37.310001
37.310001
37.310001
37.310001
44.740002
44.740002
44.740002
44.740002
44.740002
44.740002
44.740002
44.740002
44.740002
44.740002
44.740002
44.740002
52.180000
52.180000
52.180000
52.180000
52.180000
52.180000
52.180000
52.180000
52.180000
57.750000
57.750000
57.750000
57.750000
57.750000
