0.000000
0.000000
0.000000
0.000000
0.000000
0.000000
0.000000
0.000000
0.000000
0.000000
0.000000
0.000000
0.000000
0.000000
0.000000
0.000000
0.000000
0.000000
0.000000
0.000000
0.000000
0.000000
0.000000
0.000000
0.000000
0.000000
0.000000
0.000000
0.000000
0.000000
0.000000
0.000000
0.000000
0.000000
0.000000
0.000000
0.000000
0.000000
0.000000
0.000000
0.000000
0.000000
0.000000
0.000000
0.000000
0.000000
0.000000
0.000000
0.000000
0.000000
0.000000
0.000000
0.000000
0.029420
0.029420
0.029420
0.029420
0.029420
0.029420
0.029420
0.029420
0.029420
0.029420
0.029420
0.072010
0.072010
0.072010
0.072010
0.072010
0.072010
0.072010
0.072010
0.072010
0.072010
0.072010
0.072010
0.114600
0.114600
0.114600
0.114600
0.114600
0.114600
0.114600
0.114600
0.114600
0.157200
0.157200
0.157200
0.157200
0.157200
0.157200
0.199800
0.199800
0.199800
0.199800
0.199800
0.199800
0.199800
0.199800
0.199800
0.199800
0.199800
0.199800
0.199800
0.199800
0.242400
0.242400
0.242400
0.242400
0.242400
0.285000
0.285000
0.285000
0.285000
0.285000
0.285000
0.285000
0.285000
0.327600
0.327600
0.327600
0.327600
0.327600
0.327600
0.327600
0.327600
0.327600
0.327600
0.327600
0.327600
0.327600
0.327600
0.370100
0.370100
0.370100
0.370100
0.370100
0.370100
0.370100
0.370100
0.370100
0.370100
0.412700
0.412700
0.412700
0.412700
0.412700
0.412700
0.412700
0.412700
0.412700
0.412700
0.412700
0.455300
0.455300
0.455300
0.455300
0.455300
0.455300
0.455300
0.455300
0.497900
0.497900
0.497900
0.497900
0.497900
0.497900
0.497900
0.540500
0.540500
0.540500
0.540500
0.540500
0.540500
0.540500
0.540500
0.540500
0.540500
0.540500
0.540500
0.540500
0.540500
0.583100
0.583100
0.583100
0.583100
0.583100
0.583100
0.583100
0.583100
0.583100
0.583100
0.583100
0.583100
0.583100
0.583100
0.583100
0.583100
0.583100
0.625700
0.625700
0.625700
0.625700
0.625700
0.625700
0.625700
0.625700
0.625700
0.668300
0.668300
0.668300
0.668300
0.668300
0.668300
0.668300
0.668300
0.668300
0.710900
0.710900
0.710900
0.710900
0.710900
0.710900
0.710900
0.710900
0.710900
0.710900
0.753500
0.753500
0.753500
0.753500
0.753500
0.753500
0.753500
0.753500
0.753500
0.796100
0.796100
0.796100
0.796100
0.796100
0.796100
0.796100
0.796100
0.838600
0.838600
0.838600
0.838600
0.838600
0.838600
0.838600
0.838600
0.838600
0.838600
0.881200
0.881200
0.881200
0.881200
0.881200
0.881200
0.881200
0.881200
0.923800
0.923800
0.923800
0.923800
0.923800
0.923800
0.923800
0.923800
0.923800
0.923800
0.966400
0.966400
0.966400
0.966400
0.966400
0.966400
0.966400
0.966400
0.966400
0.966400
0.966400
0.966400
1.009000
1.009000
1.009000
1.009000
1.009000
1.009000
1.009000
1.009000
1.052000
1.052000
1.052000
1.052000
1.052000
1.052000
1.052000
1.052000
1.052000
1.052000
1.052000
1.052000
1.052000
1.094000
1.094000
1.094000
1.094000
1.094000
1.094000
1.094000
1.094000
1.094000
1.094000
1.094000
1.094000
1.137000
1.137000
1.137000
1.137000
1.137000
1.137000
1.137000
1.137000
1.179000
1.179000
1.179000
1.179000
1.179000
1.222000
1.222000
1.222000
1.222000
1.222000
1.222000
1.222000
1.222000
1.222000
1.222000
1.222000
1.222000
1.265000
1.265000
1.265000
1.265000
1.265000
1.265000
1.265000
1.265000
1.307000
1.307000
1.307000
1.307000
1.307000
1.307000
1.307000
1.307000
1.350000
1.350000
1.350000
1.350000
1.350000
1.350000
1.350000
1.392000
1.392000
1.392000
1.392000
1.392000
1.392000
1.392000
1.435000
1.435000
1.435000
1.435000
1.435000
1.435000
1.435000
1.435000
1.478000
1.478000
1.478000
1.478000
1.478000
1.478000
1.478000
1.478000
1.478000
1.478000
1.478000
1.520000
1.520000
1.520000
1.520000
1.520000
1.520000
1.520000
1.520000
1.520000
1.520000
1.520000
1.520000
1.520000
1.563000
1.563000
1.563000
1.563000
1.563000
1.563000
1.605000
1.605000
1.605000
1.605000
1.605000
1.605000
1.605000
1.605000
1.605000
1.605000
1.605000
1.648000
1.648000
1.648000
1.648000
1.648000
1.648000
1.690000
1.690000
1.690000
1.690000
1.690000
1.690000
1.690000
1.690000
1.690000
1.690000
1.690000
1.733000
1.733000
1.733000
1.733000
1.733000
1.733000
1.733000
1.733000
1.733000
1.733000
1.733000
1.776000
1.776000
1.776000
1.776000
1.818000
1.818000
1.818000
1.818000
1.818000
1.861000
1.861000
1.861000
1.861000
1.861000
1.861000
1.861000
1.861000
1.861000
1.861000
1.861000
1.903000
1.903000
1.903000
1.946000
1.946000
1.946000
1.946000
1.946000
1.946000
1.946000
2.222000
2.222000
2.222000
2.222000
2.222000
2.222000
2.222000
2.222000
2.222000
2.499000
2.499000
2.499000
2.499000
2.499000
2.499000
2.499000
2.499000
2.499000
2.775000
2.775000
2.775000
2.775000
2.775000
2.775000
2.775000
2.775000
2.775000
3.051000
3.051000
3.051000
3.051000
3.051000
3.051000
3.051000
3.051000
3.051000
3.051000
3.051000
3.051000
3.051000
3.327000
3.327000
3.327000
3.327000
3.327000
3.327000
3.327000
3.604000
3.604000
3.604000
3.604000
3.604000
3.604000
3.604000
3.604000
3.604000
3.604000
3.880000
3.880000
3.880000
3.880000
3.880000
3.880000
3.880000
3.880000
3.880000
3.880000
4.156000
4.156000
4.156000
4.156000
4.156000
4.156000
4.432000
4.432000
4.432000
4.432000
4.432000
4.432000
4.432000
4.432000
4.432000
4.432000
4.432000
4.432000
4.432000
4.432000
4.432000
4.432000
4.432000
4.432000
4.708000
4.708000
4.708000
4.708000
4.708000
4.708000
4.708000
4.708000
4.708000
4.985000
4.985000
4.985000
4.985000
4.985000
4.985000
4.985000
4.985000
4.985000
4.985000
4.985000
5.261000
5.261000
5.261000
5.261000
5.261000
5.261000
5.261000
5.261000
5.537000
5.537000
5.537000
5.537000
5.537000
5.537000
5.537000
5.537000
5.537000
5.537000
5.537000
5.537000
5.537000
5.813000
5.813000
5.813000
5.813000
5.813000
5.813000
5.813000
5.813000
5.813000
5.813000
5.813000
5.813000
5.813000
6.090000
6.090000
6.090000
6.090000
6.090000
6.090000
6.090000
6.090000
6.090000
6.090000
6.090000
6.090000
6.090000
6.090000
6.366000
6.366000
6.366000
6.366000
6.366000
6.366000
6.366000
6.366000
6.642000
6.642000
6.642000
6.642000
6.642000
6.642000
6.918000
6.918000
6.918000
6.918000
6.918000
6.918000
6.918000
6.918000
6.918000
7.195000
7.195000
7.195000
7.195000
7.195000
7.195000
7.195000
7.195000
7.195000
7.195000
7.471000
7.471000
7.471000
7.471000
7.471000
7.471000
7.471000
7.471000
7.471000
7.471000
7.471000
7.747000
7.747000
7.747000
7.747000
7.747000
7.747000
7.747000
7.747000
7.747000
7.747000
7.747000
7.747000
7.747000
7.747000
8.023000
8.023000
8.023000
8.023000
8.023000
8.023000
8.023000
8.023000
8.023000
8.023000
8.300000
8.300000
8.300000
8.300000
8.300000
8.300000
8.300000
8.300000
8.300000
8.300000
8.300000
8.300000
8.576000
8.576000
8.576000
8.576000
8.576000
8.576000
8.576000
8.576000
8.576000
8.576000
8.576000
8.576000
8.576000
8.576000
8.852000
8.852000
8.852000
8.852000
8.852000
8.852000
8.852000
8.852000
8.852000
8.852000
8.852000
8.852000
8.852000
9.128000
9.128000
9.128000
9.128000
9.128000
9.128000
9.128000
9.128000
9.128000
9.128000
9.128000
9.128000
9.405000
9.405000
9.405000
9.405000
9.405000
9.405000
9.405000
9.405000
9.405000
9.405000
9.405000
9.405000
9.405000
9.405000
9.681000
9.681000
9.681000
9.681000
9.681000
9.681000
9.681000
9.681000
9.681000
9.681000
9.681000
9.957000
9.957000
9.957000
9.957000
9.957000
9.957000
9.957000
9.957000
9.957000
9.957000
9.957000
9.957000
9.957000
10.230000
10.230000
10.230000
10.230000
10.230000
10.230000
10.510000
10.510000
10.510000
10.510000
10.510000
10.510000
10.510000
10.510000
10.510000
10.510000
10.510000
10.790000
10.790000
10.790000
10.790000
10.790000
10.790000
10.790000
10.790000
10.790000
10.790000
11.060000
11.060000
11.060000
11.060000
11.060000
11.060000
11.060000
11.340000
11.340000
11.340000
11.340000
11.340000
11.340000
11.340000
11.340000
11.340000
11.340000
11.340000
11.610000
11.610000
11.610000
11.610000
11.610000
11.610000
11.610000
11.610000
11.610000
11.610000
11.610000
11.610000
11.890000
11.890000
11.890000
11.890000
11.890000
11.890000
11.890000
11.890000
12.170000
12.170000
12.170000
12.170000
12.170000
12.170000
12.170000
12.170000
12.170000
12.440000
12.440000
12.440000
12.440000
12.440000
12.440000
12.440000
12.720000
12.720000
12.720000
12.720000
12.720000
12.720000
12.720000
12.720000
13.000000
13.000000
13.000000
13.000000
13.000000
13.000000
13.000000
13.000000
13.000000
13.000000
13.000000
13.270000
13.270000
13.270000
13.270000
13.270000
13.270000
13.270000
13.270000
13.270000
13.270000
13.270000
13.270000
13.270000
13.550000
13.550000
13.550000
13.550000
13.550000
13.550000
13.550000
13.550000
13.550000
13.550000
13.550000
13.550000
13.550000
13.820000
13.820000
13.820000
13.820000
13.820000
13.820000
13.820000
13.820000
14.100000
14.100000
14.100000
14.100000
14.100000
14.100000
14.100000
14.100000
14.100000
14.100000
14.100000
14.100000
14.100000
14.100000
14.100000
14.100000
14.380000
14.380000
14.380000
14.380000
14.380000
14.380000
14.380000
14.380000
14.380000
14.380000
14.380000
19.750000
19.750000
19.750000
19.750000
19.750000
19.750000
19.750000
19.750000
19.750000
19.750000
25.129999
25.129999
25.129999
25.129999
25.129999
25.129999
30.510000
30.510000
30.510000
30.510000
30.510000
30.510000
30.510000
30.510000
30.510000
35.880001
35.880001
35.880001
35.880001
35.880001
35.880001
35.880001
35.880001
35.880001
35.880001
35.880001
39.910000
39.910000
39.910000
39.910000
39.910000
39.910000
39.910000
39.910000
