0.000000
0.000000
0.000000
0.000000
0.000000
0.000000
0.000000
0.000000
0.000000
0.000000
0.000000
0.000000
0.000000
0.000000
0.000000
0.000000
0.000000
0.000000
0.000000
0.000000
0.000000
0.000000
0.000000
0.000000
0.000000
0.000000
0.000000
0.000000
0.000000
0.000000
0.000000
0.000000
0.000000
0.000000
0.000000
0.000000
0.000000
0.000000
0.000000
0.000000
0.000000
0.000000
0.000000
0.000000
0.000000
0.000000
0.000000
0.000000
0.011090
0.011090
0.011090
0.011090
0.011090
0.011090
0.011090
0.011090
0.011090
0.052780
0.052780
0.052780
0.052780
0.052780
0.052780
0.052780
0.094470
0.094470
0.094470
0.094470
0.094470
0.094470
0.094470
0.094470
0.094470
0.094470
0.136200
0.136200
0.136200
0.136200
0.136200
0.136200
0.136200
0.136200
0.136200
0.136200
0.177800
0.177800
0.177800
0.177800
0.177800
0.177800
0.177800
0.177800
0.177800
0.219500
0.219500
0.219500
0.219500
0.219500
0.219500
0.219500
0.219500
0.219500
0.219500
0.261200
0.261200
0.261200
0.261200
0.261200
0.261200
0.261200
0.261200
0.261200
0.261200
0.261200
0.261200
0.261200
0.302900
0.302900
0.302900
0.302900
0.302900
0.302900
0.344600
0.344600
0.344600
0.344600
0.344600
0.344600
0.386300
0.386300
0.386300
0.386300
0.386300
0.386300
0.386300
0.386300
0.428000
0.428000
0.428000
0.428000
0.428000
0.428000
0.428000
0.428000
0.428000
0.428000
0.428000
0.428000
0.428000
0.428000
0.428000
0.469700
0.469700
0.469700
0.469700
0.469700
0.469700
0.469700
0.511300
0.511300
0.511300
0.511300
0.511300
0.511300
0.511300
0.511300
0.511300
0.511300
0.511300
0.511300
0.511300
0.553000
0.553000
0.553000
0.553000
0.553000
0.553000
0.553000
0.553000
0.553000
0.553000
0.553000
0.594700
0.594700
0.594700
0.594700
0.594700
0.594700
0.636400
0.636400
0.636400
0.636400
0.636400
0.636400
0.636400
0.636400
0.636400
0.636400
0.636400
0.636400
0.636400
0.636400
0.678100
0.678100
0.678100
0.678100
0.678100
0.678100
0.678100
0.678100
0.678100
0.678100
0.678100
0.719800
0.719800
0.719800
0.719800
0.719800
0.719800
0.719800
0.719800
0.719800
0.719800
0.719800
0.719800
0.719800
0.719800
0.719800
0.719800
0.761500
0.761500
0.761500
0.761500
0.761500
0.761500
0.761500
0.761500
0.803200
0.803200
0.803200
0.803200
0.803200
0.803200
0.803200
0.844800
0.844800
0.844800
0.844800
0.844800
0.844800
0.844800
0.844800
0.844800
0.844800
0.844800
0.844800
0.886500
0.886500
0.886500
0.886500
0.886500
0.886500
0.886500
0.886500
0.886500
0.928200
0.928200
0.928200
0.928200
0.928200
0.928200
0.928200
0.928200
0.969900
0.969900
0.969900
0.969900
0.969900
0.969900
0.969900
0.969900
0.969900
0.969900
0.969900
1.012000
1.012000
1.012000
1.012000
1.012000
1.012000
1.012000
1.053000
1.053000
1.053000
1.053000
1.053000
1.053000
1.095000
1.095000
1.095000
1.095000
1.095000
1.095000
1.095000
1.095000
1.095000
1.095000
1.137000
1.137000
1.137000
1.137000
1.137000
1.137000
1.137000
1.137000
1.137000
1.178000
1.178000
1.178000
1.178000
1.178000
1.178000
1.178000
1.220000
1.220000
1.220000
1.220000
1.220000
1.220000
1.262000
1.262000
1.262000
1.262000
1.262000
1.262000
1.262000
1.262000
1.262000
1.262000
1.262000
1.262000
1.262000
1.262000
1.262000
1.262000
1.303000
1.303000
1.303000
1.303000
1.303000
1.303000
1.303000
1.303000
1.303000
1.303000
1.303000
1.303000
1.345000
1.345000
1.345000
1.345000
1.345000
1.345000
1.345000
1.345000
1.345000
1.345000
1.387000
1.387000
1.387000
1.387000
1.387000
1.387000
1.387000
1.387000
1.387000
1.428000
1.428000
1.428000
1.428000
1.428000
1.428000
1.428000
1.428000
1.428000
1.428000
1.428000
1.428000
1.470000
1.470000
1.470000
1.470000
1.470000
1.470000
1.470000
1.470000
1.470000
1.470000
1.470000
1.470000
1.470000
1.512000
1.512000
1.512000
1.512000
1.512000
1.512000
1.512000
1.512000
1.512000
1.512000
1.512000
1.554000
1.554000
1.554000
1.554000
1.554000
1.554000
1.554000
1.554000
1.554000
1.595000
1.595000
1.595000
1.595000
1.595000
1.595000
1.595000
1.595000
1.595000
1.595000
1.595000
1.595000
1.595000
1.637000
1.637000
1.637000
1.637000
1.637000
1.637000
1.637000
1.637000
1.637000
1.679000
1.679000
1.679000
1.679000
1.679000
1.679000
1.679000
1.720000
1.720000
1.720000
1.720000
1.720000
1.720000
1.720000
1.720000
1.720000
1.720000
1.720000
1.720000
1.720000
1.762000
1.762000
1.762000
1.762000
1.762000
1.762000
1.804000
1.804000
1.804000
1.804000
1.804000
1.804000
1.804000
1.804000
1.804000
1.804000
1.804000
1.804000
1.845000
1.845000
1.845000
1.845000
1.845000
1.845000
1.845000
1.845000
1.845000
1.887000
1.887000
1.887000
1.887000
1.887000
1.887000
1.887000
2.489000
2.489000
2.489000
2.489000
2.489000
2.489000
2.489000
2.489000
2.489000
3.090000
3.090000
3.090000
3.090000
3.090000
3.090000
3.090000
3.090000
3.090000
3.692000
3.692000
3.692000
3.692000
3.692000
3.692000
3.692000
3.692000
3.692000
4.293000
4.293000
4.293000
4.293000
4.293000
4.293000
4.293000
4.293000
4.293000
4.293000
4.293000
4.293000
4.293000
4.293000
4.895000
4.895000
4.895000
4.895000
4.895000
4.895000
4.895000
4.895000
4.895000
4.895000
5.497000
5.497000
5.497000
5.497000
5.497000
5.497000
5.497000
5.497000
6.098000
6.098000
6.098000
6.098000
6.098000
6.098000
6.098000
6.098000
6.098000
6.098000
6.700000
6.700000
6.700000
6.700000
6.700000
6.700000
6.700000
6.700000
6.700000
6.700000
6.700000
6.700000
6.700000
6.700000
7.302000
7.302000
7.302000
7.302000
7.302000
7.302000
7.302000
7.302000
7.302000
7.302000
7.302000
7.302000
7.302000
7.302000
7.302000
7.903000
7.903000
7.903000
7.903000
7.903000
7.903000
7.903000
7.903000
7.903000
7.903000
7.903000
7.903000
7.903000
8.505000
8.505000
8.505000
8.505000
8.505000
8.505000
9.106000
9.106000
9.106000
9.106000
9.106000
9.106000
9.106000
9.106000
9.708000
9.708000
9.708000
9.708000
9.708000
9.708000
9.708000
10.310000
10.310000
10.310000
10.310000
10.310000
10.310000
10.310000
10.910000
10.910000
10.910000
10.910000
10.910000
10.910000
10.910000
10.910000
10.910000
11.510000
11.510000
11.510000
11.510000
11.510000
11.510000
11.510000
11.510000
11.510000
11.510000
11.510000
12.110000
12.110000
12.110000
12.110000
12.110000
12.110000
12.110000
12.720000
12.720000
12.720000
12.720000
13.320000
13.320000
13.320000
13.320000
13.320000
13.320000
13.320000
13.320000
13.320000
13.320000
13.920000
13.920000
13.920000
13.920000
13.920000
13.920000
13.920000
13.920000
13.920000
14.520000
14.520000
14.520000
14.520000
14.520000
14.520000
14.520000
14.520000
14.520000
14.520000
15.120000
15.120000
15.120000
15.120000
15.120000
15.120000
15.120000
15.120000
15.120000
15.120000
15.120000
15.120000
15.720000
15.720000
15.720000
15.720000
15.720000
15.720000
15.720000
15.720000
15.720000
16.330000
16.330000
16.330000
16.330000
16.330000
16.330000
16.330000
16.330000
16.330000
16.330000
16.330000
16.330000
16.330000
16.330000
16.330000
16.330000
16.930000
16.930000
16.930000
16.930000
16.930000
16.930000
16.930000
16.930000
16.930000
16.930000
17.530001
17.530001
17.530001
17.530001
17.530001
17.530001
17.530001
17.530001
17.530001
17.530001
17.530001
17.530001
17.530001
18.129999
18.129999
18.129999
18.129999
18.129999
18.730000
18.730000
18.730000
18.730000
18.730000
18.730000
18.730000
19.330000
19.330000
19.330000
19.330000
19.330000
19.330000
19.330000
19.330000
19.330000
19.330000
19.330000
19.940001
19.940001
19.940001
19.940001
19.940001
19.940001
19.940001
19.940001
19.940001
19.940001
19.940001
19.940001
19.940001
19.940001
19.940001
20.540001
20.540001
20.540001
20.540001
20.540001
20.540001
20.540001
20.540001
20.540001
21.139999
21.139999
21.139999
21.139999
21.139999
21.139999
21.139999
21.139999
21.139999
21.740000
21.740000
21.740000
21.740000
21.740000
21.740000
21.740000
21.740000
22.340000
22.340000
22.340000
22.340000
22.340000
22.340000
22.340000
22.340000
22.340000
22.340000
22.340000
22.940001
22.940001
22.940001
22.940001
22.940001
22.940001
22.940001
22.940001
22.940001
22.940001
22.940001
22.940001
22.940001
23.549999
23.549999
23.549999
23.549999
23.549999
23.549999
23.549999
23.549999
23.549999
23.549999
23.549999
23.549999
24.150000
24.150000
24.150000
24.150000
24.150000
24.150000
24.150000
24.150000
24.150000
24.150000
24.150000
24.150000
24.150000
24.150000
24.150000
24.750000
24.750000
24.750000
24.750000
24.750000
24.750000
24.750000
24.750000
24.750000
24.750000
24.750000
25.350000
25.350000
25.350000
25.950001
25.950001
25.950001
25.950001
25.950001
25.950001
25.950001
25.950001
25.950001
25.950001
25.950001
25.950001
25.950001
25.950001
25.950001
26.549999
26.549999
26.549999
26.549999
26.549999
26.549999
26.549999
26.549999
26.549999
27.150000
27.150000
27.150000
27.150000
27.150000
27.150000
27.150000
27.760000
27.760000
27.760000
27.760000
27.760000
27.760000
27.760000
27.760000
27.760000
27.760000
28.360001
28.360001
28.360001
28.360001
28.360001
28.360001
28.360001
28.360001
28.360001
28.360001
28.360001
28.360001
28.360001
28.959999
28.959999
28.959999
28.959999
28.959999
28.959999
28.959999
28.959999
28.959999
28.959999
28.959999
44.860001
44.860001
44.860001
44.860001
44.860001
44.860001
44.860001
44.860001
44.860001
44.860001
44.860001
44.860001
44.860001
60.770000
60.770000
60.770000
60.770000
60.770000
60.770000
60.770000
60.770000
60.770000
60.770000
60.770000
76.669998
76.669998
76.669998
76.669998
76.669998
76.669998
76.669998
76.669998
76.669998
76.669998
92.570000
92.570000
92.570000
92.570000
92.570000
92.570000
92.570000
92.570000
92.570000
104.500000
104.500000
104.500000
104.500000
104.500000
104.500000
104.500000
