0.000000
0.000000
0.000000
0.000000
0.000000
0.000000
0.000000
0.000000
0.000000
0.000000
0.000000
0.000000
0.000000
0.000000
0.000000
0.000000
0.000000
0.000000
0.000000
0.000000
0.000000
0.000000
0.000000
0.000000
0.000000
0.000000
0.000000
0.000000
0.000000
0.000000
0.000000
0.000000
0.000000
0.000000
0.000000
0.000000
0.000000
0.000000
0.000000
0.000000
0.000000
0.000000
0.000000
0.000000
0.000000
0.000000
0.099410
0.099410
0.099410
0.099410
0.099410
0.099410
0.099410
0.178900
0.178900
0.178900
0.178900
0.178900
0.178900
0.258400
0.258400
0.258400
0.258400
0.258400
0.258400
0.258400
0.258400
0.258400
0.258400
0.337900
0.337900
0.337900
0.337900
0.337900
0.337900
0.337900
0.337900
0.337900
0.337900
0.417300
0.417300
0.417300
0.417300
0.417300
0.417300
0.417300
0.417300
0.417300
0.496800
0.496800
0.496800
0.496800
0.496800
0.496800
0.496800
0.496800
0.496800
0.496800
0.576300
0.576300
0.576300
0.576300
0.576300
0.576300
0.576300
0.576300
0.576300
0.655800
0.655800
0.655800
0.655800
0.655800
0.655800
0.655800
0.655800
0.655800
0.655800
0.735300
0.735300
0.735300
0.735300
0.735300
0.735300
0.735300
0.735300
0.814700
0.814700
0.814700
0.814700
0.814700
0.814700
0.814700
0.814700
0.814700
0.814700
0.814700
0.814700
0.814700
0.814700
0.894200
0.894200
0.894200
0.894200
0.894200
0.894200
0.894200
0.894200
0.894200
0.973700
0.973700
0.973700
0.973700
0.973700
0.973700
0.973700
0.973700
1.053000
1.053000
1.053000
1.053000
1.053000
1.053000
1.053000
1.053000
1.053000
1.053000
1.053000
1.053000
1.053000
1.133000
1.133000
1.133000
1.133000
1.133000
1.133000
1.133000
1.133000
1.133000
1.133000
1.133000
1.133000
1.133000
1.133000
1.212000
1.212000
1.212000
1.212000
1.212000
1.212000
1.212000
1.212000
1.212000
1.292000
1.292000
1.292000
1.292000
1.292000
1.292000
1.292000
1.371000
1.371000
1.371000
1.371000
1.371000
1.371000
1.371000
1.371000
1.371000
1.451000
1.451000
1.451000
1.451000
1.451000
1.451000
1.451000
1.451000
1.530000
1.530000
1.530000
1.530000
1.530000
1.530000
1.530000
1.530000
1.530000
1.530000
1.530000
1.530000
1.610000
1.610000
1.610000
1.610000
1.610000
1.610000
1.610000
1.610000
1.610000
1.689000
1.689000
1.689000
1.689000
1.689000
1.689000
1.689000
1.689000
1.689000
1.689000
1.769000
1.769000
1.769000
1.769000
1.769000
1.769000
1.769000
1.769000
1.769000
1.769000
1.769000
1.848000
1.848000
1.848000
1.848000
1.848000
1.848000
1.848000
1.848000
1.848000
1.848000
1.927000
1.927000
1.927000
1.927000
1.927000
1.927000
1.927000
1.927000
1.927000
1.927000
1.927000
1.927000
1.927000
2.007000
2.007000
2.007000
2.007000
2.007000
2.007000
2.007000
2.007000
2.007000
2.007000
2.007000
2.007000
2.007000
2.007000
2.086000
2.086000
2.086000
2.086000
2.086000
2.086000
2.086000
2.086000
2.086000
2.086000
2.086000
2.086000
2.086000
2.086000
2.086000
2.166000
2.166000
2.166000
2.166000
2.166000
2.166000
2.166000
2.166000
2.245000
2.245000
2.245000
2.245000
2.245000
2.245000
2.245000
2.245000
2.245000
2.245000
2.325000
2.325000
2.325000
2.325000
2.325000
2.325000
2.325000
2.404000
2.404000
2.404000
2.404000
2.404000
2.404000
2.404000
2.404000
2.404000
2.404000
2.404000
2.404000
2.404000
2.404000
2.404000
2.404000
2.404000
2.484000
2.484000
2.484000
2.484000
2.484000
2.484000
2.484000
2.484000
2.484000
2.484000
2.484000
2.484000
2.484000
2.563000
2.563000
2.563000
2.563000
2.563000
2.563000
2.563000
2.643000
2.643000
2.643000
2.643000
2.643000
2.643000
2.643000
2.643000
2.643000
2.643000
2.722000
2.722000
2.722000
2.722000
2.722000
2.722000
2.722000
2.722000
2.722000
2.722000
2.802000
2.802000
2.802000
2.802000
2.802000
2.802000
2.802000
2.802000
2.802000
2.802000
2.802000
2.802000
2.802000
2.881000
2.881000
2.881000
2.881000
2.881000
2.881000
2.881000
2.881000
2.881000
2.881000
2.961000
2.961000
2.961000
2.961000
3.040000
3.040000
3.040000
3.040000
3.040000
3.040000
3.040000
3.040000
3.040000
3.040000
3.040000
3.040000
3.120000
3.120000
3.120000
3.120000
3.120000
3.120000
3.120000
3.120000
3.199000
3.199000
3.199000
3.199000
3.199000
3.199000
3.199000
3.199000
3.279000
3.279000
3.279000
3.279000
3.279000
3.279000
3.279000
3.279000
3.279000
3.279000
3.358000
3.358000
3.358000
3.358000
3.358000
3.358000
3.358000
3.358000
3.438000
3.438000
3.438000
3.438000
3.438000
3.517000
3.517000
3.517000
3.517000
3.517000
3.517000
3.517000
3.517000
3.517000
3.597000
3.597000
3.597000
3.597000
3.597000
3.597000
3.597000
3.597000
3.676000
3.676000
3.676000
3.676000
3.676000
3.676000
3.676000
3.676000
3.676000
3.676000
3.676000
4.110000
4.110000
4.110000
4.543000
4.543000
4.543000
4.543000
4.543000
4.543000
4.543000
4.543000
4.543000
4.543000
4.543000
4.977000
4.977000
4.977000
4.977000
4.977000
4.977000
5.410000
5.410000
5.410000
5.410000
5.410000
5.410000
5.410000
5.410000
5.410000
5.844000
5.844000
5.844000
5.844000
5.844000
5.844000
5.844000
5.844000
6.277000
6.277000
6.277000
6.277000
6.277000
6.277000
6.277000
6.277000
6.277000
6.277000
6.277000
6.277000
6.711000
6.711000
6.711000
6.711000
6.711000
6.711000
6.711000
6.711000
6.711000
6.711000
6.711000
6.711000
6.711000
7.144000
7.144000
7.144000
7.144000
7.144000
7.144000
7.144000
7.578000
7.578000
7.578000
7.578000
7.578000
7.578000
7.578000
7.578000
7.578000
7.578000
7.578000
7.578000
8.011000
8.011000
8.011000
8.011000
8.011000
8.011000
8.011000
8.011000
8.445000
8.445000
8.445000
8.445000
8.445000
8.445000
8.445000
8.445000
8.445000
8.445000
8.445000
8.445000
8.878000
8.878000
8.878000
8.878000
8.878000
8.878000
8.878000
8.878000
8.878000
8.878000
8.878000
8.878000
9.312000
9.312000
9.312000
9.312000
9.312000
9.312000
9.745000
9.745000
9.745000
9.745000
9.745000
9.745000
9.745000
9.745000
9.745000
10.180000
10.180000
10.180000
10.180000
10.180000
10.610000
10.610000
10.610000
10.610000
10.610000
10.610000
10.610000
10.610000
10.610000
11.050000
11.050000
11.050000
11.050000
11.050000
11.050000
11.480000
11.480000
11.480000
11.480000
11.480000
11.910000
11.910000
11.910000
11.910000
11.910000
11.910000
11.910000
11.910000
11.910000
11.910000
11.910000
11.910000
11.910000
11.910000
12.350000
12.350000
12.350000
12.350000
12.350000
12.780000
12.780000
12.780000
12.780000
12.780000
12.780000
12.780000
12.780000
13.210000
13.210000
13.210000
13.210000
13.210000
13.210000
13.210000
13.210000
13.210000
13.210000
13.650000
13.650000
13.650000
13.650000
13.650000
13.650000
13.650000
13.650000
13.650000
13.650000
13.650000
13.650000
13.650000
14.080000
14.080000
14.080000
14.080000
14.080000
14.080000
14.080000
14.080000
14.080000
14.080000
14.080000
14.080000
14.080000
14.080000
14.080000
14.080000
14.080000
14.080000
14.080000
14.080000
14.080000
14.510000
14.510000
14.510000
14.510000
14.510000
14.510000
14.510000
14.510000
14.510000
14.510000
14.510000
14.950000
14.950000
14.950000
14.950000
14.950000
14.950000
14.950000
14.950000
14.950000
14.950000
15.380000
15.380000
15.380000
15.380000
15.380000
15.380000
15.380000
15.380000
15.380000
15.380000
15.380000
15.380000
15.380000
15.380000
15.380000
15.380000
15.380000
15.380000
15.380000
15.810000
15.810000
15.810000
15.810000
15.810000
15.810000
15.810000
15.810000
15.810000
15.810000
15.810000
15.810000
15.810000
16.250000
16.250000
16.250000
16.250000
16.250000
16.250000
16.250000
16.680000
16.680000
16.680000
16.680000
16.680000
16.680000
16.680000
16.680000
16.680000
16.680000
16.680000
16.680000
17.110001
17.110001
17.110001
17.110001
17.110001
17.110001
17.110001
17.110001
17.110001
17.110001
17.110001
17.110001
17.110001
17.110001
17.110001
17.110001
17.549999
17.549999
17.549999
17.549999
17.549999
17.549999
17.549999
17.549999
17.549999
17.549999
17.549999
17.549999
17.549999
17.549999
17.549999
17.549999
17.980000
17.980000
17.980000
17.980000
17.980000
17.980000
17.980000
17.980000
17.980000
17.980000
17.980000
17.980000
18.420000
18.420000
18.420000
18.420000
18.420000
18.420000
18.420000
18.420000
18.420000
18.420000
18.850000
18.850000
18.850000
18.850000
18.850000
18.850000
18.850000
18.850000
18.850000
18.850000
18.850000
18.850000
19.280001
19.280001
19.280001
19.280001
19.280001
19.280001
19.280001
19.280001
19.280001
19.280001
19.280001
19.280001
19.719999
19.719999
19.719999
19.719999
19.719999
20.150000
20.150000
20.150000
20.150000
20.150000
20.150000
20.580000
20.580000
20.580000
20.580000
20.580000
20.580000
20.580000
20.580000
20.580000
20.580000
20.580000
20.580000
20.580000
21.020000
21.020000
21.020000
21.020000
21.020000
21.020000
21.020000
21.020000
21.020000
21.020000
21.020000
21.020000
21.020000
21.020000
21.020000
21.450001
21.450001
21.450001
21.450001
21.450001
21.450001
21.450001
21.450001
21.450001
21.450001
21.450001
21.879999
21.879999
21.879999
21.879999
21.879999
21.879999
21.879999
21.879999
21.879999
21.879999
21.879999
21.879999
21.879999
22.320000
22.320000
22.320000
22.320000
22.320000
22.320000
22.320000
22.320000
22.320000
22.320000
22.750000
22.750000
22.750000
22.750000
22.750000
22.750000
22.750000
22.750000
22.750000
23.180000
23.180000
23.180000
23.180000
23.180000
24.580000
24.580000
24.580000
24.580000
24.580000
24.580000
24.580000
24.580000
24.580000
24.580000
25.990000
25.990000
25.990000
25.990000
25.990000
25.990000
25.990000
25.990000
27.389999
27.389999
27.389999
27.389999
27.389999
27.389999
28.790001
28.790001
28.790001
28.790001
28.790001
28.790001
28.790001
28.790001
28.790001
28.790001
28.790001
28.790001
29.840000
29.840000
29.840000
29.840000
29.840000
