0.000000
0.000000
0.000000
0.000000
0.000000
0.000000
0.000000
0.000000
0.000000
0.000000
0.000000
0.000000
0.000000
0.000000
0.000000
0.000000
0.000000
0.000000
0.000000
0.000000
0.000000
0.000000
0.000000
0.000000
0.000000
0.000000
0.000000
0.000000
0.000000
0.000000
0.000000
0.000000
0.000000
0.000000
0.000000
0.000000
0.000000
0.000000
0.000000
0.000000
0.000000
0.000000
0.000000
0.000000
0.000000
0.000000
0.000000
0.000000
0.000000
0.000000
0.000000
0.000000
0.000000
0.000000
0.000000
0.513600
0.513600
0.513600
0.513600
0.513600
0.513600
0.513600
0.513600
0.513600
0.995600
0.995600
0.995600
0.995600
0.995600
0.995600
0.995600
0.995600
0.995600
1.478000
1.478000
1.478000
1.478000
1.478000
1.960000
1.960000
1.960000
1.960000
1.960000
1.960000
1.960000
1.960000
1.960000
1.960000
1.960000
1.960000
1.960000
1.960000
1.960000
1.960000
1.960000
1.960000
2.442000
2.442000
2.442000
2.442000
2.442000
2.442000
2.442000
2.442000
2.924000
2.924000
2.924000
2.924000
2.924000
2.924000
2.924000
2.924000
2.924000
2.924000
2.924000
2.924000
2.924000
3.406000
3.406000
3.406000
3.406000
3.406000
3.406000
3.406000
3.406000
3.406000
3.887000
3.887000
3.887000
3.887000
3.887000
3.887000
3.887000
3.887000
4.369000
4.369000
4.369000
4.369000
4.369000
4.369000
4.369000
4.369000
4.369000
4.851000
4.851000
4.851000
4.851000
4.851000
4.851000
4.851000
4.851000
4.851000
4.851000
4.851000
4.851000
5.333000
5.333000
5.333000
5.333000
5.333000
5.333000
5.333000
5.333000
5.333000
5.815000
5.815000
5.815000
5.815000
5.815000
5.815000
5.815000
6.297000
6.297000
6.297000
6.297000
6.297000
6.297000
6.297000
6.297000
6.297000
6.297000
6.297000
6.297000
6.297000
6.779000
6.779000
6.779000
6.779000
7.261000
7.261000
7.261000
7.261000
7.261000
7.261000
7.261000
7.261000
7.743000
7.743000
7.743000
7.743000
7.743000
7.743000
7.743000
7.743000
7.743000
8.225000
8.225000
8.225000
8.225000
8.225000
8.225000
8.707000
8.707000
8.707000
8.707000
8.707000
8.707000
8.707000
8.707000
8.707000
8.707000
8.707000
8.707000
8.707000
8.707000
9.189000
9.189000
9.189000
9.189000
9.189000
9.189000
9.671000
9.671000
9.671000
9.671000
9.671000
9.671000
9.671000
10.150000
10.150000
10.150000
10.150000
10.150000
10.150000
10.150000
10.640000
10.640000
10.640000
10.640000
10.640000
10.640000
10.640000
10.640000
10.640000
10.640000
10.640000
11.120000
11.120000
11.120000
11.120000
11.120000
11.120000
11.120000
11.120000
11.120000
11.120000
11.600000
11.600000
11.600000
11.600000
11.600000
11.600000
11.600000
12.080000
12.080000
12.080000
12.080000
12.080000
12.080000
12.080000
12.080000
12.560000
12.560000
12.560000
12.560000
12.560000
12.560000
12.560000
12.560000
13.050000
13.050000
13.050000
13.050000
13.050000
13.050000
13.050000
13.050000
13.530000
13.530000
13.530000
13.530000
13.530000
13.530000
13.530000
13.530000
13.530000
14.010000
14.010000
14.010000
14.010000
14.490000
14.490000
14.490000
14.490000
14.490000
14.490000
14.490000
14.490000
14.490000
14.970000
14.970000
14.970000
14.970000
14.970000
14.970000
14.970000
14.970000
14.970000
14.970000
14.970000
14.970000
14.970000
15.450000
15.450000
15.450000
15.450000
15.450000
15.450000
15.450000
15.450000
15.450000
15.450000
15.450000
15.450000
15.450000
15.450000
15.940000
15.940000
15.940000
15.940000
15.940000
15.940000
15.940000
15.940000
15.940000
15.940000
16.420000
16.420000
16.420000
16.420000
16.420000
16.420000
16.420000
16.420000
16.900000
16.900000
16.900000
16.900000
16.900000
16.900000
16.900000
16.900000
17.379999
17.379999
17.379999
17.379999
17.379999
17.379999
17.379999
17.379999
17.379999
17.379999
17.379999
17.379999
17.379999
17.379999
17.379999
17.860001
17.860001
17.860001
17.860001
17.860001
17.860001
17.860001
17.860001
18.350000
18.350000
18.350000
18.350000
18.350000
18.350000
18.350000
18.350000
18.350000
18.350000
18.350000
18.350000
18.350000
18.350000
18.350000
18.830000
18.830000
18.830000
18.830000
18.830000
18.830000
18.830000
18.830000
18.830000
18.830000
18.830000
18.830000
18.830000
18.830000
19.309999
19.309999
19.309999
19.309999
19.309999
19.309999
19.309999
19.309999
19.309999
19.309999
19.309999
19.309999
19.309999
19.790001
19.790001
19.790001
19.790001
19.790001
19.790001
19.790001
19.790001
19.790001
19.790001
20.270000
20.270000
20.270000
20.270000
20.270000
20.270000
20.270000
20.270000
20.270000
20.270000
20.270000
20.270000
20.270000
20.270000
20.270000
20.760000
20.760000
20.760000
20.760000
20.760000
20.760000
20.760000
20.760000
20.760000
20.760000
21.240000
21.240000
21.240000
21.240000
21.240000
21.240000
21.240000
21.240000
21.240000
21.240000
21.240000
21.719999
21.719999
21.719999
21.719999
21.719999
21.719999
21.719999
21.719999
21.719999
21.719999
21.719999
21.719999
22.200001
22.200001
22.200001
22.200001
22.200001
22.200001
22.200001
22.200001
22.200001
22.200001
22.200001
22.200001
22.200001
22.200001
22.200001
22.200001
22.200001
23.459999
23.459999
23.459999
23.459999
23.459999
23.459999
24.719999
24.719999
24.719999
24.719999
24.719999
24.719999
24.719999
24.719999
24.719999
24.719999
25.980000
25.980000
25.980000
25.980000
25.980000
25.980000
25.980000
25.980000
25.980000
25.980000
25.980000
25.980000
25.980000
27.230000
27.230000
27.230000
27.230000
28.490000
28.490000
28.490000
28.490000
28.490000
29.750000
29.750000
29.750000
29.750000
29.750000
29.750000
29.750000
31.010000
31.010000
31.010000
31.010000
31.010000
32.270000
32.270000
32.270000
32.270000
32.270000
32.270000
32.270000
32.270000
33.520000
33.520000
33.520000
33.520000
33.520000
33.520000
33.520000
33.520000
33.520000
33.520000
33.520000
33.520000
33.520000
33.520000
34.779999
34.779999
34.779999
34.779999
34.779999
36.040001
36.040001
36.040001
36.040001
36.040001
36.040001
36.040001
36.040001
36.040001
36.040001
36.040001
37.299999
37.299999
37.299999
37.299999
37.299999
37.299999
38.560001
38.560001
38.560001
38.560001
38.560001
38.560001
38.560001
38.560001
38.560001
38.560001
38.560001
39.810001
39.810001
39.810001
39.810001
39.810001
39.810001
41.070000
41.070000
41.070000
41.070000
41.070000
41.070000
41.070000
41.070000
41.070000
41.070000
41.070000
42.330002
42.330002
42.330002
42.330002
42.330002
42.330002
42.330002
42.330002
42.330002
42.330002
42.330002
42.330002
42.330002
42.330002
42.330002
42.330002
42.330002
42.330002
43.590000
43.590000
43.590000
43.590000
43.590000
43.590000
43.590000
43.590000
43.590000
43.590000
43.590000
44.849998
44.849998
44.849998
44.849998
44.849998
44.849998
44.849998
44.849998
44.849998
44.849998
44.849998
44.849998
44.849998
44.849998
46.099998
46.099998
46.099998
46.099998
46.099998
47.360001
47.360001
47.360001
47.360001
47.360001
47.360001
47.360001
47.360001
47.360001
47.360001
47.360001
47.360001
47.360001
47.360001
47.360001
48.619999
48.619999
48.619999
48.619999
48.619999
48.619999
49.880001
49.880001
49.880001
49.880001
49.880001
49.880001
49.880001
49.880001
49.880001
49.880001
49.880001
51.139999
51.139999
51.139999
51.139999
51.139999
51.139999
51.139999
51.139999
51.139999
51.139999
51.139999
52.389999
52.389999
52.389999
52.389999
52.389999
52.389999
52.389999
52.389999
52.389999
53.650002
53.650002
53.650002
53.650002
53.650002
53.650002
53.650002
53.650002
53.650002
53.650002
53.650002
53.650002
54.910000
54.910000
56.169998
56.169998
56.169998
56.169998
56.169998
56.169998
56.169998
56.169998
56.169998
56.169998
56.169998
57.430000
57.430000
57.430000
57.430000
57.430000
57.430000
57.430000
57.430000
57.430000
57.430000
57.430000
57.430000
58.680000
58.680000
58.680000
58.680000
58.680000
58.680000
58.680000
58.680000
59.939999
59.939999
59.939999
59.939999
59.939999
59.939999
59.939999
59.939999
59.939999
59.939999
59.939999
59.939999
59.939999
59.939999
59.939999
59.939999
59.939999
59.939999
59.939999
61.200001
61.200001
61.200001
61.200001
61.200001
61.200001
61.200001
61.200001
61.200001
62.459999
62.459999
62.459999
62.459999
62.459999
62.459999
62.459999
62.459999
62.459999
62.459999
63.720001
63.720001
63.720001
63.720001
63.720001
63.720001
63.720001
63.720001
63.720001
64.970001
64.970001
64.970001
64.970001
64.970001
64.970001
64.970001
66.230003
66.230003
66.230003
66.230003
66.230003
66.230003
66.230003
66.230003
66.230003
66.230003
66.230003
66.230003
66.230003
67.489998
67.489998
67.489998
67.489998
67.489998
67.489998
67.489998
67.489998
67.489998
67.489998
67.489998
67.489998
67.489998
67.489998
67.489998
67.489998
67.489998
68.750000
68.750000
68.750000
68.750000
68.750000
68.750000
68.750000
68.750000
68.750000
68.750000
68.750000
70.010002
70.010002
70.010002
70.010002
70.010002
70.010002
70.010002
70.010002
70.010002
70.010002
70.010002
70.010002
70.010002
70.010002
70.010002
71.260002
71.260002
71.260002
71.260002
71.260002
71.260002
72.519997
72.519997
72.519997
72.519997
72.519997
72.519997
73.779999
73.779999
73.779999
73.779999
73.779999
73.779999
73.779999
73.779999
73.779999
73.779999
73.779999
73.779999
73.779999
75.040001
75.040001
75.040001
75.040001
75.040001
75.040001
75.040001
75.040001
75.040001
75.040001
76.290001
76.290001
76.290001
76.290001
76.290001
77.550003
77.550003
77.550003
77.550003
77.550003
77.550003
77.550003
77.550003
77.550003
77.550003
77.550003
77.550003
77.550003
77.550003
78.809998
78.809998
78.809998
78.809998
78.809998
78.809998
78.809998
78.809998
78.809998
78.809998
78.809998
85.379997
85.379997
85.379997
85.379997
85.379997
85.379997
91.940002
91.940002
91.940002
91.940002
91.940002
91.940002
91.940002
91.940002
91.940002
91.940002
91.940002
91.940002
91.940002
98.510002
98.510002
98.510002
98.510002
98.510002
98.510002
105.099998
105.099998
105.099998
105.099998
105.099998
105.099998
105.099998
105.099998
105.099998
105.099998
110.000000
110.000000
110.000000
110.000000
110.000000
110.000000
110.000000
110.000000
110.000000
110.000000
110.000000
