0.000000
0.000000
0.000000
0.000000
0.000000
0.000000
0.000000
0.000000
0.000000
0.000000
0.000000
0.000000
0.000000
0.000000
0.000000
0.000000
0.000000
0.000000
0.000000
0.000000
0.000000
0.000000
0.000000
0.000000
0.000000
0.000000
0.000000
0.000000
0.000000
0.000000
0.000000
0.000000
0.000000
0.000000
0.000000
0.000000
0.000000
0.000000
0.000000
0.000000
0.000000
0.000000
0.000000
0.000000
0.000000
0.000000
0.000000
0.000000
0.000000
0.000000
0.000000
0.000000
0.000000
0.000000
0.000000
0.000000
0.000000
0.000000
0.000000
0.000000
0.000000
0.000000
0.000000
0.000000
0.880300
0.880300
0.880300
0.880300
0.880300
0.880300
0.880300
0.880300
0.880300
0.880300
0.880300
0.880300
0.880300
0.880300
0.880300
1.066000
1.066000
1.066000
1.066000
1.066000
1.066000
1.251000
1.251000
1.251000
1.251000
1.251000
1.251000
1.251000
1.437000
1.437000
1.437000
1.437000
1.437000
1.437000
1.437000
1.437000
1.437000
1.437000
1.622000
1.622000
1.622000
1.622000
1.622000
1.622000
1.622000
1.622000
1.622000
1.807000
1.807000
1.807000
1.807000
1.807000
1.807000
1.807000
1.807000
1.807000
1.807000
1.807000
1.993000
1.993000
1.993000
1.993000
1.993000
1.993000
1.993000
1.993000
2.178000
2.178000
2.178000
2.178000
2.178000
2.178000
2.178000
2.178000
2.178000
2.178000
2.178000
2.178000
2.364000
2.364000
2.364000
2.364000
2.364000
2.364000
2.364000
2.364000
2.364000
2.364000
2.364000
2.364000
2.364000
2.364000
2.364000
2.549000
2.549000
2.549000
2.549000
2.549000
2.549000
2.549000
2.549000
2.549000
2.549000
2.549000
2.549000
2.549000
2.734000
2.734000
2.734000
2.734000
2.734000
2.734000
2.734000
2.734000
2.734000
2.734000
2.920000
2.920000
2.920000
2.920000
2.920000
2.920000
2.920000
2.920000
2.920000
2.920000
2.920000
2.920000
3.105000
3.105000
3.105000
3.105000
3.105000
3.105000
3.105000
3.105000
3.105000
3.105000
3.291000
3.291000
3.291000
3.291000
3.291000
3.476000
3.476000
3.476000
3.476000
3.476000
3.476000
3.476000
3.476000
3.476000
3.476000
3.476000
3.476000
3.476000
3.662000
3.662000
3.662000
3.662000
3.662000
3.662000
3.662000
3.662000
3.662000
3.662000
3.662000
3.662000
3.662000
3.662000
3.662000
3.662000
3.847000
3.847000
3.847000
3.847000
3.847000
3.847000
3.847000
3.847000
3.847000
4.032000
4.032000
4.032000
4.032000
4.032000
4.032000
4.032000
4.032000
4.032000
4.032000
4.032000
4.032000
4.218000
4.218000
4.218000
4.218000
4.218000
4.218000
4.218000
4.218000
4.218000
4.403000
4.403000
4.403000
4.403000
4.403000
4.403000
4.403000
4.403000
4.589000
4.589000
4.589000
4.589000
4.589000
4.589000
4.589000
4.589000
4.589000
4.589000
4.589000
4.589000
4.589000
4.589000
4.589000
4.774000
4.774000
4.774000
4.774000
4.774000
4.959000
4.959000
4.959000
4.959000
4.959000
4.959000
4.959000
4.959000
4.959000
4.959000
4.959000
4.959000
5.145000
5.145000
5.145000
5.145000
5.145000
5.145000
5.145000
5.145000
5.145000
5.145000
5.145000
5.145000
5.330000
5.330000
5.330000
5.330000
5.330000
5.330000
5.330000
5.330000
5.330000
5.516000
5.516000
5.516000
5.516000
5.516000
5.516000
5.516000
5.516000
5.701000
5.701000
5.701000
5.701000
5.701000
5.701000
5.701000
5.887000
5.887000
5.887000
5.887000
5.887000
5.887000
5.887000
5.887000
5.887000
6.072000
6.072000
6.072000
6.072000
6.072000
6.072000
6.072000
6.072000
6.072000
6.072000
6.072000
6.072000
6.072000
6.257000
6.257000
6.257000
6.257000
6.257000
6.257000
6.257000
6.443000
6.443000
6.443000
6.443000
6.443000
6.443000
6.628000
6.628000
6.628000
6.628000
6.628000
6.628000
6.628000
6.628000
6.628000
6.628000
6.814000
6.814000
6.814000
6.814000
6.814000
6.814000
6.814000
6.814000
6.814000
6.999000
6.999000
6.999000
6.999000
6.999000
6.999000
6.999000
6.999000
6.999000
6.999000
6.999000
7.184000
7.184000
7.184000
7.184000
7.184000
7.370000
7.370000
7.370000
7.370000
7.370000
7.370000
7.370000
7.555000
7.555000
7.555000
7.555000
7.555000
7.555000
7.741000
7.741000
7.741000
7.741000
7.741000
7.741000
7.741000
7.741000
7.741000
7.741000
7.741000
7.741000
7.741000
7.926000
7.926000
7.926000
7.926000
7.926000
7.926000
7.926000
7.926000
7.926000
7.926000
7.926000
8.112000
8.112000
8.112000
8.112000
8.112000
8.112000
8.297000
8.297000
8.297000
8.297000
8.297000
8.297000
8.297000
8.297000
8.297000
8.297000
8.297000
8.297000
8.297000
8.482000
8.482000
8.482000
8.482000
8.482000
8.482000
8.482000
8.482000
8.482000
8.482000
8.668000
8.668000
8.668000
8.668000
8.668000
8.668000
8.853000
8.853000
8.853000
8.853000
8.853000
8.853000
8.853000
8.853000
9.039000
9.039000
9.039000
9.039000
9.039000
9.039000
9.039000
9.039000
9.039000
9.224000
9.224000
9.224000
9.224000
9.224000
9.224000
9.224000
9.224000
9.224000
9.224000
10.060000
10.060000
10.060000
10.060000
10.060000
10.060000
10.060000
10.060000
10.060000
10.060000
10.900000
10.900000
10.900000
10.900000
10.900000
10.900000
10.900000
10.900000
10.900000
10.900000
11.730000
11.730000
11.730000
11.730000
11.730000
11.730000
11.730000
11.730000
11.730000
11.730000
11.730000
11.730000
12.570000
12.570000
12.570000
12.570000
12.570000
13.410000
13.410000
13.410000
13.410000
13.410000
13.410000
13.410000
13.410000
14.240000
14.240000
14.240000
14.240000
14.240000
14.240000
14.240000
14.240000
15.080000
15.080000
15.080000
15.080000
15.080000
15.080000
15.080000
15.080000
15.080000
15.080000
15.920000
15.920000
15.920000
15.920000
15.920000
15.920000
15.920000
15.920000
15.920000
16.750000
16.750000
16.750000
16.750000
16.750000
16.750000
16.750000
16.750000
16.750000
16.750000
16.750000
17.590000
17.590000
17.590000
17.590000
17.590000
17.590000
17.590000
17.590000
17.590000
17.590000
17.590000
18.430000
18.430000
18.430000
18.430000
18.430000
18.430000
18.430000
18.430000
18.430000
18.430000
18.430000
19.260000
19.260000
19.260000
19.260000
19.260000
19.260000
19.260000
19.260000
19.260000
19.260000
20.100000
20.100000
20.100000
20.940001
20.940001
20.940001
20.940001
20.940001
20.940001
20.940001
20.940001
20.940001
21.770000
21.770000
21.770000
21.770000
21.770000
21.770000
21.770000
21.770000
21.770000
21.770000
22.610001
22.610001
22.610001
22.610001
22.610001
22.610001
22.610001
23.450001
23.450001
23.450001
23.450001
23.450001
23.450001
23.450001
23.450001
23.450001
23.450001
23.450001
23.450001
24.280001
25.120001
25.120001
25.120001
25.120001
25.120001
25.120001
25.120001
25.959999
25.959999
25.959999
25.959999
25.959999
25.959999
25.959999
25.959999
25.959999
25.959999
25.959999
25.959999
25.959999
25.959999
25.959999
26.790001
26.790001
26.790001
26.790001
26.790001
26.790001
26.790001
26.790001
26.790001
26.790001
26.790001
26.790001
26.790001
26.790001
27.629999
27.629999
27.629999
27.629999
27.629999
27.629999
27.629999
27.629999
27.629999
27.629999
28.469999
28.469999
28.469999
28.469999
28.469999
28.469999
28.469999
28.469999
28.469999
28.469999
29.299999
29.299999
29.299999
29.299999
29.299999
29.299999
29.299999
29.299999
29.299999
29.299999
30.139999
30.139999
30.139999
30.139999
30.139999
30.139999
30.139999
30.139999
30.139999
30.980000
30.980000
30.980000
31.809999
31.809999
31.809999
31.809999
32.650002
32.650002
32.650002
32.650002
32.650002
32.650002
32.650002
32.650002
32.650002
32.650002
32.650002
32.650002
33.490002
33.490002
33.490002
33.490002
33.490002
33.490002
33.490002
34.320000
34.320000
34.320000
34.320000
34.320000
34.320000
34.320000
34.320000
34.320000
34.320000
34.320000
34.320000
34.320000
34.320000
34.320000
35.160000
35.160000
35.160000
35.160000
35.160000
35.160000
35.160000
35.160000
35.160000
35.160000
36.000000
36.000000
36.000000
36.000000
36.000000
36.000000
36.000000
36.000000
36.000000
36.830002
36.830002
36.830002
36.830002
36.830002
36.830002
36.830002
36.830002
36.830002
36.830002
36.830002
37.669998
37.669998
37.669998
37.669998
37.669998
37.669998
37.669998
37.669998
37.669998
37.669998
37.669998
37.669998
37.669998
38.509998
38.509998
38.509998
38.509998
38.509998
38.509998
38.509998
38.509998
38.509998
38.509998
38.509998
39.340000
39.340000
39.340000
39.340000
39.340000
39.340000
39.340000
39.340000
39.340000
39.340000
40.180000
40.180000
40.180000
40.180000
40.180000
40.180000
40.180000
40.180000
40.180000
41.020000
41.020000
41.020000
41.020000
41.020000
41.020000
41.020000
41.020000
41.020000
41.020000
41.020000
41.849998
41.849998
41.849998
41.849998
41.849998
41.849998
41.849998
41.849998
42.689999
42.689999
42.689999
42.689999
42.689999
42.689999
42.689999
42.689999
42.689999
43.529999
43.529999
43.529999
43.529999
43.529999
43.529999
43.529999
43.529999
44.360001
44.360001
44.360001
44.360001
44.360001
44.360001
44.360001
45.200001
45.200001
45.200001
45.200001
45.200001
45.200001
45.200001
45.200001
45.200001
45.200001
45.200001
45.200001
45.200001
46.040001
46.040001
46.040001
46.040001
46.040001
46.040001
46.040001
46.040001
46.040001
46.040001
46.869999
46.869999
46.869999
46.869999
46.869999
46.869999
46.869999
46.869999
46.869999
46.869999
46.869999
46.869999
46.869999
55.009998
55.009998
55.009998
55.009998
55.009998
55.009998
55.009998
55.009998
55.009998
55.009998
55.009998
55.009998
55.009998
55.009998
55.009998
55.009998
55.009998
63.139999
63.139999
63.139999
63.139999
63.139999
63.139999
63.139999
63.139999
63.139999
63.139999
63.139999
71.269997
71.269997
71.269997
71.269997
71.269997
71.269997
71.269997
71.269997
79.400002
79.400002
79.400002
79.400002
79.400002
79.400002
79.400002
79.400002
79.400002
79.400002
79.400002
79.400002
79.400002
79.400002
79.400002
79.400002
85.500000
85.500000
85.500000
85.500000
85.500000
85.500000
85.500000
85.500000
85.500000
85.500000
85.500000
85.500000
