0.000000
0.000000
0.000000
0.000000
0.000000
0.000000
0.000000
0.000000
0.000000
0.000000
0.000000
0.000000
0.000000
0.000000
0.000000
0.000000
0.000000
0.000000
0.000000
0.000000
0.000000
0.000000
0.000000
0.000000
0.000000
0.000000
0.000000
0.000000
0.000000
0.000000
0.000000
0.324000
0.324000
0.324000
0.324000
0.324000
0.324000
0.423200
0.423200
0.423200
0.423200
0.423200
0.423200
0.423200
0.423200
0.423200
0.423200
0.423200
0.423200
0.423200
0.522400
0.522400
0.522400
0.522400
0.621600
0.621600
0.621600
0.621600
0.621600
0.621600
0.621600
0.621600
0.621600
0.621600
0.621600
0.621600
0.621600
0.720700
0.720700
0.720700
0.720700
0.720700
0.720700
0.720700
0.720700
0.720700
0.720700
0.720700
0.720700
0.720700
0.720700
0.819900
0.819900
0.819900
0.819900
0.819900
0.819900
0.819900
0.819900
0.819900
0.819900
0.919100
0.919100
0.919100
0.919100
0.919100
0.919100
0.919100
0.919100
0.919100
0.919100
1.018000
1.018000
1.018000
1.018000
1.018000
1.018000
1.018000
1.117000
1.117000
1.117000
1.117000
1.117000
1.117000
1.117000
1.217000
1.217000
1.217000
1.217000
1.217000
1.217000
1.217000
1.217000
1.217000
1.217000
1.217000
1.217000
1.217000
1.217000
1.217000
1.217000
1.217000
1.217000
1.217000
1.316000
1.316000
1.316000
1.316000
1.316000
1.316000
1.316000
1.316000
1.415000
1.415000
1.415000
1.415000
1.415000
1.415000
1.415000
1.415000
1.415000
1.514000
1.514000
1.514000
1.514000
1.514000
1.514000
1.514000
1.514000
1.514000
1.514000
1.514000
1.514000
1.514000
1.514000
1.514000
1.514000
1.514000
1.613000
1.613000
1.613000
1.613000
1.613000
1.613000
1.613000
1.613000
1.712000
1.712000
1.712000
1.712000
1.712000
1.712000
1.812000
1.812000
1.812000
1.812000
1.812000
1.812000
1.812000
1.812000
1.812000
1.812000
1.911000
1.911000
1.911000
1.911000
1.911000
2.010000
2.010000
2.010000
2.010000
2.010000
2.010000
2.010000
2.010000
2.010000
2.010000
2.109000
2.109000
2.109000
2.109000
2.109000
2.109000
2.109000
2.109000
2.208000
2.208000
2.208000
2.208000
2.208000
2.208000
2.208000
2.208000
2.307000
2.307000
2.307000
2.307000
2.307000
2.307000
2.307000
2.307000
2.307000
2.307000
2.307000
2.307000
2.307000
2.407000
2.407000
2.407000
2.407000
2.407000
2.407000
2.407000
2.407000
2.407000
2.407000
2.506000
2.506000
2.506000
2.506000
2.506000
2.506000
2.605000
2.605000
2.605000
2.605000
2.605000
2.605000
2.605000
2.605000
2.704000
2.704000
2.704000
2.704000
2.704000
2.704000
2.704000
2.704000
2.704000
2.704000
2.704000
2.704000
2.704000
2.803000
2.803000
2.803000
2.803000
2.803000
2.803000
2.803000
2.803000
2.803000
2.803000
2.803000
2.902000
2.902000
2.902000
2.902000
2.902000
2.902000
2.902000
2.902000
3.002000
3.002000
3.002000
3.002000
3.002000
3.002000
3.002000
3.002000
3.002000
3.002000
3.002000
3.002000
3.101000
3.101000
3.101000
3.101000
3.101000
3.101000
3.101000
3.101000
3.200000
3.200000
3.200000
3.200000
3.200000
3.200000
3.200000
3.200000
3.200000
3.200000
3.200000
3.200000
3.200000
3.299000
3.299000
3.299000
3.299000
3.299000
3.299000
3.299000
3.398000
3.398000
3.398000
3.398000
3.398000
3.398000
3.398000
3.398000
3.398000
3.398000
3.398000
3.398000
3.398000
3.398000
3.497000
3.497000
3.497000
3.497000
3.497000
3.597000
3.597000
3.597000
3.597000
3.597000
3.597000
3.597000
3.597000
3.696000
3.696000
3.696000
3.696000
3.696000
3.696000
3.696000
3.696000
3.696000
3.696000
3.696000
3.795000
3.795000
3.795000
3.795000
3.795000
3.795000
3.795000
3.795000
3.795000
3.795000
3.795000
3.795000
3.795000
3.894000
3.894000
3.894000
3.894000
3.894000
3.894000
3.894000
3.894000
3.894000
3.894000
3.894000
3.894000
3.894000
3.993000
3.993000
3.993000
3.993000
3.993000
3.993000
3.993000
3.993000
3.993000
3.993000
4.092000
4.092000
4.092000
4.092000
4.092000
4.092000
4.092000
4.092000
4.092000
4.092000
4.092000
4.092000
4.192000
4.192000
4.192000
4.192000
4.192000
4.192000
4.192000
4.192000
4.192000
4.192000
4.291000
4.291000
4.291000
4.291000
4.291000
4.291000
4.291000
4.291000
4.291000
4.291000
4.390000
4.390000
4.390000
4.390000
4.390000
4.390000
4.390000
4.489000
4.489000
4.489000
4.489000
4.489000
4.489000
4.489000
4.489000
4.489000
4.489000
4.489000
4.489000
4.588000
4.588000
4.588000
4.588000
4.588000
4.588000
4.588000
4.588000
4.588000
4.588000
4.588000
4.588000
4.588000
4.687000
4.687000
4.687000
4.687000
4.687000
4.687000
4.687000
4.687000
4.687000
4.687000
4.687000
4.687000
4.687000
4.687000
4.787000
4.787000
4.787000
4.787000
4.787000
4.787000
4.787000
4.787000
4.787000
4.787000
4.787000
4.787000
4.787000
4.787000
5.270000
5.270000
5.270000
5.270000
5.270000
5.270000
5.270000
5.754000
5.754000
5.754000
5.754000
5.754000
5.754000
5.754000
5.754000
6.237000
6.237000
6.237000
6.237000
6.237000
6.237000
6.237000
6.237000
6.237000
6.721000
6.721000
6.721000
6.721000
6.721000
6.721000
6.721000
6.721000
6.721000
6.721000
7.204000
7.204000
7.204000
7.204000
7.204000
7.204000
7.204000
7.204000
7.204000
7.204000
7.204000
7.204000
7.204000
7.204000
7.688000
7.688000
7.688000
7.688000
7.688000
7.688000
7.688000
7.688000
7.688000
7.688000
7.688000
7.688000
8.171000
8.171000
8.171000
8.171000
8.171000
8.171000
8.171000
8.171000
8.171000
8.655000
8.655000
8.655000
8.655000
8.655000
8.655000
8.655000
8.655000
8.655000
8.655000
8.655000
8.655000
9.138000
9.138000
9.138000
9.138000
9.138000
9.138000
9.138000
9.138000
9.138000
9.138000
9.622000
9.622000
9.622000
9.622000
9.622000
10.110000
10.110000
10.110000
10.110000
10.110000
10.110000
10.110000
10.110000
10.110000
10.110000
10.110000
10.110000
10.110000
10.110000
10.110000
10.590000
10.590000
10.590000
10.590000
10.590000
10.590000
10.590000
10.590000
10.590000
10.590000
10.590000
11.070000
11.070000
11.070000
11.070000
11.070000
11.070000
11.070000
11.070000
11.070000
11.070000
11.070000
11.070000
11.070000
11.070000
11.560000
11.560000
11.560000
11.560000
11.560000
11.560000
11.560000
12.040000
12.040000
12.040000
12.040000
12.040000
12.040000
12.520000
12.520000
12.520000
12.520000
12.520000
12.520000
13.010000
13.010000
13.010000
13.010000
13.010000
13.010000
13.010000
13.010000
13.490000
13.490000
13.490000
13.490000
13.970000
13.970000
13.970000
13.970000
13.970000
13.970000
13.970000
13.970000
13.970000
13.970000
13.970000
13.970000
14.460000
14.460000
14.460000
14.460000
14.460000
14.460000
14.460000
14.460000
14.940000
14.940000
14.940000
14.940000
14.940000
14.940000
14.940000
14.940000
14.940000
15.420000
15.420000
15.420000
15.420000
15.420000
15.420000
15.420000
15.910000
15.910000
15.910000
15.910000
15.910000
15.910000
15.910000
15.910000
15.910000
15.910000
15.910000
15.910000
15.910000
15.910000
15.910000
15.910000
15.910000
15.910000
15.910000
15.910000
16.389999
16.389999
16.389999
16.389999
16.389999
16.389999
16.389999
16.389999
16.389999
16.389999
16.389999
16.389999
16.389999
16.389999
16.389999
16.389999
16.389999
16.870001
16.870001
16.870001
16.870001
16.870001
16.870001
16.870001
16.870001
17.360001
17.360001
17.360001
17.360001
17.360001
17.360001
17.360001
17.360001
17.360001
17.360001
17.360001
17.360001
17.840000
17.840000
17.840000
17.840000
17.840000
17.840000
18.330000
18.330000
18.330000
18.330000
18.330000
18.330000
18.330000
18.330000
18.330000
18.330000
18.330000
18.330000
18.330000
18.809999
18.809999
18.809999
18.809999
18.809999
18.809999
18.809999
18.809999
18.809999
19.290001
19.290001
19.290001
19.290001
19.290001
19.290001
19.290001
19.290001
19.290001
19.290001
19.290001
19.290001
19.290001
19.290001
19.290001
19.290001
19.780001
19.780001
19.780001
19.780001
19.780001
20.260000
20.260000
20.260000
20.260000
20.260000
20.260000
20.260000
20.260000
20.260000
20.260000
20.260000
20.740000
20.740000
20.740000
20.740000
20.740000
21.230000
21.230000
21.230000
21.230000
21.230000
21.230000
21.230000
21.230000
21.230000
21.230000
21.709999
21.709999
21.709999
21.709999
21.709999
21.709999
21.709999
21.709999
21.709999
21.709999
22.190001
22.190001
22.190001
22.190001
22.190001
22.190001
22.190001
22.190001
22.190001
22.190001
22.190001
22.190001
22.190001
22.190001
22.190001
22.190001
22.680000
22.680000
22.680000
22.680000
22.680000
22.680000
22.680000
22.680000
22.680000
22.680000
23.160000
23.160000
23.160000
23.160000
23.160000
23.160000
23.160000
23.160000
23.639999
23.639999
23.639999
23.639999
23.639999
23.639999
23.639999
24.129999
24.129999
24.129999
24.129999
24.129999
24.129999
24.129999
24.610001
24.610001
24.610001
24.610001
24.610001
24.610001
24.610001
25.090000
25.090000
25.090000
25.090000
25.090000
25.090000
25.090000
25.090000
25.090000
25.090000
25.090000
25.090000
25.090000
25.580000
25.580000
25.580000
25.580000
25.580000
25.580000
25.580000
25.580000
25.580000
25.580000
25.580000
25.580000
25.580000
25.580000
25.580000
25.580000
26.059999
26.059999
26.059999
26.059999
26.059999
26.059999
26.059999
26.059999
26.540001
26.540001
26.540001
26.540001
26.540001
26.540001
26.540001
26.540001
26.540001
26.540001
26.540001
26.540001
26.540001
26.540001
26.540001
30.580000
30.580000
30.580000
30.580000
30.580000
30.580000
30.580000
30.580000
30.580000
34.619999
34.619999
34.619999
34.619999
34.619999
34.619999
38.660000
38.660000
38.660000
38.660000
38.660000
38.660000
38.660000
38.660000
38.660000
38.660000
38.660000
38.660000
38.660000
42.700001
42.700001
42.700001
42.700001
42.700001
45.730000
45.730000
45.730000
45.730000
45.730000
45.730000
45.730000
45.730000
45.730000
45.730000
45.730000
45.730000
45.730000
45.730000
45.730000
45.730000
45.730000
