0.000000
0.000000
0.000000
0.000000
0.000000
0.000000
0.000000
0.000000
0.000000
0.000000
0.000000
0.000000
0.000000
0.000000
0.000000
0.000000
0.000000
0.000000
0.000000
0.000000
0.000000
0.000000
0.000000
0.000000
0.000000
0.000000
0.000000
0.000000
0.000000
0.000000
0.000000
0.000000
0.000000
0.000000
0.000000
0.000000
0.000000
0.000000
0.000000
0.000000
0.000000
0.000000
0.000000
0.000000
0.000000
0.000000
0.000000
0.000000
0.000000
0.000000
0.000000
0.000000
0.114400
0.114400
0.114400
0.114400
0.114400
0.114400
0.114400
0.114400
0.114400
0.114400
0.114400
0.114400
0.211300
0.211300
0.211300
0.211300
0.211300
0.211300
0.211300
0.211300
0.211300
0.211300
0.211300
0.211300
0.211300
0.211300
0.211300
0.211300
0.211300
0.308200
0.308200
0.308200
0.308200
0.308200
0.308200
0.308200
0.308200
0.405100
0.405100
0.405100
0.405100
0.405100
0.405100
0.405100
0.405100
0.405100
0.502000
0.502000
0.502000
0.502000
0.502000
0.502000
0.502000
0.502000
0.502000
0.502000
0.598800
0.598800
0.598800
0.598800
0.598800
0.695700
0.695700
0.695700
0.695700
0.695700
0.695700
0.792600
0.792600
0.792600
0.792600
0.792600
0.792600
0.792600
0.792600
0.792600
0.792600
0.792600
0.792600
0.792600
0.889500
0.889500
0.889500
0.889500
0.889500
0.986400
0.986400
0.986400
0.986400
0.986400
0.986400
0.986400
0.986400
0.986400
0.986400
0.986400
0.986400
0.986400
0.986400
0.986400
0.986400
1.083000
1.083000
1.083000
1.083000
1.083000
1.083000
1.083000
1.083000
1.083000
1.083000
1.083000
1.083000
1.083000
1.083000
1.083000
1.083000
1.083000
1.180000
1.180000
1.180000
1.180000
1.180000
1.180000
1.180000
1.180000
1.180000
1.180000
1.277000
1.277000
1.277000
1.277000
1.277000
1.277000
1.277000
1.277000
1.277000
1.277000
1.277000
1.277000
1.277000
1.277000
1.277000
1.277000
1.277000
1.374000
1.374000
1.374000
1.374000
1.374000
1.374000
1.374000
1.374000
1.374000
1.471000
1.471000
1.471000
1.471000
1.471000
1.471000
1.471000
1.471000
1.568000
1.568000
1.568000
1.568000
1.568000
1.568000
1.568000
1.665000
1.665000
1.665000
1.665000
1.665000
1.665000
1.665000
1.665000
1.665000
1.761000
1.761000
1.761000
1.761000
1.761000
1.761000
1.761000
1.761000
1.761000
1.858000
1.858000
1.858000
1.858000
1.858000
1.858000
1.858000
1.858000
1.858000
1.858000
1.858000
1.858000
1.858000
1.858000
1.858000
1.955000
1.955000
1.955000
1.955000
1.955000
1.955000
2.052000
2.052000
2.052000
2.149000
2.149000
2.149000
2.149000
2.149000
2.149000
2.149000
2.149000
2.246000
2.246000
2.246000
2.246000
2.246000
2.246000
2.246000
2.246000
2.246000
2.246000
2.343000
2.343000
2.343000
2.343000
2.343000
2.343000
2.343000
2.343000
2.343000
2.343000
2.343000
2.343000
2.343000
2.343000
2.440000
2.440000
2.440000
2.440000
2.440000
2.440000
2.440000
2.440000
2.440000
2.440000
2.440000
2.537000
2.537000
2.537000
2.537000
2.537000
2.537000
2.537000
2.633000
2.633000
2.633000
2.633000
2.633000
2.633000
2.633000
2.633000
2.633000
2.633000
2.633000
2.730000
2.730000
2.730000
2.730000
2.730000
2.730000
2.730000
2.730000
2.730000
2.730000
2.730000
2.730000
2.730000
2.730000
2.730000
2.730000
2.730000
2.827000
2.827000
2.827000
2.827000
2.827000
2.827000
2.827000
2.827000
2.827000
2.924000
2.924000
2.924000
2.924000
2.924000
2.924000
2.924000
2.924000
2.924000
2.924000
2.924000
3.021000
3.021000
3.021000
3.021000
3.021000
3.021000
3.021000
3.021000
3.021000
3.021000
3.021000
3.021000
3.021000
3.021000
3.118000
3.118000
3.118000
3.118000
3.118000
3.118000
3.118000
3.215000
3.215000
3.215000
3.215000
3.215000
3.215000
3.215000
3.215000
3.215000
3.312000
3.312000
3.312000
3.312000
3.312000
3.312000
3.408000
3.408000
3.408000
3.408000
3.408000
3.408000
3.408000
3.408000
3.408000
3.408000
3.408000
3.505000
3.505000
3.505000
3.505000
3.505000
3.505000
3.602000
3.602000
3.602000
3.602000
3.602000
3.602000
3.602000
3.602000
3.699000
3.699000
3.699000
3.699000
3.699000
3.699000
3.699000
3.699000
3.699000
3.699000
3.796000
3.796000
3.796000
3.796000
3.796000
3.796000
3.796000
3.796000
3.796000
3.893000
3.893000
3.893000
3.893000
3.893000
3.990000
3.990000
3.990000
3.990000
3.990000
3.990000
3.990000
3.990000
3.990000
3.990000
3.990000
3.990000
3.990000
3.990000
3.990000
3.990000
4.087000
4.087000
4.087000
4.087000
4.087000
4.087000
4.087000
4.087000
4.087000
4.087000
4.087000
4.087000
4.184000
4.184000
4.184000
4.184000
4.184000
4.184000
4.184000
4.184000
4.184000
4.280000
4.280000
4.280000
4.280000
4.280000
4.280000
4.280000
4.280000
4.377000
4.377000
4.377000
4.377000
4.377000
4.377000
4.377000
4.377000
4.377000
4.377000
4.377000
4.377000
4.474000
4.474000
4.474000
4.474000
4.474000
4.474000
4.474000
4.474000
4.474000
4.474000
4.474000
4.474000
4.474000
4.474000
4.474000
4.474000
4.875000
4.875000
4.875000
4.875000
4.875000
4.875000
4.875000
4.875000
5.276000
5.276000
5.276000
5.276000
5.276000
5.276000
5.276000
5.677000
5.677000
5.677000
5.677000
6.078000
6.078000
6.078000
6.078000
6.078000
6.078000
6.078000
6.078000
6.078000
6.078000
6.078000
6.078000
6.078000
6.078000
6.078000
6.479000
6.479000
6.479000
6.479000
6.479000
6.479000
6.479000
6.479000
6.479000
6.479000
6.479000
6.479000
6.479000
6.880000
6.880000
6.880000
6.880000
6.880000
6.880000
7.281000
7.281000
7.281000
7.281000
7.281000
7.281000
7.281000
7.281000
7.281000
7.281000
7.281000
7.281000
7.682000
7.682000
7.682000
7.682000
7.682000
7.682000
7.682000
8.083000
8.083000
8.083000
8.083000
8.083000
8.083000
8.083000
8.083000
8.083000
8.083000
8.484000
8.484000
8.484000
8.484000
8.484000
8.484000
8.484000
8.484000
8.484000
8.484000
8.484000
8.484000
8.484000
8.484000
8.484000
8.484000
8.484000
8.885000
8.885000
8.885000
8.885000
8.885000
8.885000
8.885000
8.885000
8.885000
8.885000
8.885000
8.885000
9.285000
9.285000
9.285000
9.285000
9.285000
9.285000
9.285000
9.285000
9.285000
9.285000
9.686000
9.686000
9.686000
9.686000
9.686000
9.686000
9.686000
9.686000
9.686000
9.686000
9.686000
9.686000
9.686000
9.686000
9.686000
9.686000
9.686000
9.686000
9.686000
9.686000
9.686000
9.686000
9.686000
9.686000
9.686000
9.686000
9.686000
10.090000
10.090000
10.090000
10.090000
10.090000
10.090000
10.090000
10.090000
10.090000
10.490000
10.490000
10.490000
10.490000
10.490000
10.490000
10.490000
10.490000
10.490000
10.890000
10.890000
10.890000
10.890000
10.890000
10.890000
10.890000
10.890000
10.890000
11.290000
11.290000
11.290000
11.290000
11.290000
11.290000
11.290000
11.290000
11.290000
11.690000
11.690000
11.690000
11.690000
11.690000
11.690000
11.690000
11.690000
11.690000
11.690000
11.690000
11.690000
12.090000
12.090000
12.090000
12.090000
12.090000
12.090000
12.490000
12.490000
12.490000
12.490000
12.490000
12.890000
12.890000
12.890000
12.890000
12.890000
12.890000
12.890000
13.290000
13.290000
13.290000
13.290000
13.290000
13.290000
13.290000
13.290000
13.290000
13.700000
13.700000
13.700000
13.700000
13.700000
13.700000
13.700000
13.700000
13.700000
13.700000
13.700000
14.100000
14.100000
14.100000
14.100000
14.100000
14.100000
14.500000
14.500000
14.500000
14.500000
14.500000
14.500000
14.500000
14.500000
14.500000
14.500000
14.500000
14.500000
14.500000
14.900000
14.900000
14.900000
14.900000
14.900000
14.900000
14.900000
14.900000
14.900000
15.300000
15.300000
15.300000
15.300000
15.300000
15.300000
15.300000
15.300000
15.700000
15.700000
15.700000
15.700000
15.700000
16.100000
16.100000
16.100000
16.100000
16.100000
16.100000
16.100000
16.500000
16.500000
16.500000
16.500000
16.500000
16.500000
16.900000
16.900000
16.900000
16.900000
16.900000
16.900000
16.900000
16.900000
16.900000
16.900000
16.900000
17.299999
17.299999
17.299999
17.299999
17.299999
17.299999
17.299999
17.299999
17.709999
17.709999
17.709999
17.709999
17.709999
17.709999
17.709999
17.709999
17.709999
17.709999
17.709999
17.709999
17.709999
18.110001
18.110001
18.110001
18.110001
18.110001
18.110001
18.110001
18.510000
18.510000
18.510000
18.510000
18.510000
18.510000
18.510000
18.510000
18.510000
18.910000
18.910000
18.910000
18.910000
18.910000
18.910000
18.910000
18.910000
19.309999
19.309999
19.309999
19.309999
19.309999
19.309999
19.309999
19.309999
19.709999
19.709999
19.709999
19.709999
19.709999
19.709999
19.709999
19.709999
19.709999
20.110001
20.110001
20.110001
20.110001
20.110001
20.110001
20.110001
20.110001
20.110001
20.110001
20.510000
20.510000
20.510000
20.510000
20.510000
20.510000
20.510000
20.510000
20.510000
20.510000
20.910000
20.910000
20.910000
20.910000
20.910000
20.910000
20.910000
20.910000
20.910000
20.910000
20.910000
20.910000
20.910000
20.910000
20.910000
20.910000
20.910000
20.910000
21.309999
21.309999
21.309999
21.309999
21.309999
21.309999
21.309999
21.709999
21.709999
21.709999
21.709999
21.709999
21.709999
21.709999
21.709999
21.709999
21.709999
21.709999
22.120001
22.120001
22.120001
22.120001
22.120001
22.120001
22.120001
22.120001
22.520000
22.520000
22.520000
22.520000
22.520000
22.520000
22.520000
32.900002
32.900002
32.900002
32.900002
32.900002
32.900002
32.900002
32.900002
32.900002
32.900002
32.900002
32.900002
43.279999
43.279999
43.279999
43.279999
43.279999
43.279999
43.279999
43.279999
53.660000
53.660000
53.660000
53.660000
53.660000
53.660000
53.660000
53.660000
53.660000
53.660000
53.660000
64.040001
64.040001
64.040001
64.040001
64.040001
64.040001
64.040001
64.040001
64.040001
64.040001
64.040001
71.820000
71.820000
71.820000
71.820000
71.820000
71.820000
71.820000
