0.000000
0.000000
0.000000
0.000000
0.000000
0.000000
0.000000
0.000000
0.000000
0.000000
0.000000
0.000000
0.000000
0.000000
0.000000
0.000000
0.000000
0.000000
0.000000
0.000000
0.000000
0.000000
0.000000
0.000000
0.000000
0.000000
0.000000
0.000000
0.000000
0.000000
0.000000
0.000000
0.000000
0.000000
0.000000
0.000000
0.000000
0.000000
0.000000
0.000000
0.000000
0.000000
0.000000
0.000000
0.000000
0.000000
0.000000
0.000000
0.000000
0.000000
0.000000
0.000000
0.000000
0.315600
0.315600
0.315600
0.315600
0.315600
0.315600
0.315600
0.315600
0.315600
0.315600
0.315600
0.315600
0.603900
0.603900
0.603900
0.603900
0.603900
0.603900
0.603900
0.603900
0.603900
0.892100
0.892100
0.892100
0.892100
0.892100
0.892100
0.892100
0.892100
0.892100
0.892100
0.892100
0.892100
0.892100
0.892100
0.892100
0.892100
1.180000
1.180000
1.180000
1.180000
1.180000
1.180000
1.180000
1.180000
1.180000
1.180000
1.180000
1.180000
1.469000
1.469000
1.469000
1.469000
1.469000
1.469000
1.469000
1.469000
1.757000
1.757000
1.757000
1.757000
1.757000
1.757000
1.757000
1.757000
1.757000
1.757000
1.757000
2.045000
2.045000
2.045000
2.045000
2.045000
2.045000
2.045000
2.045000
2.045000
2.045000
2.045000
2.045000
2.045000
2.045000
2.045000
2.045000
2.333000
2.333000
2.333000
2.333000
2.333000
2.333000
2.333000
2.333000
2.333000
2.333000
2.333000
2.333000
2.333000
2.622000
2.622000
2.622000
2.622000
2.622000
2.622000
2.622000
2.622000
2.910000
2.910000
2.910000
2.910000
2.910000
2.910000
2.910000
2.910000
2.910000
2.910000
3.198000
3.198000
3.198000
3.198000
3.198000
3.198000
3.198000
3.487000
3.487000
3.487000
3.487000
3.487000
3.487000
3.487000
3.487000
3.487000
3.487000
3.775000
3.775000
3.775000
3.775000
3.775000
3.775000
3.775000
3.775000
3.775000
3.775000
3.775000
3.775000
3.775000
3.775000
3.775000
3.775000
3.775000
3.775000
3.775000
3.775000
4.063000
4.063000
4.063000
4.063000
4.063000
4.063000
4.063000
4.351000
4.351000
4.351000
4.351000
4.351000
4.351000
4.351000
4.351000
4.351000
4.351000
4.351000
4.640000
4.640000
4.640000
4.640000
4.640000
4.640000
4.640000
4.640000
4.640000
4.640000
4.640000
4.640000
4.640000
4.640000
4.640000
4.640000
4.640000
4.640000
4.928000
4.928000
4.928000
4.928000
4.928000
4.928000
4.928000
4.928000
4.928000
4.928000
4.928000
4.928000
5.216000
5.216000
5.216000
5.216000
5.216000
5.216000
5.216000
5.216000
5.216000
5.216000
5.216000
5.216000
5.216000
5.216000
5.216000
5.504000
5.504000
5.504000
5.504000
5.504000
5.504000
5.504000
5.504000
5.504000
5.793000
5.793000
5.793000
5.793000
5.793000
5.793000
5.793000
5.793000
5.793000
5.793000
5.793000
6.081000
6.081000
6.081000
6.081000
6.081000
6.081000
6.081000
6.081000
6.081000
6.081000
6.081000
6.081000
6.081000
6.081000
6.081000
6.081000
6.081000
6.369000
6.369000
6.369000
6.369000
6.369000
6.369000
6.369000
6.658000
6.658000
6.658000
6.658000
6.658000
6.658000
6.658000
6.658000
6.946000
6.946000
6.946000
6.946000
6.946000
6.946000
6.946000
6.946000
7.234000
7.234000
7.234000
7.234000
7.522000
7.522000
7.522000
7.522000
7.522000
7.522000
7.522000
7.522000
7.522000
7.522000
7.522000
7.522000
7.522000
7.811000
7.811000
7.811000
7.811000
7.811000
7.811000
7.811000
8.099000
8.099000
8.099000
8.099000
8.099000
8.099000
8.099000
8.099000
8.387000
8.387000
8.387000
8.387000
8.387000
8.387000
8.675000
8.675000
8.675000
8.675000
8.675000
8.675000
8.675000
8.675000
8.675000
8.675000
8.675000
8.675000
8.675000
8.675000
8.675000
8.964000
8.964000
8.964000
8.964000
8.964000
8.964000
8.964000
8.964000
8.964000
8.964000
9.252000
9.252000
9.252000
9.252000
9.252000
9.252000
9.252000
9.252000
9.252000
9.252000
9.252000
9.252000
9.252000
9.252000
9.540000
9.540000
9.540000
9.540000
9.540000
9.540000
9.540000
9.540000
9.540000
9.540000
9.540000
9.540000
9.828000
9.828000
9.828000
9.828000
9.828000
9.828000
9.828000
9.828000
9.828000
9.828000
9.828000
9.828000
9.828000
9.828000
10.120000
10.120000
10.120000
10.120000
10.120000
10.120000
10.120000
10.120000
10.120000
10.120000
10.120000
10.410000
10.410000
10.410000
10.410000
10.410000
10.410000
10.410000
10.410000
10.410000
10.690000
10.690000
10.690000
10.690000
10.690000
10.690000
10.690000
10.980000
10.980000
10.980000
10.980000
10.980000
10.980000
10.980000
10.980000
11.270000
11.270000
11.270000
11.270000
11.270000
11.270000
11.270000
11.270000
11.270000
11.270000
11.270000
11.270000
11.270000
11.270000
11.560000
11.560000
11.560000
11.560000
11.560000
11.560000
11.850000
11.850000
11.850000
11.850000
11.850000
11.850000
11.850000
11.850000
12.130000
12.130000
12.130000
12.130000
12.130000
12.130000
12.130000
12.130000
12.420000
12.420000
12.420000
12.420000
12.420000
12.420000
12.420000
12.710000
12.710000
12.710000
12.710000
12.710000
13.000000
13.000000
13.000000
13.000000
13.000000
13.000000
13.000000
13.000000
13.000000
13.000000
13.290000
13.290000
13.290000
13.290000
13.290000
13.290000
13.290000
13.290000
13.290000
14.300000
14.300000
14.300000
14.300000
14.300000
14.300000
14.300000
14.300000
14.300000
15.310000
15.310000
15.310000
15.310000
15.310000
15.310000
15.310000
15.310000
15.310000
16.320000
16.320000
16.320000
16.320000
16.320000
16.320000
16.320000
16.320000
16.320000
16.320000
17.320000
17.320000
17.320000
17.320000
17.320000
17.320000
17.320000
17.320000
17.320000
17.320000
17.320000
17.320000
17.320000
17.320000
17.320000
17.320000
18.330000
18.330000
18.330000
18.330000
18.330000
18.330000
18.330000
18.330000
18.330000
19.340000
19.340000
19.340000
19.340000
19.340000
19.340000
19.340000
19.340000
19.340000
19.340000
19.340000
20.350000
20.350000
20.350000
20.350000
20.350000
20.350000
20.350000
20.350000
20.350000
20.350000
20.350000
21.360001
21.360001
21.360001
21.360001
21.360001
21.360001
21.360001
21.360001
21.360001
21.360001
22.370001
22.370001
22.370001
22.370001
22.370001
23.379999
23.379999
23.379999
23.379999
23.379999
23.379999
23.379999
23.379999
23.379999
23.379999
23.379999
24.389999
24.389999
24.389999
24.389999
24.389999
24.389999
24.389999
24.389999
24.389999
24.389999
24.389999
24.389999
25.400000
25.400000
25.400000
25.400000
25.400000
25.400000
25.400000
25.400000
25.400000
26.410000
26.410000
26.410000
26.410000
26.410000
27.420000
27.420000
27.420000
27.420000
28.420000
28.420000
28.420000
28.420000
28.420000
28.420000
28.420000
28.420000
29.430000
29.430000
29.430000
29.430000
29.430000
29.430000
30.440001
30.440001
30.440001
30.440001
30.440001
30.440001
30.440001
31.450001
31.450001
31.450001
31.450001
31.450001
31.450001
31.450001
31.450001
31.450001
31.450001
31.450001
31.450001
32.459999
32.459999
32.459999
32.459999
32.459999
32.459999
32.459999
32.459999
32.459999
32.459999
32.459999
32.459999
32.459999
32.459999
33.470001
33.470001
33.470001
33.470001
33.470001
33.470001
33.470001
34.480000
34.480000
34.480000
34.480000
34.480000
34.480000
34.480000
34.480000
34.480000
35.490002
35.490002
35.490002
35.490002
35.490002
35.490002
35.490002
35.490002
36.500000
36.500000
36.500000
36.500000
36.500000
36.500000
36.500000
36.500000
36.500000
36.500000
37.509998
37.509998
37.509998
37.509998
37.509998
37.509998
37.509998
38.520000
38.520000
38.520000
38.520000
38.520000
38.520000
38.520000
38.520000
38.520000
38.520000
39.520000
39.520000
39.520000
39.520000
39.520000
39.520000
39.520000
39.520000
39.520000
39.520000
39.520000
39.520000
39.520000
39.520000
40.529999
40.529999
40.529999
40.529999
40.529999
40.529999
40.529999
41.540001
41.540001
41.540001
41.540001
41.540001
41.540001
41.540001
41.540001
41.540001
41.540001
42.549999
42.549999
42.549999
42.549999
42.549999
42.549999
42.549999
42.549999
43.560001
43.560001
43.560001
43.560001
43.560001
43.560001
43.560001
43.560001
43.560001
43.560001
44.570000
44.570000
44.570000
44.570000
44.570000
44.570000
44.570000
44.570000
44.570000
44.570000
44.570000
45.580002
45.580002
45.580002
45.580002
45.580002
45.580002
45.580002
45.580002
45.580002
45.580002
45.580002
45.580002
46.590000
46.590000
46.590000
46.590000
46.590000
46.590000
47.599998
47.599998
47.599998
47.599998
47.599998
47.599998
47.599998
48.610001
48.610001
48.610001
48.610001
48.610001
49.619999
49.619999
49.619999
49.619999
49.619999
49.619999
49.619999
49.619999
49.619999
49.619999
49.619999
49.619999
50.619999
50.619999
50.619999
50.619999
50.619999
50.619999
50.619999
50.619999
50.619999
51.630001
51.630001
51.630001
51.630001
51.630001
51.630001
51.630001
51.630001
51.630001
51.630001
51.630001
52.639999
52.639999
52.639999
52.639999
52.639999
52.639999
52.639999
52.639999
52.639999
53.650002
53.650002
53.650002
54.660000
54.660000
54.660000
54.660000
54.660000
54.660000
54.660000
54.660000
54.660000
54.660000
54.660000
54.660000
54.660000
54.660000
55.669998
55.669998
55.669998
55.669998
55.669998
55.669998
55.669998
55.669998
55.669998
55.669998
55.669998
56.680000
56.680000
56.680000
56.680000
56.680000
56.680000
56.680000
56.680000
56.680000
56.680000
56.680000
56.680000
56.680000
56.680000
57.689999
57.689999
57.689999
57.689999
57.689999
57.689999
57.689999
58.700001
58.700001
58.700001
58.700001
58.700001
58.700001
58.700001
65.559998
65.559998
65.559998
65.559998
65.559998
65.559998
65.559998
65.559998
65.559998
65.559998
65.559998
65.559998
65.559998
65.559998
72.419998
72.419998
72.419998
72.419998
72.419998
72.419998
72.419998
72.419998
72.419998
72.419998
72.419998
72.419998
79.290001
79.290001
79.290001
79.290001
86.150002
86.150002
86.150002
86.150002
86.150002
86.150002
86.150002
86.150002
86.150002
86.150002
86.150002
86.150002
91.300003
91.300003
91.300003
91.300003
91.300003
91.300003
91.300003
91.300003
91.300003
