0.000000
0.000000
0.000000
0.000000
0.000000
0.000000
0.000000
0.000000
0.000000
0.000000
0.000000
0.000000
0.000000
0.000000
0.000000
0.000000
0.000000
0.000000
0.000000
0.000000
0.000000
0.000000
0.000000
0.000000
0.000000
0.000000
0.000000
0.000000
0.000000
0.000000
0.000000
0.000000
0.000000
0.000000
0.000000
0.000000
0.000000
0.000000
0.000000
0.000000
0.000000
0.000000
0.000000
0.000000
0.000000
0.000000
0.000000
0.000000
0.000000
0.000000
0.000000
0.000000
0.000000
0.083360
0.083360
0.083360
0.083360
0.083360
0.083360
0.083360
0.083360
0.083360
0.083360
0.083360
0.083360
0.083360
0.146100
0.146100
0.146100
0.146100
0.146100
0.146100
0.146100
0.146100
0.146100
0.146100
0.146100
0.146100
0.208900
0.208900
0.208900
0.208900
0.208900
0.208900
0.208900
0.271700
0.271700
0.271700
0.271700
0.271700
0.271700
0.271700
0.271700
0.271700
0.271700
0.334500
0.334500
0.334500
0.334500
0.334500
0.334500
0.334500
0.334500
0.334500
0.334500
0.334500
0.334500
0.334500
0.334500
0.397300
0.397300
0.397300
0.397300
0.397300
0.397300
0.397300
0.460000
0.460000
0.460000
0.460000
0.522800
0.522800
0.522800
0.522800
0.522800
0.522800
0.522800
0.522800
0.522800
0.522800
0.585600
0.585600
0.585600
0.585600
0.585600
0.585600
0.585600
0.585600
0.585600
0.585600
0.585600
0.585600
0.585600
0.585600
0.648400
0.648400
0.648400
0.648400
0.648400
0.648400
0.711200
0.711200
0.711200
0.711200
0.711200
0.711200
0.711200
0.711200
0.711200
0.711200
0.773900
0.773900
0.773900
0.773900
0.773900
0.773900
0.773900
0.773900
0.773900
0.773900
0.836700
0.836700
0.836700
0.836700
0.836700
0.836700
0.836700
0.836700
0.836700
0.836700
0.836700
0.836700
0.899500
0.899500
0.899500
0.899500
0.899500
0.899500
0.899500
0.899500
0.899500
0.899500
0.962300
0.962300
0.962300
0.962300
0.962300
1.025000
1.025000
1.025000
1.025000
1.025000
1.025000
1.025000
1.025000
1.025000
1.025000
1.025000
1.088000
1.088000
1.088000
1.088000
1.088000
1.088000
1.088000
1.088000
1.088000
1.151000
1.151000
1.151000
1.151000
1.151000
1.151000
1.151000
1.151000
1.151000
1.151000
1.151000
1.151000
1.213000
1.213000
1.213000
1.213000
1.213000
1.213000
1.213000
1.213000
1.213000
1.213000
1.213000
1.213000
1.213000
1.213000
1.213000
1.276000
1.276000
1.276000
1.276000
1.276000
1.276000
1.276000
1.276000
1.276000
1.276000
1.276000
1.276000
1.276000
1.276000
1.276000
1.339000
1.339000
1.339000
1.339000
1.339000
1.339000
1.339000
1.339000
1.339000
1.339000
1.339000
1.339000
1.402000
1.402000
1.402000
1.402000
1.402000
1.402000
1.402000
1.402000
1.465000
1.465000
1.465000
1.465000
1.465000
1.465000
1.465000
1.465000
1.527000
1.527000
1.527000
1.527000
1.527000
1.527000
1.527000
1.527000
1.527000
1.527000
1.527000
1.590000
1.590000
1.590000
1.590000
1.590000
1.590000
1.590000
1.590000
1.653000
1.653000
1.653000
1.653000
1.653000
1.653000
1.653000
1.653000
1.653000
1.653000
1.653000
1.653000
1.716000
1.716000
1.716000
1.716000
1.716000
1.716000
1.716000
1.716000
1.716000
1.716000
1.716000
1.778000
1.778000
1.778000
1.778000
1.778000
1.778000
1.778000
1.778000
1.778000
1.778000
1.778000
1.778000
1.841000
1.841000
1.841000
1.841000
1.841000
1.841000
1.841000
1.841000
1.841000
1.841000
1.841000
1.904000
1.904000
1.904000
1.904000
1.904000
1.904000
1.904000
1.904000
1.904000
1.904000
1.904000
1.967000
1.967000
1.967000
1.967000
1.967000
1.967000
1.967000
1.967000
1.967000
1.967000
1.967000
1.967000
2.030000
2.030000
2.030000
2.030000
2.030000
2.030000
2.030000
2.030000
2.092000
2.092000
2.092000
2.092000
2.092000
2.092000
2.092000
2.092000
2.092000
2.092000
2.092000
2.092000
2.155000
2.155000
2.155000
2.155000
2.155000
2.155000
2.155000
2.155000
2.155000
2.155000
2.218000
2.218000
2.218000
2.218000
2.218000
2.218000
2.218000
2.218000
2.218000
2.218000
2.281000
2.281000
2.281000
2.281000
2.281000
2.281000
2.281000
2.281000
2.281000
2.281000
2.281000
2.343000
2.343000
2.343000
2.343000
2.406000
2.406000
2.406000
2.406000
2.406000
2.406000
2.406000
2.406000
2.406000
2.406000
2.406000
2.406000
2.469000
2.469000
2.469000
2.469000
2.469000
2.469000
2.532000
2.532000
2.532000
2.532000
2.532000
2.532000
2.532000
2.532000
2.532000
2.595000
2.595000
2.595000
2.595000
2.595000
2.595000
2.595000
2.595000
2.595000
2.595000
2.595000
2.595000
2.595000
2.595000
2.595000
2.595000
2.657000
2.657000
2.657000
2.657000
2.657000
2.657000
2.720000
2.720000
2.720000
2.720000
2.720000
2.720000
2.720000
2.720000
2.720000
2.720000
2.720000
2.720000
2.783000
2.783000
2.783000
2.783000
2.783000
2.783000
2.783000
2.783000
2.783000
2.846000
2.846000
2.846000
2.846000
2.846000
2.846000
2.846000
2.908000
2.908000
2.908000
2.908000
2.908000
2.908000
2.908000
3.177000
3.177000
3.177000
3.177000
3.177000
3.177000
3.177000
3.177000
3.445000
3.445000
3.445000
3.445000
3.445000
3.445000
3.445000
3.445000
3.445000
3.445000
3.445000
3.445000
3.713000
3.713000
3.713000
3.713000
3.713000
3.713000
3.713000
3.713000
3.713000
3.981000
3.981000
3.981000
3.981000
3.981000
3.981000
3.981000
3.981000
3.981000
3.981000
4.249000
4.249000
4.249000
4.249000
4.249000
4.249000
4.249000
4.249000
4.249000
4.249000
4.249000
4.249000
4.249000
4.249000
4.518000
4.518000
4.518000
4.518000
4.518000
4.518000
4.786000
4.786000
4.786000
4.786000
4.786000
4.786000
4.786000
4.786000
4.786000
4.786000
4.786000
4.786000
4.786000
4.786000
4.786000
5.054000
5.054000
5.054000
5.054000
5.054000
5.054000
5.054000
5.054000
5.054000
5.322000
5.322000
5.322000
5.322000
5.322000
5.322000
5.322000
5.322000
5.322000
5.322000
5.322000
5.322000
5.590000
5.590000
5.590000
5.590000
5.590000
5.590000
5.590000
5.590000
5.590000
5.859000
5.859000
5.859000
5.859000
5.859000
5.859000
5.859000
6.127000
6.127000
6.127000
6.127000
6.127000
6.395000
6.395000
6.395000
6.395000
6.395000
6.395000
6.395000
6.395000
6.395000
6.663000
6.663000
6.663000
6.663000
6.663000
6.663000
6.663000
6.663000
6.663000
6.663000
6.931000
6.931000
6.931000
6.931000
6.931000
6.931000
6.931000
6.931000
6.931000
7.199000
7.199000
7.199000
7.199000
7.199000
7.199000
7.199000
7.199000
7.199000
7.199000
7.199000
7.199000
7.199000
7.199000
7.199000
7.468000
7.468000
7.468000
7.468000
7.736000
7.736000
7.736000
8.004000
8.004000
8.004000
8.004000
8.004000
8.004000
8.004000
8.004000
8.004000
8.004000
8.004000
8.004000
8.004000
8.004000
8.004000
8.272000
8.272000
8.272000
8.272000
8.272000
8.272000
8.272000
8.272000
8.540000
8.540000
8.540000
8.540000
8.540000
8.540000
8.540000
8.540000
8.540000
8.540000
8.540000
8.540000
8.540000
8.540000
8.540000
8.809000
8.809000
8.809000
8.809000
8.809000
8.809000
8.809000
8.809000
8.809000
8.809000
9.077000
9.077000
9.077000
9.077000
9.077000
9.077000
9.077000
9.077000
9.077000
9.077000
9.345000
9.345000
9.345000
9.345000
9.345000
9.345000
9.345000
9.345000
9.613000
9.613000
9.613000
9.613000
9.613000
9.613000
9.881000
9.881000
9.881000
9.881000
9.881000
9.881000
9.881000
9.881000
10.150000
10.150000
10.150000
10.150000
10.150000
10.150000
10.150000
10.150000
10.150000
10.150000
10.420000
10.420000
10.420000
10.420000
10.420000
10.420000
10.420000
10.420000
10.420000
10.420000
10.420000
10.420000
10.420000
10.420000
10.420000
10.690000
10.690000
10.690000
10.690000
10.690000
10.690000
10.690000
10.690000
10.950000
10.950000
10.950000
10.950000
10.950000
10.950000
10.950000
10.950000
10.950000
10.950000
10.950000
10.950000
11.220000
11.220000
11.220000
11.220000
11.220000
11.220000
11.220000
11.220000
11.220000
11.490000
11.490000
11.490000
11.490000
11.490000
11.490000
11.490000
11.490000
11.490000
11.490000
11.490000
11.760000
11.760000
11.760000
11.760000
11.760000
11.760000
11.760000
11.760000
11.760000
12.030000
12.030000
12.030000
12.030000
12.030000
12.030000
12.030000
12.030000
12.030000
12.030000
12.030000
12.030000
12.030000
12.030000
12.030000
12.290000
12.290000
12.290000
12.290000
12.290000
12.290000
12.560000
12.560000
12.560000
12.560000
12.560000
12.560000
12.560000
12.560000
12.830000
12.830000
12.830000
12.830000
12.830000
12.830000
12.830000
13.100000
13.100000
13.100000
13.100000
13.100000
13.100000
13.100000
13.100000
13.100000
13.100000
13.100000
13.370000
13.370000
13.370000
13.370000
13.370000
13.370000
13.370000
13.370000
13.370000
13.370000
13.640000
13.640000
13.640000
13.640000
13.640000
13.640000
13.640000
13.640000
13.900000
13.900000
13.900000
13.900000
13.900000
14.170000
14.170000
14.170000
14.170000
14.170000
14.170000
14.170000
14.170000
14.170000
14.170000
14.170000
14.170000
14.170000
14.440000
14.440000
14.440000
14.440000
14.440000
14.440000
14.440000
14.440000
14.440000
14.440000
14.440000
14.440000
14.440000
14.440000
14.440000
14.440000
14.710000
14.710000
14.710000
14.710000
14.710000
14.710000
14.710000
14.710000
14.710000
14.710000
14.980000
14.980000
14.980000
14.980000
14.980000
14.980000
14.980000
14.980000
14.980000
14.980000
17.820000
17.820000
17.820000
17.820000
17.820000
17.820000
20.660000
20.660000
20.660000
20.660000
20.660000
20.660000
20.660000
20.660000
20.660000
20.660000
20.660000
20.660000
20.660000
20.660000
23.490000
23.490000
23.490000
23.490000
23.490000
23.490000
23.490000
23.490000
23.490000
23.490000
23.490000
26.330000
26.330000
26.330000
26.330000
26.330000
26.330000
26.330000
28.459999
28.459999
28.459999
28.459999
28.459999
28.459999
28.459999
28.459999
28.459999
