0.000000
0.000000
0.000000
0.000000
0.000000
0.000000
0.000000
0.000000
0.000000
0.000000
0.000000
0.000000
0.000000
0.000000
0.000000
0.000000
0.000000
0.000000
0.000000
0.000000
0.000000
0.000000
0.000000
0.000000
0.000000
0.000000
0.000000
0.000000
0.000000
0.000000
0.000000
0.000000
0.000000
0.000000
0.000000
0.000000
0.000000
0.000000
0.000000
0.000000
0.000000
0.000000
0.000000
0.000000
0.000000
0.000000
0.000000
0.000000
0.000000
0.000000
0.000000
0.366300
0.366300
0.366300
0.366300
0.366300
0.366300
0.366300
0.366300
0.366300
0.366300
0.366300
0.535200
0.535200
0.535200
0.535200
0.535200
0.535200
0.535200
0.535200
0.535200
0.535200
0.704200
0.704200
0.704200
0.704200
0.704200
0.704200
0.704200
0.704200
0.704200
0.873200
0.873200
0.873200
0.873200
0.873200
0.873200
0.873200
0.873200
0.873200
0.873200
0.873200
0.873200
0.873200
0.873200
1.042000
1.042000
1.042000
1.042000
1.042000
1.042000
1.042000
1.042000
1.042000
1.042000
1.042000
1.211000
1.211000
1.211000
1.211000
1.211000
1.211000
1.211000
1.211000
1.211000
1.380000
1.380000
1.380000
1.380000
1.380000
1.380000
1.380000
1.380000
1.380000
1.380000
1.380000
1.549000
1.549000
1.549000
1.549000
1.549000
1.549000
1.549000
1.549000
1.549000
1.549000
1.549000
1.549000
1.718000
1.718000
1.718000
1.718000
1.718000
1.718000
1.887000
1.887000
1.887000
1.887000
1.887000
1.887000
1.887000
1.887000
1.887000
1.887000
1.887000
2.056000
2.056000
2.056000
2.056000
2.056000
2.056000
2.056000
2.056000
2.056000
2.225000
2.225000
2.225000
2.225000
2.225000
2.225000
2.225000
2.225000
2.394000
2.394000
2.394000
2.394000
2.394000
2.394000
2.394000
2.394000
2.394000
2.563000
2.563000
2.563000
2.563000
2.563000
2.563000
2.563000
2.563000
2.563000
2.563000
2.563000
2.563000
2.563000
2.732000
2.732000
2.732000
2.732000
2.732000
2.732000
2.732000
2.732000
2.732000
2.732000
2.732000
2.901000
2.901000
2.901000
2.901000
2.901000
2.901000
2.901000
2.901000
2.901000
2.901000
2.901000
2.901000
2.901000
2.901000
3.070000
3.070000
3.070000
3.070000
3.070000
3.070000
3.070000
3.070000
3.070000
3.070000
3.070000
3.070000
3.070000
3.070000
3.239000
3.239000
3.239000
3.239000
3.239000
3.239000
3.239000
3.239000
3.408000
3.408000
3.408000
3.408000
3.408000
3.408000
3.408000
3.408000
3.408000
3.408000
3.408000
3.408000
3.577000
3.577000
3.577000
3.577000
3.577000
3.577000
3.577000
3.577000
3.577000
3.577000
3.577000
3.577000
3.577000
3.746000
3.746000
3.746000
3.746000
3.746000
3.746000
3.746000
3.746000
3.746000
3.746000
3.746000
3.915000
3.915000
3.915000
3.915000
3.915000
3.915000
3.915000
3.915000
3.915000
3.915000
3.915000
3.915000
3.915000
4.084000
4.084000
4.084000
4.084000
4.084000
4.253000
4.253000
4.253000
4.253000
4.253000
4.253000
4.253000
4.422000
4.422000
4.422000
4.422000
4.422000
4.422000
4.422000
4.422000
4.422000
4.422000
4.591000
4.591000
4.591000
4.591000
4.591000
4.591000
4.591000
4.591000
4.591000
4.591000
4.760000
4.760000
4.760000
4.760000
4.760000
4.760000
4.760000
4.760000
4.760000
4.760000
4.760000
4.760000
4.760000
4.760000
4.760000
4.760000
4.929000
4.929000
4.929000
4.929000
4.929000
4.929000
5.098000
5.098000
5.098000
5.098000
5.098000
5.098000
5.098000
5.098000
5.098000
5.267000
5.267000
5.267000
5.267000
5.267000
5.267000
5.267000
5.267000
5.436000
5.436000
5.436000
5.436000
5.436000
5.436000
5.436000
5.436000
5.436000
5.436000
5.436000
5.436000
5.436000
5.436000
5.436000
5.436000
5.436000
5.436000
5.605000
5.605000
5.605000
5.605000
5.605000
5.605000
5.605000
5.605000
5.605000
5.605000
5.605000
5.774000
5.774000
5.774000
5.774000
5.943000
5.943000
5.943000
5.943000
5.943000
5.943000
5.943000
5.943000
5.943000
5.943000
5.943000
5.943000
6.111000
6.111000
6.111000
6.111000
6.111000
6.111000
6.111000
6.111000
6.111000
6.280000
6.280000
6.280000
6.280000
6.280000
6.280000
6.280000
6.449000
6.449000
6.449000
6.449000
6.449000
6.449000
6.449000
6.449000
6.449000
6.449000
6.449000
6.449000
6.449000
6.618000
6.618000
6.618000
6.618000
6.618000
6.618000
6.618000
6.618000
6.618000
6.618000
6.787000
6.787000
6.787000
6.787000
6.787000
6.787000
6.787000
6.787000
6.787000
6.956000
6.956000
6.956000
6.956000
6.956000
6.956000
7.125000
7.125000
7.125000
7.125000
7.125000
7.294000
7.294000
7.294000
7.294000
7.294000
7.294000
7.294000
7.294000
7.294000
7.294000
7.463000
7.463000
7.463000
7.463000
7.463000
7.463000
7.632000
7.632000
7.632000
7.632000
7.632000
7.632000
7.632000
7.801000
7.801000
7.801000
7.801000
7.801000
7.801000
7.801000
7.801000
7.970000
7.970000
7.970000
7.970000
7.970000
7.970000
7.970000
7.970000
9.106000
9.106000
9.106000
9.106000
9.106000
9.106000
9.106000
9.106000
9.106000
9.106000
10.240000
10.240000
10.240000
10.240000
10.240000
10.240000
10.240000
10.240000
10.240000
10.240000
11.380000
11.380000
11.380000
11.380000
11.380000
11.380000
11.380000
11.380000
11.380000
11.380000
11.380000
11.380000
12.510000
12.510000
12.510000
12.510000
12.510000
12.510000
12.510000
12.510000
12.510000
12.510000
12.510000
13.650000
13.650000
13.650000
13.650000
13.650000
13.650000
13.650000
13.650000
14.790000
14.790000
14.790000
14.790000
14.790000
14.790000
14.790000
14.790000
14.790000
14.790000
14.790000
14.790000
14.790000
14.790000
15.920000
15.920000
15.920000
15.920000
17.059999
17.059999
17.059999
17.059999
17.059999
17.059999
17.059999
17.059999
17.059999
17.059999
17.059999
17.059999
17.059999
17.059999
18.190001
18.190001
18.190001
18.190001
18.190001
18.190001
18.190001
18.190001
18.190001
19.330000
19.330000
19.330000
19.330000
19.330000
19.330000
19.330000
19.330000
19.330000
19.330000
20.459999
20.459999
20.459999
20.459999
20.459999
20.459999
20.459999
20.459999
20.459999
20.459999
20.459999
21.600000
21.600000
21.600000
21.600000
21.600000
21.600000
21.600000
21.600000
21.600000
21.600000
21.600000
21.600000
22.740000
22.740000
22.740000
22.740000
22.740000
22.740000
22.740000
22.740000
22.740000
23.870001
23.870001
23.870001
23.870001
23.870001
23.870001
23.870001
23.870001
23.870001
25.010000
25.010000
25.010000
25.010000
25.010000
25.010000
25.010000
25.010000
25.010000
25.010000
26.139999
26.139999
26.139999
26.139999
26.139999
26.139999
26.139999
26.139999
26.139999
26.139999
26.139999
26.139999
26.139999
27.280001
27.280001
27.280001
27.280001
27.280001
27.280001
27.280001
27.280001
28.410000
28.410000
28.410000
28.410000
28.410000
28.410000
28.410000
28.410000
28.410000
28.410000
28.410000
28.410000
29.549999
29.549999
29.549999
29.549999
29.549999
29.549999
29.549999
29.549999
29.549999
29.549999
29.549999
29.549999
29.549999
29.549999
30.690001
30.690001
30.690001
30.690001
30.690001
30.690001
31.820000
31.820000
31.820000
31.820000
31.820000
31.820000
31.820000
31.820000
31.820000
31.820000
31.820000
31.820000
31.820000
31.820000
32.959999
32.959999
32.959999
32.959999
32.959999
32.959999
32.959999
32.959999
32.959999
32.959999
32.959999
32.959999
34.090000
34.090000
34.090000
34.090000
34.090000
34.090000
34.090000
35.230000
35.230000
35.230000
35.230000
35.230000
35.230000
35.230000
35.230000
35.230000
35.230000
35.230000
35.230000
36.369999
36.369999
36.369999
36.369999
36.369999
36.369999
36.369999
36.369999
36.369999
36.369999
36.369999
37.500000
37.500000
37.500000
37.500000
37.500000
37.500000
37.500000
37.500000
37.500000
38.639999
38.639999
38.639999
38.639999
38.639999
38.639999
38.639999
39.770000
39.770000
39.770000
39.770000
39.770000
39.770000
39.770000
39.770000
39.770000
40.910000
40.910000
40.910000
40.910000
40.910000
40.910000
40.910000
40.910000
40.910000
40.910000
42.040001
42.040001
42.040001
42.040001
42.040001
42.040001
42.040001
42.040001
42.040001
42.040001
42.040001
42.040001
42.040001
42.040001
42.040001
42.040001
43.180000
43.180000
43.180000
44.320000
44.320000
44.320000
44.320000
44.320000
45.450001
45.450001
45.450001
45.450001
45.450001
45.450001
45.450001
45.450001
45.450001
45.450001
45.450001
45.450001
45.450001
46.590000
46.590000
46.590000
46.590000
46.590000
46.590000
46.590000
46.590000
46.590000
47.720001
47.720001
47.720001
47.720001
47.720001
47.720001
47.720001
47.720001
47.720001
48.860001
48.860001
48.860001
48.860001
48.860001
48.860001
48.860001
48.860001
48.860001
48.860001
48.860001
49.990002
49.990002
49.990002
49.990002
49.990002
49.990002
49.990002
49.990002
49.990002
49.990002
49.990002
51.130001
51.130001
51.130001
51.130001
51.130001
51.130001
51.130001
51.130001
51.130001
51.130001
52.270000
52.270000
52.270000
52.270000
52.270000
52.270000
52.270000
52.270000
52.270000
53.400002
53.400002
53.400002
53.400002
53.400002
53.400002
53.400002
53.400002
53.400002
53.400002
54.540001
54.540001
54.540001
54.540001
54.540001
54.540001
54.540001
55.669998
55.669998
55.669998
55.669998
55.669998
55.669998
55.669998
55.669998
55.669998
55.669998
55.669998
55.669998
56.810001
56.810001
56.810001
56.810001
56.810001
56.810001
56.810001
56.810001
56.810001
56.810001
56.810001
56.810001
57.950001
57.950001
57.950001
57.950001
57.950001
57.950001
57.950001
57.950001
57.950001
59.080002
59.080002
59.080002
59.080002
59.080002
59.080002
59.080002
59.080002
59.080002
59.080002
59.080002
59.080002
67.980003
67.980003
67.980003
67.980003
67.980003
67.980003
67.980003
76.879997
76.879997
76.879997
76.879997
76.879997
76.879997
76.879997
85.779999
85.779999
85.779999
85.779999
85.779999
85.779999
85.779999
85.779999
85.779999
94.680000
94.680000
94.680000
94.680000
94.680000
94.680000
94.680000
94.680000
94.680000
94.680000
94.680000
101.400002
101.400002
101.400002
101.400002
101.400002
101.400002
101.400002
