0.000000
0.000000
0.000000
0.000000
0.000000
0.000000
0.000000
0.000000
0.000000
0.000000
0.000000
0.000000
0.000000
0.000000
0.000000
0.000000
0.000000
0.000000
0.000000
0.000000
0.000000
0.000000
0.000000
0.000000
0.000000
0.000000
0.000000
0.000000
0.000000
0.000000
0.000000
0.000000
0.000000
0.000000
0.000000
0.000000
0.000000
0.000000
0.000000
0.000000
0.000000
0.000000
0.000000
0.000000
0.000000
0.000000
0.055360
0.055360
0.055360
0.055360
0.055360
0.055360
0.055360
0.157600
0.157600
0.157600
0.157600
0.157600
0.157600
0.157600
0.157600
0.157600
0.157600
0.157600
0.259900
0.259900
0.259900
0.259900
0.259900
0.259900
0.259900
0.259900
0.259900
0.259900
0.259900
0.259900
0.259900
0.362100
0.362100
0.362100
0.362100
0.362100
0.362100
0.362100
0.362100
0.362100
0.362100
0.362100
0.362100
0.362100
0.362100
0.362100
0.362100
0.464400
0.464400
0.464400
0.464400
0.464400
0.464400
0.464400
0.464400
0.464400
0.464400
0.566600
0.566600
0.566600
0.566600
0.566600
0.566600
0.668900
0.668900
0.668900
0.668900
0.668900
0.668900
0.668900
0.668900
0.668900
0.668900
0.668900
0.771100
0.771100
0.771100
0.771100
0.771100
0.771100
0.771100
0.771100
0.771100
0.771100
0.771100
0.873400
0.873400
0.873400
0.873400
0.873400
0.975600
0.975600
0.975600
0.975600
0.975600
0.975600
0.975600
0.975600
0.975600
0.975600
1.078000
1.078000
1.078000
1.078000
1.078000
1.078000
1.078000
1.078000
1.180000
1.180000
1.180000
1.180000
1.180000
1.180000
1.180000
1.180000
1.180000
1.180000
1.180000
1.282000
1.282000
1.282000
1.282000
1.282000
1.282000
1.282000
1.282000
1.282000
1.282000
1.282000
1.282000
1.282000
1.385000
1.385000
1.385000
1.385000
1.385000
1.385000
1.385000
1.385000
1.487000
1.487000
1.487000
1.487000
1.487000
1.487000
1.487000
1.487000
1.589000
1.589000
1.589000
1.589000
1.589000
1.589000
1.589000
1.589000
1.589000
1.589000
1.691000
1.691000
1.691000
1.691000
1.691000
1.691000
1.691000
1.691000
1.691000
1.691000
1.691000
1.691000
1.691000
1.794000
1.794000
1.794000
1.794000
1.794000
1.794000
1.794000
1.896000
1.896000
1.896000
1.896000
1.896000
1.896000
1.896000
1.896000
1.896000
1.896000
1.896000
1.896000
1.896000
1.896000
1.896000
1.896000
1.896000
1.896000
1.896000
1.896000
1.896000
1.896000
1.896000
1.998000
1.998000
1.998000
1.998000
1.998000
1.998000
1.998000
1.998000
2.100000
2.100000
2.100000
2.100000
2.100000
2.100000
2.100000
2.100000
2.100000
2.100000
2.100000
2.100000
2.100000
2.100000
2.100000
2.203000
2.203000
2.203000
2.203000
2.203000
2.203000
2.203000
2.203000
2.203000
2.203000
2.305000
2.305000
2.305000
2.305000
2.305000
2.305000
2.305000
2.305000
2.305000
2.305000
2.305000
2.305000
2.407000
2.407000
2.407000
2.407000
2.407000
2.407000
2.407000
2.407000
2.407000
2.407000
2.509000
2.509000
2.509000
2.509000
2.509000
2.509000
2.509000
2.509000
2.612000
2.612000
2.612000
2.612000
2.612000
2.612000
2.612000
2.612000
2.612000
2.612000
2.612000
2.612000
2.612000
2.612000
2.714000
2.714000
2.714000
2.714000
2.714000
2.714000
2.714000
2.714000
2.816000
2.816000
2.816000
2.816000
2.816000
2.816000
2.816000
2.816000
2.816000
2.816000
2.918000
2.918000
2.918000
2.918000
2.918000
2.918000
2.918000
2.918000
2.918000
3.021000
3.021000
3.021000
3.021000
3.021000
3.021000
3.021000
3.021000
3.021000
3.123000
3.123000
3.123000
3.123000
3.123000
3.123000
3.123000
3.123000
3.123000
3.225000
3.225000
3.225000
3.225000
3.225000
3.225000
3.225000
3.225000
3.225000
3.225000
3.225000
3.225000
3.225000
3.327000
3.327000
3.327000
3.327000
3.327000
3.327000
3.327000
3.327000
3.327000
3.327000
3.327000
3.327000
3.430000
3.430000
3.430000
3.430000
3.430000
3.430000
3.430000
3.430000
3.430000
3.532000
3.532000
3.532000
3.532000
3.532000
3.532000
3.532000
3.532000
3.634000
3.634000
3.634000
3.634000
3.634000
3.634000
3.634000
3.736000
3.736000
3.736000
3.736000
3.736000
3.736000
3.736000
3.736000
3.736000
3.736000
3.736000
3.736000
3.736000
3.736000
3.839000
3.839000
3.839000
3.839000
3.839000
3.839000
3.839000
3.941000
3.941000
3.941000
3.941000
3.941000
3.941000
3.941000
4.043000
4.043000
4.043000
4.043000
4.043000
4.043000
4.043000
4.043000
4.043000
4.145000
4.145000
4.145000
4.248000
4.248000
4.248000
4.248000
4.248000
4.248000
4.248000
4.248000
4.350000
4.350000
4.350000
4.350000
4.350000
4.350000
4.350000
4.350000
4.350000
4.350000
4.350000
4.350000
4.350000
4.350000
4.350000
4.350000
4.350000
4.350000
4.350000
4.350000
4.452000
4.452000
4.452000
4.452000
4.452000
4.554000
4.554000
4.554000
4.554000
4.554000
4.554000
4.657000
4.657000
4.657000
4.657000
5.270000
5.270000
5.270000
5.884000
5.884000
5.884000
5.884000
5.884000
5.884000
5.884000
5.884000
5.884000
5.884000
5.884000
5.884000
5.884000
5.884000
6.498000
6.498000
6.498000
6.498000
6.498000
6.498000
6.498000
6.498000
6.498000
7.111000
7.111000
7.111000
7.111000
7.111000
7.111000
7.111000
7.111000
7.725000
7.725000
7.725000
7.725000
7.725000
7.725000
7.725000
7.725000
7.725000
7.725000
7.725000
8.338000
8.338000
8.338000
8.338000
8.338000
8.338000
8.338000
8.338000
8.338000
8.952000
8.952000
8.952000
8.952000
8.952000
8.952000
8.952000
8.952000
9.566000
9.566000
9.566000
9.566000
9.566000
9.566000
9.566000
9.566000
10.180000
10.180000
10.180000
10.180000
10.180000
10.180000
10.180000
10.180000
10.180000
10.180000
10.790000
10.790000
10.790000
10.790000
10.790000
10.790000
10.790000
10.790000
10.790000
10.790000
11.410000
11.410000
11.410000
11.410000
11.410000
11.410000
11.410000
11.410000
11.410000
11.410000
11.410000
11.410000
11.410000
11.410000
11.410000
11.410000
11.410000
12.020000
12.020000
12.020000
12.020000
12.020000
12.020000
12.020000
12.020000
12.020000
12.020000
12.020000
12.020000
12.020000
12.630000
12.630000
12.630000
12.630000
12.630000
12.630000
12.630000
12.630000
12.630000
12.630000
12.630000
12.630000
13.250000
13.250000
13.250000
13.250000
13.860000
13.860000
13.860000
13.860000
13.860000
13.860000
13.860000
13.860000
13.860000
13.860000
14.470000
14.470000
14.470000
14.470000
14.470000
14.470000
14.470000
14.470000
14.470000
14.470000
14.470000
14.470000
15.090000
15.090000
15.090000
15.090000
15.090000
15.090000
15.090000
15.090000
15.700000
15.700000
15.700000
15.700000
15.700000
15.700000
15.700000
15.700000
15.700000
15.700000
16.320000
16.320000
16.320000
16.320000
16.320000
16.320000
16.320000
16.320000
16.320000
16.320000
16.930000
16.930000
16.930000
16.930000
16.930000
16.930000
16.930000
16.930000
16.930000
17.540001
17.540001
17.540001
17.540001
17.540001
17.540001
17.540001
17.540001
17.540001
17.540001
17.540001
18.160000
18.160000
18.160000
18.160000
18.160000
18.160000
18.160000
18.160000
18.770000
18.770000
18.770000
18.770000
18.770000
18.770000
18.770000
19.379999
19.379999
19.379999
19.379999
19.379999
19.379999
19.379999
19.379999
19.379999
19.379999
19.379999
19.379999
20.000000
20.000000
20.000000
20.000000
20.000000
20.000000
20.000000
20.000000
20.000000
20.000000
20.000000
20.000000
20.610001
20.610001
20.610001
20.610001
20.610001
20.610001
20.610001
21.219999
21.219999
21.219999
21.219999
21.219999
21.219999
21.219999
21.219999
21.219999
21.219999
21.219999
21.219999
21.219999
21.219999
21.219999
21.219999
21.840000
21.840000
21.840000
21.840000
21.840000
21.840000
22.450001
22.450001
22.450001
22.450001
22.450001
22.450001
22.450001
22.450001
23.070000
23.070000
23.070000
23.070000
23.070000
23.070000
23.070000
23.070000
23.070000
23.070000
23.070000
23.070000
23.680000
23.680000
23.680000
23.680000
23.680000
23.680000
23.680000
23.680000
23.680000
23.680000
23.680000
23.680000
24.290001
24.290001
24.290001
24.290001
24.290001
24.290001
24.290001
24.290001
24.290001
24.290001
24.910000
24.910000
24.910000
24.910000
24.910000
24.910000
24.910000
24.910000
24.910000
25.520000
25.520000
25.520000
25.520000
25.520000
25.520000
25.520000
25.520000
25.520000
26.129999
26.129999
26.129999
26.129999
26.129999
26.129999
26.129999
26.129999
26.129999
26.129999
26.750000
26.750000
26.750000
26.750000
26.750000
26.750000
26.750000
26.750000
27.360001
27.360001
27.360001
27.360001
27.360001
27.360001
27.360001
27.360001
27.360001
27.360001
27.360001
27.360001
27.360001
27.360001
27.360001
27.360001
27.969999
27.969999
27.969999
27.969999
27.969999
27.969999
27.969999
27.969999
27.969999
27.969999
27.969999
27.969999
27.969999
28.590000
28.590000
28.590000
28.590000
28.590000
28.590000
29.200001
29.200001
29.200001
29.200001
29.200001
29.200001
29.200001
29.200001
29.200001
29.200001
29.200001
29.809999
29.809999
29.809999
29.809999
29.809999
29.809999
29.809999
29.809999
30.430000
30.430000
30.430000
30.430000
30.430000
30.430000
30.430000
30.430000
30.430000
30.430000
30.430000
30.430000
30.430000
30.430000
30.430000
31.040001
31.040001
31.040001
31.040001
31.040001
31.040001
31.040001
31.040001
31.660000
31.660000
31.660000
31.660000
31.660000
31.660000
31.660000
31.660000
31.660000
31.660000
31.660000
32.270000
32.270000
32.270000
32.270000
32.270000
32.270000
36.970001
36.970001
36.970001
36.970001
36.970001
36.970001
36.970001
36.970001
36.970001
36.970001
36.970001
36.970001
36.970001
36.970001
36.970001
41.669998
41.669998
41.669998
41.669998
41.669998
41.669998
46.369999
46.369999
46.369999
46.369999
46.369999
46.369999
46.369999
46.369999
46.369999
46.369999
46.369999
46.369999
46.369999
46.369999
51.070000
51.070000
51.070000
51.070000
51.070000
54.599998
54.599998
54.599998
54.599998
54.599998
54.599998
54.599998
54.599998
54.599998
54.599998
54.599998
54.599998
54.599998
