0.000000
0.000000
0.000000
0.000000
0.000000
0.000000
0.000000
0.000000
0.000000
0.000000
0.000000
0.000000
0.000000
0.000000
0.000000
0.000000
0.000000
0.000000
0.000000
0.000000
0.000000
0.000000
0.000000
0.000000
0.000000
0.000000
0.000000
0.000000
0.000000
0.000000
0.000000
0.000000
0.000000
0.000000
0.000000
0.000000
0.000000
0.000000
0.000000
0.000000
0.000000
0.000000
0.000000
0.000000
0.000000
0.000000
0.000000
0.000000
0.000000
0.000000
0.000000
0.000000
0.000000
0.299200
0.299200
0.299200
0.299200
0.299200
0.299200
0.299200
0.299200
0.299200
0.299200
0.299200
0.299200
0.299200
0.566700
0.566700
0.566700
0.566700
0.566700
0.566700
0.566700
0.566700
0.566700
0.566700
0.566700
0.834100
0.834100
0.834100
0.834100
0.834100
0.834100
0.834100
0.834100
0.834100
0.834100
0.834100
0.834100
0.834100
1.102000
1.102000
1.102000
1.102000
1.102000
1.102000
1.102000
1.102000
1.369000
1.369000
1.369000
1.369000
1.369000
1.369000
1.369000
1.369000
1.369000
1.636000
1.636000
1.636000
1.636000
1.636000
1.636000
1.636000
1.636000
1.636000
1.636000
1.636000
1.904000
1.904000
1.904000
1.904000
1.904000
1.904000
1.904000
1.904000
1.904000
1.904000
2.171000
2.171000
2.171000
2.171000
2.171000
2.171000
2.171000
2.171000
2.171000
2.171000
2.171000
2.171000
2.171000
2.171000
2.171000
2.171000
2.439000
2.439000
2.439000
2.439000
2.439000
2.439000
2.439000
2.439000
2.439000
2.706000
2.706000
2.706000
2.706000
2.706000
2.706000
2.706000
2.706000
2.706000
2.706000
2.706000
2.706000
2.706000
2.973000
2.973000
2.973000
2.973000
2.973000
2.973000
2.973000
2.973000
2.973000
2.973000
2.973000
2.973000
2.973000
2.973000
2.973000
3.241000
3.241000
3.241000
3.241000
3.241000
3.241000
3.241000
3.241000
3.241000
3.241000
3.241000
3.241000
3.241000
3.508000
3.508000
3.508000
3.508000
3.508000
3.508000
3.508000
3.508000
3.508000
3.776000
3.776000
3.776000
3.776000
3.776000
3.776000
3.776000
4.043000
4.043000
4.043000
4.043000
4.043000
4.043000
4.311000
4.311000
4.311000
4.311000
4.311000
4.311000
4.311000
4.311000
4.311000
4.311000
4.311000
4.578000
4.578000
4.578000
4.578000
4.578000
4.578000
4.578000
4.578000
4.845000
4.845000
4.845000
4.845000
4.845000
4.845000
5.113000
5.113000
5.113000
5.113000
5.113000
5.113000
5.113000
5.113000
5.113000
5.113000
5.113000
5.113000
5.113000
5.113000
5.113000
5.113000
5.113000
5.380000
5.380000
5.380000
5.380000
5.380000
5.380000
5.380000
5.380000
5.380000
5.380000
5.380000
5.380000
5.380000
5.648000
5.648000
5.648000
5.648000
5.648000
5.648000
5.648000
5.648000
5.648000
5.648000
5.648000
5.915000
5.915000
5.915000
5.915000
5.915000
5.915000
5.915000
5.915000
5.915000
5.915000
6.183000
6.183000
6.183000
6.183000
6.183000
6.183000
6.183000
6.450000
6.450000
6.450000
6.450000
6.450000
6.450000
6.450000
6.450000
6.450000
6.450000
6.717000
6.717000
6.717000
6.717000
6.717000
6.717000
6.717000
6.717000
6.717000
6.717000
6.717000
6.717000
6.985000
6.985000
6.985000
6.985000
6.985000
6.985000
6.985000
6.985000
6.985000
7.252000
7.252000
7.252000
7.252000
7.252000
7.252000
7.252000
7.252000
7.252000
7.252000
7.252000
7.252000
7.520000
7.520000
7.520000
7.520000
7.520000
7.520000
7.520000
7.520000
7.520000
7.520000
7.520000
7.520000
7.787000
7.787000
7.787000
7.787000
7.787000
7.787000
7.787000
7.787000
7.787000
7.787000
7.787000
7.787000
7.787000
8.055000
8.055000
8.055000
8.055000
8.055000
8.055000
8.055000
8.055000
8.055000
8.055000
8.055000
8.322000
8.322000
8.322000
8.322000
8.322000
8.322000
8.322000
8.322000
8.322000
8.589000
8.589000
8.589000
8.589000
8.589000
8.589000
8.589000
8.857000
8.857000
8.857000
8.857000
8.857000
8.857000
8.857000
8.857000
8.857000
8.857000
9.124000
9.124000
9.124000
9.124000
9.124000
9.124000
9.124000
9.124000
9.124000
9.124000
9.124000
9.124000
9.392000
9.392000
9.392000
9.392000
9.392000
9.392000
9.392000
9.392000
9.659000
9.659000
9.659000
9.659000
9.659000
9.659000
9.927000
9.927000
9.927000
9.927000
9.927000
9.927000
9.927000
9.927000
9.927000
10.190000
10.190000
10.190000
10.190000
10.190000
10.190000
10.190000
10.190000
10.460000
10.460000
10.460000
10.460000
10.460000
10.460000
10.460000
10.460000
10.460000
10.730000
10.730000
10.730000
10.730000
10.730000
10.730000
10.730000
10.730000
10.730000
10.730000
11.000000
11.000000
11.000000
11.000000
11.000000
11.000000
11.000000
11.000000
11.000000
11.000000
11.260000
11.260000
11.260000
11.260000
11.260000
11.260000
11.260000
11.260000
11.260000
11.260000
11.530000
11.530000
11.530000
11.530000
11.530000
11.530000
11.530000
11.530000
11.800000
11.800000
11.800000
11.800000
11.800000
11.800000
11.800000
11.800000
11.800000
11.800000
12.070000
12.070000
12.070000
12.070000
12.070000
12.070000
12.070000
12.070000
12.070000
12.070000
12.070000
12.070000
12.070000
12.070000
12.070000
12.070000
12.330000
12.330000
12.330000
12.330000
12.330000
12.330000
12.330000
12.330000
12.330000
12.330000
12.330000
12.330000
13.470000
13.470000
13.470000
13.470000
13.470000
13.470000
13.470000
13.470000
14.600000
14.600000
14.600000
14.600000
14.600000
14.600000
14.600000
14.600000
15.730000
15.730000
15.730000
15.730000
15.730000
15.730000
16.860001
16.860001
16.860001
16.860001
16.860001
16.860001
16.860001
16.860001
16.860001
17.990000
19.120001
19.120001
19.120001
19.120001
19.120001
19.120001
19.120001
19.120001
20.260000
20.260000
20.260000
20.260000
20.260000
20.260000
20.260000
20.260000
20.260000
21.389999
21.389999
21.389999
21.389999
21.389999
21.389999
22.520000
22.520000
22.520000
22.520000
22.520000
23.650000
23.650000
23.650000
23.650000
23.650000
23.650000
23.650000
23.650000
23.650000
23.650000
23.650000
23.650000
23.650000
23.650000
23.650000
23.650000
24.780001
24.780001
25.920000
25.920000
25.920000
25.920000
25.920000
25.920000
25.920000
25.920000
27.049999
27.049999
27.049999
27.049999
27.049999
27.049999
27.049999
27.049999
27.049999
27.049999
27.049999
28.180000
28.180000
28.180000
28.180000
28.180000
28.180000
28.180000
29.309999
29.309999
29.309999
29.309999
29.309999
29.309999
29.309999
29.309999
29.309999
30.440001
30.440001
30.440001
30.440001
30.440001
30.440001
30.440001
30.440001
30.440001
30.440001
30.440001
30.440001
31.580000
31.580000
31.580000
31.580000
31.580000
31.580000
31.580000
31.580000
31.580000
31.580000
32.709999
32.709999
32.709999
32.709999
32.709999
32.709999
32.709999
32.709999
32.709999
32.709999
32.709999
32.709999
32.709999
32.709999
32.709999
32.709999
33.840000
33.840000
33.840000
33.840000
33.840000
33.840000
33.840000
33.840000
33.840000
33.840000
33.840000
33.840000
33.840000
33.840000
33.840000
33.840000
33.840000
34.970001
34.970001
34.970001
34.970001
34.970001
34.970001
34.970001
34.970001
34.970001
34.970001
36.099998
36.099998
36.099998
36.099998
36.099998
36.099998
36.099998
36.099998
36.099998
36.099998
37.230000
37.230000
37.230000
37.230000
37.230000
37.230000
38.369999
38.369999
38.369999
38.369999
38.369999
38.369999
38.369999
38.369999
38.369999
38.369999
38.369999
39.500000
39.500000
39.500000
39.500000
39.500000
39.500000
39.500000
39.500000
39.500000
39.500000
40.630001
40.630001
40.630001
40.630001
40.630001
40.630001
40.630001
40.630001
40.630001
40.630001
41.759998
41.759998
41.759998
41.759998
41.759998
41.759998
41.759998
41.759998
41.759998
41.759998
41.759998
41.759998
42.889999
42.889999
42.889999
42.889999
42.889999
42.889999
42.889999
44.029999
44.029999
44.029999
44.029999
44.029999
44.029999
44.029999
45.160000
45.160000
45.160000
45.160000
45.160000
45.160000
45.160000
45.160000
45.160000
45.160000
46.290001
46.290001
46.290001
46.290001
46.290001
46.290001
46.290001
46.290001
47.419998
47.419998
47.419998
47.419998
47.419998
47.419998
47.419998
48.549999
48.549999
48.549999
48.549999
48.549999
48.549999
48.549999
48.549999
48.549999
48.549999
48.549999
49.689999
49.689999
49.689999
49.689999
49.689999
49.689999
49.689999
49.689999
49.689999
50.820000
50.820000
50.820000
50.820000
50.820000
50.820000
51.950001
51.950001
51.950001
51.950001
51.950001
51.950001
51.950001
51.950001
51.950001
51.950001
51.950001
51.950001
53.080002
53.080002
53.080002
53.080002
53.080002
53.080002
53.080002
53.080002
54.209999
54.209999
54.209999
54.209999
54.209999
54.209999
54.209999
54.209999
54.209999
54.209999
54.209999
54.209999
54.209999
55.340000
55.340000
55.340000
55.340000
55.340000
55.340000
55.340000
55.340000
56.480000
56.480000
56.480000
56.480000
56.480000
56.480000
56.480000
56.480000
56.480000
56.480000
57.610001
57.610001
57.610001
57.610001
57.610001
58.740002
58.740002
58.740002
58.740002
58.740002
58.740002
58.740002
58.740002
58.740002
58.740002
58.740002
58.740002
59.869999
59.869999
59.869999
59.869999
59.869999
59.869999
59.869999
59.869999
59.869999
59.869999
61.000000
61.000000
61.000000
61.000000
61.000000
61.000000
61.000000
61.000000
61.000000
61.000000
61.000000
61.000000
61.000000
62.139999
62.139999
62.139999
62.139999
62.139999
62.139999
62.139999
62.139999
62.139999
62.139999
63.270000
63.270000
63.270000
63.270000
63.270000
63.270000
63.270000
63.270000
63.270000
63.270000
68.139999
68.139999
68.139999
68.139999
68.139999
68.139999
68.139999
68.139999
68.139999
68.139999
68.139999
68.139999
73.019997
73.019997
73.019997
73.019997
73.019997
73.019997
73.019997
73.019997
73.019997
73.019997
73.019997
77.900002
77.900002
77.900002
77.900002
77.900002
77.900002
77.900002
77.900002
77.900002
77.900002
82.769997
82.769997
82.769997
82.769997
82.769997
82.769997
82.769997
82.769997
82.769997
82.769997
82.769997
82.769997
86.430000
86.430000
86.430000
86.430000
86.430000
86.430000
86.430000
86.430000
86.430000
86.430000
