0.000000
0.000000
0.000000
0.000000
0.000000
0.000000
0.000000
0.000000
0.000000
0.000000
0.000000
0.000000
0.000000
0.000000
0.000000
0.000000
0.000000
0.000000
0.000000
0.000000
0.000000
0.000000
0.000000
0.000000
0.000000
0.000000
0.000000
0.000000
0.000000
0.000000
0.000000
0.000000
0.000000
0.000000
0.000000
0.000000
0.000000
0.000000
0.000000
0.000000
0.000000
0.000000
0.000000
0.000000
0.000000
0.000000
0.000000
0.000000
0.000000
0.000000
0.000000
0.000000
0.000000
0.000000
0.000000
0.185300
0.185300
0.185300
0.185300
0.185300
0.185300
0.350200
0.350200
0.350200
0.350200
0.350200
0.350200
0.350200
0.350200
0.350200
0.350200
0.515200
0.515200
0.515200
0.515200
0.515200
0.515200
0.515200
0.515200
0.515200
0.515200
0.680100
0.680100
0.680100
0.680100
0.680100
0.680100
0.680100
0.680100
0.680100
0.845100
0.845100
0.845100
0.845100
0.845100
0.845100
0.845100
0.845100
0.845100
1.010000
1.010000
1.010000
1.010000
1.010000
1.010000
1.010000
1.010000
1.010000
1.175000
1.175000
1.175000
1.175000
1.175000
1.175000
1.175000
1.175000
1.340000
1.340000
1.340000
1.340000
1.340000
1.340000
1.340000
1.340000
1.505000
1.505000
1.505000
1.505000
1.505000
1.505000
1.505000
1.505000
1.505000
1.670000
1.670000
1.670000
1.670000
1.670000
1.670000
1.670000
1.670000
1.670000
1.670000
1.835000
1.835000
1.835000
2.000000
2.000000
2.000000
2.000000
2.000000
2.000000
2.000000
2.000000
2.165000
2.165000
2.165000
2.165000
2.165000
2.165000
2.165000
2.165000
2.165000
2.165000
2.165000
2.165000
2.165000
2.330000
2.330000
2.330000
2.330000
2.330000
2.330000
2.330000
2.330000
2.330000
2.330000
2.330000
2.330000
2.494000
2.494000
2.494000
2.494000
2.494000
2.659000
2.659000
2.659000
2.659000
2.659000
2.659000
2.659000
2.659000
2.659000
2.659000
2.659000
2.824000
2.824000
2.824000
2.824000
2.824000
2.824000
2.824000
2.824000
2.824000
2.824000
2.824000
2.824000
2.989000
2.989000
2.989000
2.989000
2.989000
2.989000
3.154000
3.154000
3.154000
3.154000
3.154000
3.154000
3.154000
3.154000
3.154000
3.319000
3.319000
3.319000
3.319000
3.319000
3.319000
3.484000
3.484000
3.484000
3.484000
3.484000
3.484000
3.484000
3.484000
3.484000
3.484000
3.484000
3.484000
3.484000
3.484000
3.649000
3.649000
3.649000
3.649000
3.649000
3.649000
3.649000
3.649000
3.649000
3.649000
3.649000
3.649000
3.814000
3.814000
3.814000
3.814000
3.814000
3.814000
3.814000
3.814000
3.814000
3.814000
3.814000
3.814000
3.979000
3.979000
3.979000
3.979000
3.979000
3.979000
3.979000
3.979000
3.979000
3.979000
4.144000
4.144000
4.144000
4.144000
4.144000
4.144000
4.144000
4.144000
4.144000
4.309000
4.309000
4.309000
4.309000
4.309000
4.309000
4.309000
4.309000
4.474000
4.474000
4.474000
4.474000
4.474000
4.474000
4.474000
4.474000
4.474000
4.474000
4.474000
4.639000
4.639000
4.639000
4.639000
4.639000
4.639000
4.639000
4.639000
4.639000
4.804000
4.804000
4.804000
4.804000
4.804000
4.804000
4.804000
4.804000
4.804000
4.804000
4.969000
4.969000
4.969000
4.969000
4.969000
4.969000
4.969000
4.969000
4.969000
4.969000
4.969000
4.969000
4.969000
4.969000
4.969000
4.969000
4.969000
4.969000
5.134000
5.134000
5.134000
5.134000
5.134000
5.134000
5.134000
5.134000
5.134000
5.298000
5.298000
5.298000
5.298000
5.298000
5.298000
5.298000
5.298000
5.463000
5.463000
5.463000
5.463000
5.463000
5.463000
5.463000
5.463000
5.628000
5.628000
5.628000
5.628000
5.628000
5.628000
5.628000
5.628000
5.628000
5.793000
5.793000
5.793000
5.793000
5.793000
5.793000
5.793000
5.793000
5.793000
5.793000
5.793000
5.793000
5.793000
5.793000
5.793000
5.793000
5.958000
5.958000
5.958000
5.958000
5.958000
5.958000
5.958000
5.958000
5.958000
5.958000
5.958000
6.123000
6.123000
6.123000
6.123000
6.123000
6.123000
6.123000
6.123000
6.123000
6.123000
6.123000
6.288000
6.288000
6.288000
6.288000
6.288000
6.288000
6.288000
6.453000
6.453000
6.453000
6.453000
6.453000
6.453000
6.453000
6.453000
6.453000
6.453000
6.453000
6.453000
6.618000
6.618000
6.618000
6.618000
6.618000
6.618000
6.618000
6.618000
6.618000
6.783000
6.783000
6.783000
6.783000
6.783000
6.783000
6.783000
6.783000
6.783000
6.783000
6.783000
6.783000
6.783000
6.948000
6.948000
6.948000
6.948000
6.948000
6.948000
6.948000
7.113000
7.113000
7.113000
7.113000
7.113000
7.113000
7.113000
7.113000
7.278000
7.278000
7.278000
7.278000
7.278000
7.278000
7.278000
7.278000
7.278000
7.278000
7.278000
7.278000
7.278000
7.278000
7.278000
7.278000
7.443000
7.443000
7.443000
7.443000
7.443000
7.443000
7.443000
7.443000
7.443000
7.443000
7.443000
7.443000
7.443000
7.608000
7.608000
7.608000
7.608000
7.608000
7.608000
8.275000
8.275000
8.275000
8.275000
8.275000
8.275000
8.275000
8.275000
8.942000
8.942000
8.942000
8.942000
8.942000
8.942000
8.942000
8.942000
8.942000
8.942000
8.942000
8.942000
9.609000
9.609000
9.609000
9.609000
9.609000
9.609000
9.609000
9.609000
9.609000
9.609000
9.609000
9.609000
9.609000
9.609000
10.280000
10.280000
10.280000
10.280000
10.280000
10.280000
10.280000
10.280000
10.280000
10.280000
10.280000
10.280000
10.280000
10.280000
10.940000
10.940000
10.940000
10.940000
10.940000
10.940000
10.940000
10.940000
10.940000
10.940000
10.940000
11.610000
11.610000
11.610000
11.610000
11.610000
11.610000
11.610000
11.610000
11.610000
11.610000
11.610000
11.610000
12.280000
12.280000
12.280000
12.280000
12.280000
12.280000
12.280000
12.280000
12.280000
12.280000
12.280000
12.280000
12.940000
12.940000
12.940000
12.940000
12.940000
12.940000
12.940000
12.940000
12.940000
12.940000
12.940000
12.940000
12.940000
12.940000
12.940000
13.610000
13.610000
13.610000
13.610000
13.610000
13.610000
13.610000
13.610000
13.610000
13.610000
14.280000
14.280000
14.280000
14.280000
14.280000
14.280000
14.280000
14.280000
14.280000
14.280000
14.280000
14.280000
14.280000
14.950000
14.950000
14.950000
14.950000
14.950000
15.610000
15.610000
15.610000
15.610000
15.610000
15.610000
15.610000
16.280001
16.280001
16.280001
16.280001
16.280001
16.280001
16.280001
16.950001
16.950001
16.950001
16.950001
16.950001
17.610001
17.610001
17.610001
17.610001
17.610001
17.610001
17.610001
17.610001
17.610001
17.610001
17.610001
17.610001
17.610001
17.610001
18.280001
18.280001
18.280001
18.280001
18.280001
18.280001
18.280001
18.280001
18.280001
18.280001
18.280001
18.280001
18.280001
18.950001
18.950001
18.950001
18.950001
18.950001
18.950001
18.950001
18.950001
18.950001
18.950001
19.620001
19.620001
19.620001
19.620001
19.620001
19.620001
19.620001
19.620001
19.620001
19.620001
19.620001
20.280001
20.280001
20.280001
20.280001
20.280001
20.280001
20.280001
20.280001
20.280001
20.950001
20.950001
20.950001
20.950001
20.950001
20.950001
20.950001
20.950001
21.620001
21.620001
21.620001
21.620001
21.620001
21.620001
21.620001
21.620001
21.620001
21.620001
21.620001
21.620001
21.620001
21.620001
21.620001
21.620001
21.620001
22.280001
22.280001
22.280001
22.280001
22.280001
22.280001
22.280001
22.950001
22.950001
22.950001
22.950001
22.950001
22.950001
22.950001
22.950001
22.950001
22.950001
22.950001
22.950001
22.950001
23.620001
23.620001
23.620001
23.620001
23.620001
23.620001
23.620001
23.620001
23.620001
23.620001
24.290001
24.290001
24.290001
24.290001
24.290001
24.950001
24.950001
24.950001
24.950001
24.950001
24.950001
24.950001
24.950001
24.950001
25.620001
25.620001
25.620001
25.620001
25.620001
25.620001
25.620001
25.620001
26.290001
26.290001
26.290001
26.290001
26.290001
26.290001
26.290001
26.290001
26.290001
26.290001
26.290001
26.950001
26.950001
26.950001
26.950001
26.950001
26.950001
26.950001
26.950001
26.950001
26.950001
27.620001
27.620001
27.620001
27.620001
27.620001
27.620001
27.620001
27.620001
28.290001
28.290001
28.290001
28.290001
28.290001
28.290001
28.290001
28.290001
28.290001
28.959999
28.959999
28.959999
28.959999
28.959999
28.959999
28.959999
28.959999
28.959999
28.959999
28.959999
29.620001
29.620001
29.620001
29.620001
29.620001
29.620001
29.620001
29.620001
30.290001
30.290001
30.290001
30.290001
30.290001
30.290001
30.290001
30.290001
30.290001
30.290001
30.290001
30.959999
30.959999
30.959999
30.959999
30.959999
30.959999
30.959999
30.959999
30.959999
31.620001
31.620001
31.620001
31.620001
31.620001
31.620001
31.620001
31.620001
31.620001
31.620001
32.290001
32.290001
32.290001
32.290001
32.290001
32.290001
32.290001
32.290001
32.290001
32.959999
32.959999
32.959999
32.959999
32.959999
32.959999
32.959999
33.630001
33.630001
33.630001
33.630001
33.630001
33.630001
33.630001
33.630001
33.630001
33.630001
33.630001
33.630001
33.630001
33.630001
33.630001
34.290001
34.290001
34.290001
34.290001
34.290001
34.290001
34.959999
34.959999
34.959999
34.959999
34.959999
34.959999
34.959999
34.959999
34.959999
35.630001
35.630001
35.630001
35.630001
35.630001
35.630001
36.290001
36.290001
36.290001
36.290001
36.290001
36.290001
36.290001
36.959999
36.959999
36.959999
36.959999
36.959999
36.959999
36.959999
36.959999
37.630001
37.630001
37.630001
37.630001
37.630001
37.630001
37.630001
37.630001
37.630001
48.230000
48.230000
48.230000
48.230000
48.230000
48.230000
48.230000
48.230000
48.230000
48.230000
48.230000
48.230000
58.840000
58.840000
58.840000
58.840000
58.840000
58.840000
58.840000
58.840000
58.840000
69.440002
69.440002
69.440002
69.440002
69.440002
69.440002
69.440002
69.440002
69.440002
69.440002
69.440002
69.440002
69.440002
69.440002
69.440002
80.050003
80.050003
80.050003
80.050003
80.050003
80.050003
80.050003
80.050003
80.050003
80.050003
80.050003
88.000000
88.000000
88.000000
88.000000
88.000000
88.000000
88.000000
