0.000000
0.000000
0.000000
0.000000
0.000000
0.000000
0.000000
0.000000
0.000000
0.000000
0.000000
0.000000
0.000000
0.000000
0.000000
0.000000
0.000000
0.000000
0.000000
0.000000
0.000000
0.000000
0.000000
0.000000
0.000000
0.000000
0.000000
0.000000
0.000000
0.000000
0.000000
0.000000
0.000000
0.000000
0.000000
0.000000
0.000000
0.000000
0.000000
0.000000
0.000000
0.000000
0.000000
0.000000
0.000000
0.000000
0.000000
0.000000
0.000000
0.000000
0.000000
0.000000
0.000000
0.000000
0.000000
0.000000
0.000000
0.000000
0.100900
0.100900
0.100900
0.100900
0.100900
0.100900
0.144300
0.144300
0.144300
0.144300
0.144300
0.144300
0.144300
0.144300
0.187700
0.187700
0.187700
0.187700
0.187700
0.187700
0.187700
0.187700
0.187700
0.187700
0.187700
0.187700
0.231100
0.231100
0.231100
0.231100
0.231100
0.231100
0.231100
0.231100
0.231100
0.231100
0.231100
0.231100
0.231100
0.231100
0.231100
0.274500
0.274500
0.274500
0.274500
0.274500
0.274500
0.274500
0.274500
0.274500
0.317900
0.317900
0.317900
0.317900
0.317900
0.317900
0.317900
0.317900
0.317900
0.317900
0.317900
0.317900
0.317900
0.317900
0.317900
0.361300
0.361300
0.361300
0.361300
0.361300
0.361300
0.361300
0.361300
0.361300
0.361300
0.361300
0.361300
0.361300
0.361300
0.404700
0.404700
0.404700
0.404700
0.404700
0.404700
0.404700
0.404700
0.404700
0.404700
0.404700
0.404700
0.448100
0.448100
0.448100
0.448100
0.448100
0.448100
0.448100
0.448100
0.448100
0.491500
0.491500
0.491500
0.491500
0.491500
0.491500
0.491500
0.491500
0.491500
0.491500
0.534900
0.534900
0.534900
0.534900
0.534900
0.534900
0.534900
0.534900
0.534900
0.534900
0.534900
0.578300
0.578300
0.578300
0.578300
0.578300
0.578300
0.578300
0.578300
0.578300
0.621700
0.621700
0.621700
0.621700
0.621700
0.621700
0.621700
0.621700
0.621700
0.621700
0.665200
0.665200
0.665200
0.665200
0.665200
0.665200
0.665200
0.665200
0.665200
0.708600
0.708600
0.708600
0.708600
0.708600
0.708600
0.708600
0.708600
0.708600
0.708600
0.708600
0.752000
0.752000
0.752000
0.752000
0.752000
0.752000
0.752000
0.752000
0.752000
0.795400
0.795400
0.795400
0.795400
0.795400
0.795400
0.795400
0.795400
0.795400
0.838800
0.838800
0.838800
0.838800
0.838800
0.838800
0.838800
0.838800
0.882200
0.882200
0.882200
0.882200
0.882200
0.882200
0.882200
0.882200
0.882200
0.882200
0.925600
0.925600
0.925600
0.925600
0.925600
0.925600
0.925600
0.925600
0.925600
0.925600
0.969000
0.969000
0.969000
0.969000
0.969000
0.969000
0.969000
0.969000
0.969000
0.969000
1.012000
1.012000
1.012000
1.012000
1.012000
1.012000
1.012000
1.012000
1.012000
1.012000
1.056000
1.056000
1.056000
1.056000
1.056000
1.056000
1.056000
1.056000
1.056000
1.056000
1.099000
1.099000
1.099000
1.099000
1.099000
1.099000
1.099000
1.099000
1.143000
1.143000
1.143000
1.143000
1.143000
1.143000
1.143000
1.143000
1.143000
1.143000
1.143000
1.143000
1.143000
1.186000
1.186000
1.186000
1.186000
1.186000
1.186000
1.186000
1.186000
1.229000
1.229000
1.229000
1.229000
1.229000
1.273000
1.273000
1.273000
1.273000
1.273000
1.273000
1.273000
1.273000
1.316000
1.316000
1.316000
1.316000
1.316000
1.316000
1.316000
1.316000
1.316000
1.316000
1.316000
1.316000
1.360000
1.360000
1.360000
1.360000
1.360000
1.360000
1.360000
1.360000
1.360000
1.360000
1.360000
1.360000
1.360000
1.360000
1.403000
1.403000
1.403000
1.403000
1.403000
1.403000
1.403000
1.403000
1.403000
1.403000
1.403000
1.403000
1.403000
1.446000
1.446000
1.446000
1.446000
1.446000
1.446000
1.446000
1.446000
1.446000
1.446000
1.446000
1.446000
1.490000
1.490000
1.490000
1.490000
1.490000
1.533000
1.533000
1.533000
1.533000
1.533000
1.533000
1.533000
1.533000
1.533000
1.533000
1.577000
1.577000
1.577000
1.577000
1.577000
1.577000
1.577000
1.577000
1.577000
1.577000
1.577000
1.577000
1.577000
1.577000
1.620000
1.620000
1.620000
1.620000
1.620000
1.620000
1.620000
1.620000
1.663000
1.663000
1.663000
1.663000
1.663000
1.663000
1.663000
1.663000
1.707000
1.707000
1.707000
1.707000
1.750000
1.750000
1.750000
1.750000
1.750000
1.750000
1.750000
1.794000
1.794000
1.794000
1.794000
1.794000
1.837000
1.837000
1.837000
1.837000
1.837000
1.837000
1.880000
1.880000
1.880000
1.880000
1.880000
1.880000
1.880000
1.924000
1.924000
1.924000
1.924000
1.924000
1.924000
1.924000
1.924000
1.924000
1.924000
1.924000
1.967000
1.967000
1.967000
1.967000
1.967000
1.967000
1.967000
1.967000
2.011000
2.011000
2.011000
2.011000
2.011000
2.011000
2.011000
2.011000
2.011000
2.011000
2.011000
2.054000
2.054000
2.054000
2.054000
2.054000
2.054000
2.457000
2.457000
2.457000
2.457000
2.457000
2.457000
2.457000
2.457000
2.861000
2.861000
2.861000
2.861000
2.861000
2.861000
3.264000
3.264000
3.264000
3.264000
3.264000
3.264000
3.264000
3.264000
3.264000
3.264000
3.264000
3.668000
3.668000
3.668000
3.668000
3.668000
3.668000
3.668000
3.668000
3.668000
4.071000
4.071000
4.071000
4.071000
4.071000
4.071000
4.071000
4.071000
4.071000
4.071000
4.071000
4.071000
4.071000
4.071000
4.071000
4.474000
4.474000
4.474000
4.474000
4.474000
4.474000
4.474000
4.474000
4.474000
4.474000
4.474000
4.878000
4.878000
4.878000
4.878000
4.878000
4.878000
4.878000
4.878000
4.878000
4.878000
4.878000
4.878000
4.878000
5.281000
5.281000
5.281000
5.281000
5.281000
5.281000
5.281000
5.281000
5.281000
5.281000
5.684000
5.684000
5.684000
5.684000
5.684000
5.684000
5.684000
5.684000
6.088000
6.088000
6.088000
6.088000
6.088000
6.088000
6.088000
6.088000
6.088000
6.088000
6.491000
6.491000
6.491000
6.491000
6.491000
6.491000
6.491000
6.491000
6.491000
6.491000
6.491000
6.491000
6.895000
6.895000
6.895000
6.895000
6.895000
6.895000
6.895000
6.895000
6.895000
7.298000
7.298000
7.298000
7.298000
7.298000
7.298000
7.298000
7.298000
7.298000
7.701000
7.701000
7.701000
7.701000
7.701000
7.701000
7.701000
7.701000
8.105000
8.105000
8.105000
8.105000
8.105000
8.105000
8.105000
8.105000
8.105000
8.508000
8.508000
8.508000
8.508000
8.508000
8.508000
8.508000
8.508000
8.508000
8.508000
8.508000
8.508000
8.508000
8.508000
8.508000
8.508000
8.508000
8.508000
8.508000
8.912000
8.912000
8.912000
8.912000
8.912000
8.912000
8.912000
8.912000
8.912000
9.315000
9.315000
9.315000
9.315000
9.315000
9.315000
9.315000
9.315000
9.315000
9.315000
9.315000
9.315000
9.315000
9.718000
9.718000
9.718000
9.718000
9.718000
9.718000
10.120000
10.120000
10.120000
10.120000
10.120000
10.120000
10.120000
10.120000
10.120000
10.120000
10.120000
10.120000
10.530000
10.530000
10.530000
10.530000
10.530000
10.530000
10.530000
10.530000
10.530000
10.530000
10.530000
10.930000
10.930000
10.930000
10.930000
10.930000
10.930000
10.930000
10.930000
10.930000
11.330000
11.330000
11.330000
11.330000
11.330000
11.330000
11.330000
11.330000
11.740000
11.740000
11.740000
11.740000
11.740000
11.740000
11.740000
11.740000
11.740000
11.740000
11.740000
12.140000
12.140000
12.140000
12.140000
12.140000
12.140000
12.140000
12.140000
12.140000
12.540000
12.540000
12.540000
12.540000
12.540000
12.540000
12.540000
12.540000
12.540000
12.950000
12.950000
12.950000
12.950000
12.950000
12.950000
12.950000
12.950000
12.950000
12.950000
13.350000
13.350000
13.350000
13.350000
13.350000
13.350000
13.350000
13.350000
13.350000
13.350000
13.750000
13.750000
13.750000
13.750000
13.750000
13.750000
13.750000
13.750000
13.750000
13.750000
13.750000
13.750000
13.750000
14.160000
14.160000
14.160000
14.160000
14.160000
14.160000
14.160000
14.160000
14.160000
14.160000
14.160000
14.560000
14.560000
14.560000
14.560000
14.560000
14.560000
14.560000
14.560000
14.560000
14.560000
14.560000
14.960000
14.960000
14.960000
14.960000
14.960000
14.960000
14.960000
14.960000
14.960000
15.370000
15.370000
15.370000
15.370000
15.370000
15.370000
15.370000
15.770000
15.770000
15.770000
15.770000
15.770000
15.770000
15.770000
15.770000
15.770000
15.770000
16.170000
16.170000
16.170000
16.170000
16.170000
16.170000
16.170000
16.170000
16.170000
16.170000
16.170000
16.170000
16.170000
16.580000
16.580000
16.580000
16.580000
16.580000
16.580000
16.580000
16.580000
16.580000
16.580000
16.580000
16.980000
16.980000
16.980000
16.980000
16.980000
16.980000
16.980000
16.980000
17.379999
17.379999
17.379999
17.379999
17.379999
17.379999
17.379999
17.379999
17.379999
17.379999
17.379999
17.379999
17.790001
17.790001
17.790001
17.790001
17.790001
17.790001
17.790001
17.790001
17.790001
17.790001
18.190001
18.190001
18.190001
18.190001
18.190001
18.190001
18.190001
18.590000
18.590000
18.590000
18.590000
18.590000
18.590000
18.590000
18.590000
18.590000
18.590000
18.590000
18.590000
19.000000
19.000000
19.000000
19.000000
19.000000
19.000000
19.000000
19.000000
19.000000
19.000000
19.000000
19.000000
19.000000
19.400000
19.400000
19.400000
19.400000
19.400000
19.400000
19.400000
19.400000
19.400000
19.799999
19.799999
19.799999
19.799999
19.799999
19.799999
20.209999
20.209999
20.209999
20.209999
20.209999
20.209999
20.209999
20.209999
20.209999
20.209999
20.209999
20.209999
34.480000
34.480000
34.480000
34.480000
34.480000
34.480000
34.480000
34.480000
34.480000
34.480000
48.750000
48.750000
48.750000
48.750000
48.750000
48.750000
48.750000
48.750000
48.750000
48.750000
48.750000
63.020000
63.020000
63.020000
63.020000
63.020000
77.300003
77.300003
77.300003
77.300003
77.300003
77.300003
77.300003
77.300003
88.000000
88.000000
88.000000
88.000000
88.000000
88.000000
88.000000
88.000000
88.000000
88.000000
88.000000
