0.000000
0.000000
0.000000
0.000000
0.000000
0.000000
0.000000
0.000000
0.000000
0.000000
0.000000
0.000000
0.000000
0.000000
0.000000
0.000000
0.000000
0.000000
0.000000
0.000000
0.000000
0.000000
0.000000
0.000000
0.000000
0.000000
0.000000
0.000000
0.000000
0.000000
0.000000
0.000000
0.000000
0.000000
0.000000
0.000000
0.000000
0.000000
0.000000
0.000000
0.000000
0.000000
0.000000
0.000000
0.000000
0.000000
0.000000
0.015160
0.015160
0.015160
0.015160
0.015160
0.015160
0.015160
0.015160
0.015160
0.065400
0.065400
0.065400
0.065400
0.065400
0.065400
0.065400
0.065400
0.065400
0.115600
0.115600
0.115600
0.115600
0.115600
0.115600
0.115600
0.115600
0.115600
0.115600
0.115600
0.115600
0.115600
0.115600
0.165900
0.165900
0.165900
0.165900
0.165900
0.165900
0.165900
0.165900
0.165900
0.165900
0.216100
0.216100
0.216100
0.216100
0.216100
0.216100
0.216100
0.216100
0.216100
0.216100
0.216100
0.216100
0.266400
0.266400
0.266400
0.266400
0.266400
0.266400
0.316600
0.316600
0.316600
0.316600
0.316600
0.316600
0.316600
0.316600
0.366900
0.366900
0.366900
0.366900
0.366900
0.366900
0.366900
0.366900
0.417100
0.417100
0.417100
0.417100
0.417100
0.417100
0.417100
0.417100
0.417100
0.417100
0.417100
0.417100
0.417100
0.467400
0.467400
0.467400
0.467400
0.467400
0.467400
0.467400
0.467400
0.467400
0.467400
0.467400
0.467400
0.467400
0.467400
0.517600
0.517600
0.517600
0.517600
0.517600
0.517600
0.517600
0.517600
0.517600
0.517600
0.567800
0.567800
0.567800
0.567800
0.567800
0.618100
0.618100
0.618100
0.618100
0.618100
0.618100
0.618100
0.618100
0.618100
0.618100
0.618100
0.618100
0.618100
0.618100
0.618100
0.668300
0.668300
0.668300
0.668300
0.668300
0.718600
0.718600
0.718600
0.718600
0.718600
0.718600
0.718600
0.718600
0.718600
0.718600
0.768800
0.768800
0.768800
0.768800
0.768800
0.768800
0.768800
0.768800
0.768800
0.819100
0.819100
0.819100
0.819100
0.819100
0.819100
0.819100
0.819100
0.819100
0.819100
0.819100
0.869300
0.869300
0.869300
0.869300
0.869300
0.869300
0.869300
0.869300
0.869300
0.869300
0.869300
0.869300
0.869300
0.919500
0.919500
0.919500
0.919500
0.969800
0.969800
0.969800
0.969800
0.969800
0.969800
0.969800
0.969800
1.020000
1.020000
1.020000
1.020000
1.020000
1.020000
1.020000
1.070000
1.070000
1.070000
1.070000
1.070000
1.070000
1.070000
1.070000
1.070000
1.070000
1.070000
1.070000
1.070000
1.070000
1.070000
1.121000
1.121000
1.121000
1.121000
1.121000
1.121000
1.121000
1.121000
1.121000
1.121000
1.121000
1.171000
1.171000
1.171000
1.171000
1.171000
1.171000
1.171000
1.171000
1.171000
1.171000
1.171000
1.171000
1.221000
1.221000
1.221000
1.221000
1.221000
1.221000
1.221000
1.221000
1.221000
1.271000
1.271000
1.271000
1.271000
1.271000
1.271000
1.321000
1.321000
1.321000
1.321000
1.321000
1.321000
1.321000
1.372000
1.372000
1.372000
1.372000
1.422000
1.422000
1.422000
1.422000
1.422000
1.422000
1.422000
1.422000
1.422000
1.422000
1.422000
1.422000
1.422000
1.472000
1.472000
1.472000
1.472000
1.472000
1.472000
1.472000
1.472000
1.472000
1.472000
1.472000
1.522000
1.522000
1.522000
1.522000
1.522000
1.522000
1.522000
1.573000
1.573000
1.573000
1.573000
1.573000
1.573000
1.573000
1.573000
1.573000
1.573000
1.623000
1.623000
1.623000
1.623000
1.623000
1.623000
1.623000
1.623000
1.623000
1.623000
1.623000
1.623000
1.623000
1.623000
1.673000
1.673000
1.673000
1.673000
1.673000
1.673000
1.673000
1.673000
1.673000
1.673000
1.673000
1.673000
1.723000
1.723000
1.723000
1.723000
1.723000
1.723000
1.723000
1.723000
1.723000
1.723000
1.723000
1.723000
1.723000
1.774000
1.774000
1.774000
1.774000
1.774000
1.774000
1.774000
1.774000
1.774000
1.774000
1.824000
1.824000
1.824000
1.874000
1.874000
1.874000
1.874000
1.874000
1.874000
1.874000
1.874000
1.874000
1.874000
1.874000
1.874000
1.924000
1.924000
1.924000
1.924000
1.924000
1.924000
1.924000
1.924000
1.975000
1.975000
1.975000
1.975000
1.975000
1.975000
1.975000
1.975000
1.975000
1.975000
1.975000
1.975000
1.975000
1.975000
1.975000
1.975000
2.025000
2.025000
2.025000
2.025000
2.025000
2.025000
2.025000
2.025000
2.025000
2.025000
2.025000
2.075000
2.075000
2.075000
2.075000
2.075000
2.075000
2.075000
2.075000
2.075000
2.075000
2.125000
2.125000
2.125000
2.125000
2.125000
2.125000
2.176000
2.176000
2.176000
2.176000
2.176000
2.176000
2.176000
2.176000
2.176000
2.176000
2.176000
2.226000
2.226000
2.226000
2.226000
2.226000
2.276000
2.276000
2.276000
2.276000
2.276000
2.276000
2.276000
2.276000
2.276000
2.276000
2.723000
2.723000
2.723000
2.723000
2.723000
2.723000
2.723000
2.723000
3.169000
3.169000
3.169000
3.616000
3.616000
3.616000
3.616000
3.616000
3.616000
3.616000
3.616000
3.616000
3.616000
3.616000
4.063000
4.063000
4.063000
4.063000
4.063000
4.063000
4.063000
4.063000
4.063000
4.063000
4.063000
4.509000
4.509000
4.509000
4.509000
4.509000
4.509000
4.509000
4.509000
4.509000
4.509000
4.509000
4.509000
4.509000
4.509000
4.509000
4.956000
4.956000
4.956000
4.956000
4.956000
4.956000
4.956000
4.956000
4.956000
4.956000
4.956000
4.956000
4.956000
4.956000
5.403000
5.403000
5.403000
5.403000
5.403000
5.403000
5.403000
5.849000
5.849000
5.849000
5.849000
5.849000
5.849000
5.849000
5.849000
5.849000
6.296000
6.296000
6.296000
6.296000
6.296000
6.296000
6.296000
6.296000
6.296000
6.742000
6.742000
6.742000
6.742000
6.742000
6.742000
6.742000
6.742000
7.189000
7.189000
7.189000
7.189000
7.189000
7.189000
7.189000
7.189000
7.189000
7.636000
7.636000
7.636000
7.636000
7.636000
7.636000
7.636000
7.636000
7.636000
7.636000
7.636000
7.636000
8.082000
8.082000
8.082000
8.082000
8.082000
8.082000
8.082000
8.529000
8.529000
8.529000
8.529000
8.529000
8.529000
8.529000
8.976000
8.976000
8.976000
8.976000
8.976000
8.976000
8.976000
8.976000
8.976000
8.976000
8.976000
8.976000
9.422000
9.422000
9.422000
9.422000
9.422000
9.422000
9.422000
9.422000
9.422000
9.422000
9.869000
9.869000
9.869000
9.869000
9.869000
9.869000
9.869000
9.869000
9.869000
9.869000
9.869000
10.320000
10.320000
10.320000
10.320000
10.320000
10.760000
10.760000
10.760000
10.760000
10.760000
10.760000
10.760000
10.760000
11.210000
11.210000
11.210000
11.210000
11.210000
11.210000
11.210000
11.210000
11.210000
11.210000
11.660000
11.660000
11.660000
11.660000
11.660000
11.660000
11.660000
11.660000
11.660000
11.660000
11.660000
11.660000
11.660000
11.660000
12.100000
12.100000
12.100000
12.100000
12.100000
12.100000
12.100000
12.100000
12.550000
12.550000
12.550000
12.550000
12.550000
12.550000
12.550000
12.550000
12.550000
13.000000
13.000000
13.000000
13.000000
13.000000
13.000000
13.000000
13.000000
13.000000
13.000000
13.000000
13.000000
13.440000
13.440000
13.440000
13.440000
13.440000
13.440000
13.440000
13.440000
13.440000
13.440000
13.890000
13.890000
13.890000
13.890000
13.890000
13.890000
13.890000
13.890000
13.890000
13.890000
13.890000
14.340000
14.340000
14.340000
14.340000
14.780000
14.780000
14.780000
14.780000
14.780000
14.780000
14.780000
14.780000
14.780000
14.780000
14.780000
14.780000
14.780000
14.780000
14.780000
14.780000
15.230000
15.230000
15.230000
15.230000
15.230000
15.230000
15.680000
15.680000
15.680000
15.680000
15.680000
16.120001
16.120001
16.120001
16.120001
16.120001
16.120001
16.120001
16.120001
16.120001
16.120001
16.120001
16.570000
16.570000
16.570000
16.570000
16.570000
16.570000
16.570000
16.570000
17.020000
17.020000
17.020000
17.020000
17.020000
17.020000
17.020000
17.020000
17.020000
17.020000
17.459999
17.459999
17.459999
17.459999
17.459999
17.459999
17.459999
17.459999
17.459999
17.459999
17.459999
17.459999
17.459999
17.459999
17.459999
17.910000
17.910000
17.910000
17.910000
17.910000
17.910000
17.910000
17.910000
17.910000
17.910000
18.350000
18.350000
18.350000
18.350000
18.350000
18.350000
18.799999
18.799999
18.799999
18.799999
18.799999
18.799999
18.799999
18.799999
18.799999
18.799999
18.799999
18.799999
18.799999
18.799999
19.250000
19.250000
19.250000
19.250000
19.250000
19.250000
19.690001
19.690001
19.690001
19.690001
19.690001
19.690001
19.690001
19.690001
19.690001
19.690001
19.690001
19.690001
20.139999
20.139999
20.139999
20.139999
20.139999
20.139999
20.139999
20.139999
20.139999
20.139999
20.139999
20.139999
20.590000
20.590000
20.590000
20.590000
20.590000
20.590000
20.590000
21.030001
21.030001
21.030001
21.030001
21.030001
21.030001
21.030001
21.030001
21.030001
21.030001
21.030001
21.480000
21.480000
21.480000
21.480000
21.480000
21.480000
21.480000
21.480000
21.480000
21.930000
21.930000
21.930000
21.930000
21.930000
21.930000
21.930000
21.930000
22.370001
22.370001
22.370001
22.370001
22.370001
22.370001
40.160000
40.160000
40.160000
40.160000
40.160000
40.160000
40.160000
40.160000
40.160000
40.160000
40.160000
40.160000
40.160000
40.160000
40.160000
40.160000
57.950001
57.950001
57.950001
57.950001
57.950001
57.950001
57.950001
57.950001
57.950001
57.950001
57.950001
57.950001
57.950001
57.950001
57.950001
57.950001
57.950001
57.950001
57.950001
57.950001
57.950001
75.730003
75.730003
75.730003
75.730003
75.730003
75.730003
75.730003
75.730003
75.730003
75.730003
75.730003
75.730003
75.730003
75.730003
75.730003
93.519997
93.519997
93.519997
93.519997
93.519997
93.519997
93.519997
93.519997
93.519997
93.519997
93.519997
93.519997
93.519997
93.519997
93.519997
93.519997
93.519997
93.519997
106.900002
106.900002
106.900002
106.900002
106.900002
106.900002
106.900002
106.900002
106.900002
106.900002
106.900002
