0.000000
0.000000
0.000000
0.000000
0.000000
0.000000
0.000000
0.000000
0.000000
0.000000
0.000000
0.000000
0.000000
0.000000
0.000000
0.000000
0.000000
0.000000
0.000000
0.000000
0.000000
0.000000
0.000000
0.000000
0.000000
0.000000
0.000000
0.000000
0.000000
0.000000
0.000000
0.000000
0.000000
0.000000
0.000000
0.000000
0.000000
0.000000
2.176000
2.176000
2.176000
2.176000
2.176000
2.176000
2.176000
2.176000
2.176000
2.176000
2.176000
2.176000
2.176000
2.176000
2.176000
2.176000
2.176000
5.271000
5.271000
5.271000
5.271000
5.271000
5.271000
5.743000
5.743000
5.743000
5.743000
5.743000
5.743000
5.743000
5.743000
5.743000
5.743000
5.743000
5.743000
5.743000
6.216000
6.216000
6.216000
6.216000
6.216000
6.216000
6.216000
6.216000
6.689000
6.689000
6.689000
6.689000
6.689000
6.689000
7.161000
7.161000
7.161000
7.161000
7.161000
7.161000
7.161000
7.161000
7.634000
7.634000
7.634000
7.634000
7.634000
7.634000
7.634000
7.634000
7.634000
7.634000
7.634000
8.106000
8.106000
8.106000
8.106000
8.106000
8.106000
8.106000
8.579000
8.579000
8.579000
8.579000
8.579000
9.051000
9.051000
9.051000
9.051000
9.051000
9.051000
9.051000
9.051000
9.051000
9.051000
9.524000
9.524000
9.524000
9.524000
9.524000
9.524000
9.524000
9.524000
9.524000
9.997000
9.997000
9.997000
9.997000
9.997000
9.997000
9.997000
9.997000
9.997000
9.997000
9.997000
9.997000
10.470000
10.470000
10.470000
10.470000
10.470000
10.470000
10.470000
10.470000
10.470000
10.940000
10.940000
10.940000
10.940000
10.940000
10.940000
11.410000
11.410000
11.410000
11.410000
11.410000
11.890000
11.890000
11.890000
11.890000
12.360000
12.360000
12.360000
12.360000
12.360000
12.360000
12.360000
12.360000
12.360000
12.360000
12.830000
12.830000
12.830000
12.830000
12.830000
12.830000
12.830000
12.830000
12.830000
12.830000
13.300000
13.300000
13.300000
13.300000
13.300000
13.300000
13.300000
13.300000
13.780000
13.780000
13.780000
13.780000
13.780000
13.780000
13.780000
13.780000
13.780000
13.780000
13.780000
13.780000
14.250000
14.250000
14.250000
14.250000
14.250000
14.250000
14.250000
14.250000
14.250000
14.720000
14.720000
14.720000
14.720000
14.720000
14.720000
14.720000
14.720000
15.200000
15.200000
15.200000
15.200000
15.200000
15.200000
15.200000
15.200000
15.200000
15.200000
15.200000
15.670000
15.670000
15.670000
15.670000
15.670000
15.670000
15.670000
15.670000
15.670000
15.670000
15.670000
15.670000
15.670000
16.139999
16.139999
16.139999
16.139999
16.139999
16.139999
16.139999
16.139999
16.139999
16.139999
16.139999
16.610001
16.610001
16.610001
16.610001
16.610001
16.610001
16.610001
16.610001
16.610001
16.610001
17.090000
17.090000
17.090000
17.090000
17.090000
17.090000
17.090000
17.090000
17.090000
17.090000
17.090000
17.090000
17.559999
17.559999
17.559999
17.559999
17.559999
17.559999
17.559999
17.559999
17.559999
17.559999
17.559999
18.030001
18.030001
18.030001
18.030001
18.030001
18.030001
18.030001
18.030001
18.030001
18.030001
18.030001
18.500000
18.500000
18.500000
18.500000
18.500000
18.500000
18.500000
18.500000
18.500000
18.500000
18.500000
18.500000
18.500000
18.980000
18.980000
18.980000
18.980000
19.450001
19.450001
19.450001
19.450001
19.450001
19.450001
19.450001
19.920000
19.920000
19.920000
19.920000
19.920000
19.920000
19.920000
19.920000
19.920000
19.920000
19.920000
19.920000
19.920000
19.920000
19.920000
20.389999
20.389999
20.389999
20.389999
20.389999
20.389999
20.389999
20.389999
20.389999
20.389999
20.389999
20.389999
20.870001
20.870001
20.870001
20.870001
20.870001
20.870001
20.870001
20.870001
20.870001
20.870001
20.870001
20.870001
21.340000
21.340000
21.340000
21.340000
21.340000
21.340000
21.809999
21.809999
21.809999
21.809999
21.809999
21.809999
21.809999
21.809999
21.809999
21.809999
21.809999
21.809999
21.809999
21.809999
21.809999
21.809999
21.809999
21.809999
21.809999
22.280001
22.280001
22.280001
22.280001
22.280001
22.280001
22.280001
22.280001
22.280001
22.280001
22.280001
22.280001
22.280001
22.280001
22.280001
22.760000
22.760000
22.760000
22.760000
22.760000
22.760000
22.760000
23.230000
23.230000
23.230000
23.230000
23.230000
23.230000
23.230000
23.230000
23.230000
23.230000
23.230000
23.230000
23.700001
23.700001
23.700001
23.700001
23.700001
23.700001
23.700001
23.700001
23.700001
23.700001
23.700001
23.700001
24.170000
24.170000
24.170000
24.170000
24.170000
24.650000
24.650000
24.650000
24.650000
24.650000
24.650000
24.650000
24.650000
24.650000
24.650000
24.650000
24.650000
25.120001
25.120001
25.120001
25.120001
25.120001
25.120001
25.120001
25.120001
25.120001
25.120001
25.120001
25.120001
25.590000
25.590000
25.590000
25.590000
25.590000
25.590000
25.590000
25.590000
25.590000
25.590000
25.590000
25.590000
25.590000
26.059999
26.059999
26.059999
26.059999
26.059999
26.059999
26.059999
26.540001
26.540001
26.540001
26.540001
26.540001
26.540001
26.540001
26.540001
26.540001
26.540001
26.540001
26.540001
26.540001
26.540001
26.540001
26.540001
26.540001
27.840000
27.840000
27.840000
27.840000
27.840000
27.840000
29.150000
29.150000
29.150000
29.150000
29.150000
29.150000
29.150000
29.150000
29.150000
29.150000
30.450001
30.450001
30.450001
30.450001
30.450001
30.450001
30.450001
30.450001
30.450001
30.450001
31.760000
31.760000
31.760000
31.760000
31.760000
31.760000
31.760000
31.760000
33.060001
33.060001
33.060001
33.060001
33.060001
33.060001
33.060001
33.060001
33.060001
33.060001
34.369999
34.369999
34.369999
34.369999
34.369999
34.369999
34.369999
34.369999
34.369999
34.369999
34.369999
35.680000
35.680000
35.680000
35.680000
35.680000
35.680000
35.680000
35.680000
35.680000
35.680000
36.980000
36.980000
36.980000
36.980000
36.980000
36.980000
36.980000
36.980000
36.980000
36.980000
36.980000
36.980000
38.290001
38.290001
38.290001
38.290001
38.290001
38.290001
38.290001
38.290001
38.290001
38.290001
38.290001
38.290001
38.290001
38.290001
38.290001
38.290001
39.590000
39.590000
39.590000
39.590000
39.590000
39.590000
39.590000
39.590000
39.590000
39.590000
40.900002
40.900002
40.900002
40.900002
40.900002
40.900002
40.900002
40.900002
42.200001
42.200001
42.200001
42.200001
42.200001
42.200001
42.200001
42.200001
42.200001
42.200001
42.200001
42.200001
43.509998
43.509998
43.509998
43.509998
43.509998
43.509998
43.509998
43.509998
43.509998
43.509998
44.810001
44.810001
44.810001
44.810001
44.810001
44.810001
44.810001
44.810001
44.810001
46.119999
46.119999
46.119999
46.119999
46.119999
46.119999
46.119999
46.119999
46.119999
46.119999
46.119999
46.119999
46.119999
46.119999
46.119999
46.119999
46.119999
46.119999
47.430000
47.430000
47.430000
48.730000
48.730000
48.730000
48.730000
48.730000
48.730000
48.730000
48.730000
48.730000
50.040001
50.040001
50.040001
50.040001
50.040001
50.040001
50.040001
50.040001
51.340000
51.340000
51.340000
51.340000
51.340000
52.650002
52.650002
52.650002
52.650002
52.650002
52.650002
52.650002
52.650002
52.650002
52.650002
52.650002
52.650002
52.650002
52.650002
52.650002
52.650002
52.650002
53.950001
53.950001
53.950001
53.950001
53.950001
53.950001
53.950001
55.259998
55.259998
55.259998
55.259998
55.259998
55.259998
55.259998
55.259998
55.259998
55.259998
55.259998
55.259998
56.560001
56.560001
56.560001
56.560001
56.560001
56.560001
57.869999
57.869999
57.869999
57.869999
57.869999
57.869999
57.869999
57.869999
57.869999
59.169998
59.169998
59.169998
59.169998
59.169998
59.169998
59.169998
59.169998
59.169998
59.169998
59.169998
59.169998
60.480000
60.480000
60.480000
60.480000
60.480000
60.480000
60.480000
60.480000
60.480000
60.480000
61.790001
61.790001
61.790001
61.790001
61.790001
61.790001
61.790001
61.790001
61.790001
61.790001
61.790001
61.790001
61.790001
61.790001
61.790001
63.090000
63.090000
63.090000
63.090000
63.090000
63.090000
63.090000
63.090000
63.090000
63.090000
63.090000
64.400002
64.400002
64.400002
64.400002
64.400002
64.400002
64.400002
64.400002
64.400002
64.400002
64.400002
65.699997
65.699997
65.699997
65.699997
65.699997
65.699997
65.699997
65.699997
65.699997
67.010002
67.010002
67.010002
67.010002
67.010002
67.010002
68.309998
68.309998
68.309998
68.309998
68.309998
68.309998
68.309998
69.620003
69.620003
69.620003
69.620003
69.620003
69.620003
69.620003
69.620003
70.919998
70.919998
70.919998
70.919998
70.919998
72.230003
72.230003
72.230003
72.230003
72.230003
72.230003
72.230003
72.230003
72.230003
72.230003
72.230003
73.540001
73.540001
73.540001
73.540001
73.540001
73.540001
73.540001
73.540001
74.839996
74.839996
74.839996
74.839996
74.839996
74.839996
74.839996
74.839996
74.839996
74.839996
76.150002
76.150002
76.150002
76.150002
76.150002
76.150002
76.150002
76.150002
76.150002
76.150002
77.449997
77.449997
77.449997
77.449997
77.449997
77.449997
77.449997
77.449997
77.449997
77.449997
78.760002
78.760002
78.760002
78.760002
78.760002
78.760002
78.760002
78.760002
78.760002
78.760002
78.760002
78.760002
78.760002
78.760002
80.059998
80.059998
80.059998
80.059998
80.059998
80.059998
80.059998
80.059998
80.059998
80.059998
81.370003
81.370003
81.370003
81.370003
81.370003
81.370003
81.370003
81.370003
81.370003
81.370003
82.669998
82.669998
82.669998
82.669998
82.669998
82.669998
82.669998
82.669998
82.669998
82.669998
82.669998
83.980003
83.980003
83.980003
83.980003
83.980003
83.980003
83.980003
83.980003
83.980003
83.980003
85.279999
85.279999
85.279999
85.279999
85.279999
85.279999
85.279999
85.279999
85.279999
85.279999
85.279999
85.279999
85.279999
89.160004
89.160004
89.160004
89.160004
89.160004
89.160004
89.160004
89.160004
93.040001
93.040001
93.040001
93.040001
93.040001
93.040001
93.040001
93.040001
93.040001
93.040001
93.040001
96.919998
96.919998
96.919998
96.919998
96.919998
96.919998
96.919998
100.800003
100.800003
100.800003
100.800003
100.800003
100.800003
100.800003
100.800003
100.800003
103.699997
103.699997
103.699997
103.699997
103.699997
103.699997
103.699997
103.699997
