0.000000
0.000000
0.000000
0.000000
0.000000
0.000000
0.000000
0.000000
0.000000
0.000000
0.000000
0.000000
0.000000
0.000000
0.000000
0.000000
0.000000
0.000000
0.000000
0.000000
0.000000
0.000000
0.000000
0.000000
0.000000
0.000000
0.000000
0.000000
0.000000
0.000000
0.000000
0.000000
0.000000
0.000000
0.000000
0.000000
0.000000
0.000000
0.000000
0.000000
0.000000
0.000000
0.000000
0.000000
0.000000
0.000000
0.001472
0.001472
0.001472
0.001472
0.001472
0.001472
0.001472
0.001472
0.011670
0.011670
0.011670
0.011670
0.011670
0.011670
0.011670
0.011670
0.011670
0.011670
0.011670
0.011670
0.011670
0.021860
0.021860
0.021860
0.021860
0.021860
0.021860
0.021860
0.021860
0.021860
0.021860
0.021860
0.032050
0.032050
0.032050
0.032050
0.032050
0.032050
0.032050
0.032050
0.032050
0.032050
0.032050
0.032050
0.032050
0.032050
0.042250
0.042250
0.042250
0.042250
0.042250
0.042250
0.042250
0.042250
0.042250
0.042250
0.042250
0.042250
0.042250
0.042250
0.042250
0.052440
0.052440
0.052440
0.052440
0.052440
0.052440
0.052440
0.052440
0.052440
0.052440
0.052440
0.052440
0.052440
0.062630
0.062630
0.062630
0.062630
0.062630
0.062630
0.062630
0.062630
0.062630
0.062630
0.062630
0.072830
0.072830
0.072830
0.072830
0.072830
0.072830
0.072830
0.083020
0.083020
0.083020
0.083020
0.083020
0.083020
0.083020
0.083020
0.083020
0.093220
0.093220
0.093220
0.093220
0.103400
0.103400
0.103400
0.103400
0.103400
0.103400
0.103400
0.103400
0.113600
0.113600
0.113600
0.113600
0.113600
0.113600
0.113600
0.113600
0.113600
0.113600
0.123800
0.123800
0.123800
0.123800
0.123800
0.123800
0.123800
0.123800
0.123800
0.123800
0.123800
0.123800
0.123800
0.123800
0.123800
0.123800
0.123800
0.123800
0.123800
0.134000
0.134000
0.134000
0.134000
0.134000
0.134000
0.134000
0.134000
0.134000
0.134000
0.134000
0.134000
0.144200
0.144200
0.144200
0.144200
0.144200
0.144200
0.144200
0.144200
0.144200
0.144200
0.144200
0.144200
0.154400
0.154400
0.154400
0.154400
0.154400
0.154400
0.154400
0.154400
0.154400
0.154400
0.154400
0.164600
0.164600
0.164600
0.164600
0.164600
0.164600
0.164600
0.164600
0.164600
0.164600
0.164600
0.164600
0.164600
0.164600
0.174800
0.174800
0.174800
0.174800
0.174800
0.174800
0.174800
0.174800
0.185000
0.185000
0.185000
0.185000
0.185000
0.185000
0.185000
0.185000
0.185000
0.185000
0.185000
0.185000
0.195200
0.195200
0.195200
0.195200
0.195200
0.195200
0.195200
0.195200
0.195200
0.205300
0.205300
0.205300
0.205300
0.205300
0.205300
0.205300
0.205300
0.205300
0.205300
0.205300
0.205300
0.205300
0.205300
0.215500
0.215500
0.215500
0.215500
0.215500
0.215500
0.215500
0.215500
0.215500
0.215500
0.215500
0.215500
0.215500
0.215500
0.225700
0.225700
0.225700
0.225700
0.225700
0.225700
0.235900
0.235900
0.235900
0.235900
0.235900
0.235900
0.235900
0.235900
0.235900
0.235900
0.246100
0.246100
0.246100
0.246100
0.246100
0.256300
0.256300
0.256300
0.256300
0.256300
0.256300
0.256300
0.256300
0.256300
0.256300
0.256300
0.256300
0.266500
0.266500
0.266500
0.266500
0.266500
0.266500
0.266500
0.276700
0.276700
0.276700
0.276700
0.276700
0.276700
0.276700
0.276700
0.276700
0.286900
0.286900
0.286900
0.286900
0.286900
0.286900
0.286900
0.286900
0.286900
0.286900
0.286900
0.297100
0.297100
0.297100
0.297100
0.297100
0.297100
0.297100
0.297100
0.297100
0.297100
0.307300
0.307300
0.307300
0.307300
0.307300
0.307300
0.307300
0.307300
0.307300
0.307300
0.307300
0.307300
0.307300
0.307300
0.307300
0.317500
0.317500
0.317500
0.317500
0.317500
0.317500
0.317500
0.317500
0.317500
0.317500
0.327700
0.327700
0.327700
0.327700
0.327700
0.327700
0.327700
0.327700
0.327700
0.337900
0.337900
0.337900
0.337900
0.337900
0.337900
0.337900
0.337900
0.348100
0.348100
0.348100
0.348100
0.348100
0.348100
0.348100
0.348100
0.348100
0.348100
0.348100
0.348100
0.358300
0.358300
0.358300
0.358300
0.358300
0.358300
0.358300
0.368400
0.368400
0.368400
0.368400
0.368400
0.368400
0.368400
0.378600
0.378600
0.378600
0.378600
0.378600
0.378600
0.378600
0.378600
0.388800
0.388800
0.388800
0.388800
0.388800
0.388800
0.388800
0.388800
0.388800
0.388800
0.388800
0.388800
0.399000
0.399000
0.399000
0.399000
0.399000
0.399000
0.399000
0.399000
0.399000
0.399000
0.399000
0.409200
0.409200
0.409200
0.409200
0.409200
0.409200
0.409200
0.419400
0.419400
0.419400
0.419400
0.419400
0.419400
0.419400
0.419400
0.419400
0.419400
0.419400
0.419400
0.419400
0.429600
0.429600
0.429600
0.429600
0.439800
0.439800
0.439800
0.439800
0.439800
0.439800
0.439800
0.439800
0.439800
0.450000
0.450000
0.450000
0.450000
0.450000
0.450000
0.450000
0.450000
0.450000
0.450000
0.450000
0.450000
0.460200
0.460200
0.460200
0.460200
0.460200
0.460200
0.460200
0.460200
0.460200
0.460200
0.912000
0.912000
0.912000
0.912000
0.912000
0.912000
0.912000
0.912000
0.912000
0.912000
1.364000
1.364000
1.364000
1.364000
1.364000
1.364000
1.364000
1.364000
1.364000
1.364000
1.364000
1.364000
1.816000
1.816000
1.816000
1.816000
1.816000
1.816000
1.816000
1.816000
1.816000
1.816000
1.816000
2.268000
2.268000
2.268000
2.268000
2.268000
2.268000
2.268000
2.268000
2.268000
2.268000
2.268000
2.719000
2.719000
2.719000
2.719000
2.719000
2.719000
2.719000
2.719000
2.719000
3.171000
3.171000
3.171000
3.171000
3.171000
3.171000
3.171000
3.171000
3.171000
3.171000
3.171000
3.171000
3.171000
3.171000
3.623000
3.623000
3.623000
3.623000
3.623000
3.623000
3.623000
3.623000
4.075000
4.075000
4.075000
4.075000
4.075000
4.075000
4.075000
4.075000
4.075000
4.075000
4.527000
4.527000
4.527000
4.527000
4.527000
4.527000
4.527000
4.527000
4.527000
4.527000
4.527000
4.527000
4.527000
4.979000
4.979000
4.979000
4.979000
4.979000
4.979000
4.979000
4.979000
4.979000
4.979000
4.979000
5.430000
5.430000
5.430000
5.430000
5.430000
5.430000
5.430000
5.882000
5.882000
5.882000
5.882000
5.882000
5.882000
5.882000
6.334000
6.334000
6.334000
6.334000
6.334000
6.334000
6.334000
6.334000
6.334000
6.334000
6.334000
6.786000
6.786000
6.786000
6.786000
6.786000
6.786000
6.786000
6.786000
7.238000
7.238000
7.238000
7.238000
7.238000
7.238000
7.238000
7.238000
7.238000
7.690000
7.690000
7.690000
7.690000
7.690000
7.690000
7.690000
7.690000
7.690000
8.141000
8.141000
8.141000
8.141000
8.141000
8.141000
8.141000
8.141000
8.141000
8.141000
8.141000
8.593000
8.593000
8.593000
8.593000
8.593000
8.593000
8.593000
8.593000
8.593000
9.045000
9.045000
9.045000
9.045000
9.045000
9.045000
9.045000
9.045000
9.045000
9.497000
9.497000
9.497000
9.497000
9.497000
9.497000
9.497000
9.949000
9.949000
9.949000
9.949000
9.949000
9.949000
9.949000
9.949000
9.949000
9.949000
9.949000
9.949000
10.400000
10.400000
10.400000
10.400000
10.850000
10.850000
10.850000
10.850000
10.850000
10.850000
10.850000
10.850000
10.850000
11.300000
11.300000
11.300000
11.300000
11.300000
11.300000
11.300000
11.300000
11.300000
11.300000
11.760000
11.760000
11.760000
11.760000
11.760000
11.760000
11.760000
12.210000
12.210000
12.210000
12.210000
12.210000
12.210000
12.210000
12.210000
12.210000
12.210000
12.210000
12.210000
12.210000
12.660000
12.660000
12.660000
12.660000
12.660000
12.660000
12.660000
12.660000
12.660000
12.660000
12.660000
12.660000
13.110000
13.110000
13.110000
13.110000
13.110000
13.110000
13.110000
13.560000
13.560000
13.560000
13.560000
13.560000
13.560000
13.560000
13.560000
13.560000
13.560000
13.560000
13.560000
13.560000
13.560000
14.020000
14.020000
14.020000
14.020000
14.020000
14.020000
14.020000
14.020000
14.020000
14.020000
14.020000
14.020000
14.020000
14.020000
14.470000
14.470000
14.470000
14.470000
14.470000
14.470000
14.470000
14.470000
14.920000
14.920000
14.920000
14.920000
14.920000
14.920000
14.920000
14.920000
14.920000
14.920000
15.370000
15.370000
15.370000
15.370000
15.370000
15.370000
15.370000
15.370000
15.370000
15.820000
15.820000
15.820000
15.820000
15.820000
15.820000
15.820000
15.820000
16.270000
16.270000
16.270000
16.270000
16.270000
16.270000
16.270000
16.270000
16.270000
16.270000
16.270000
16.270000
16.270000
16.270000
16.270000
16.730000
16.730000
16.730000
16.730000
16.730000
17.180000
17.180000
17.180000
17.180000
17.180000
17.180000
17.180000
17.629999
17.629999
17.629999
17.629999
17.629999
17.629999
17.629999
17.629999
17.629999
17.629999
18.080000
18.080000
18.080000
18.080000
18.080000
18.080000
18.080000
18.080000
18.080000
18.080000
18.080000
18.530001
18.530001
18.530001
18.530001
18.530001
18.530001
18.530001
18.530001
18.530001
18.530001
18.990000
18.990000
18.990000
18.990000
18.990000
18.990000
18.990000
18.990000
18.990000
18.990000
19.440001
19.440001
19.440001
19.440001
19.440001
19.889999
19.889999
19.889999
19.889999
19.889999
19.889999
19.889999
19.889999
19.889999
19.889999
20.340000
20.340000
20.340000
20.340000
20.340000
20.340000
20.340000
20.340000
20.340000
20.340000
20.790001
20.790001
20.790001
20.790001
20.790001
20.790001
20.790001
20.790001
20.790001
20.790001
20.790001
20.790001
20.790001
22.639999
22.639999
22.639999
22.639999
22.639999
22.639999
22.639999
22.639999
22.639999
24.490000
24.490000
24.490000
24.490000
24.490000
24.490000
24.490000
24.490000
24.490000
24.490000
24.490000
26.330000
26.330000
26.330000
26.330000
26.330000
26.330000
26.330000
26.330000
26.330000
28.180000
28.180000
28.180000
28.180000
28.180000
28.180000
29.559999
29.559999
29.559999
29.559999
29.559999
29.559999
29.559999
29.559999
