0.000000
0.000000
0.000000
0.000000
0.000000
0.000000
0.000000
0.000000
0.000000
0.000000
0.000000
0.000000
0.000000
0.000000
0.000000
0.000000
0.000000
0.000000
0.000000
0.000000
0.000000
0.000000
0.000000
0.000000
0.000000
0.000000
0.000000
0.000000
0.000000
0.000000
0.000000
0.000000
0.000000
0.000000
0.000000
0.000000
0.000000
0.000000
0.000000
0.000000
0.000000
0.000000
0.000000
0.000000
0.000000
0.000000
0.028170
0.028170
0.028170
0.028170
0.028170
0.062490
0.062490
0.062490
0.062490
0.062490
0.062490
0.062490
0.062490
0.062490
0.062490
0.062490
0.062490
0.096810
0.096810
0.096810
0.096810
0.096810
0.096810
0.096810
0.096810
0.131100
0.131100
0.131100
0.131100
0.131100
0.131100
0.131100
0.131100
0.131100
0.131100
0.165400
0.165400
0.165400
0.165400
0.165400
0.165400
0.165400
0.165400
0.165400
0.165400
0.199800
0.199800
0.199800
0.199800
0.199800
0.199800
0.199800
0.199800
0.199800
0.199800
0.199800
0.234100
0.234100
0.234100
0.234100
0.234100
0.234100
0.234100
0.234100
0.268400
0.268400
0.268400
0.268400
0.268400
0.268400
0.268400
0.268400
0.268400
0.268400
0.268400
0.302700
0.302700
0.302700
0.302700
0.302700
0.302700
0.302700
0.302700
0.302700
0.302700
0.302700
0.337000
0.337000
0.337000
0.337000
0.337000
0.371300
0.371300
0.371300
0.371300
0.371300
0.371300
0.371300
0.371300
0.371300
0.371300
0.371300
0.371300
0.405700
0.405700
0.405700
0.405700
0.405700
0.405700
0.440000
0.440000
0.440000
0.440000
0.440000
0.440000
0.440000
0.440000
0.440000
0.440000
0.440000
0.440000
0.474300
0.474300
0.474300
0.474300
0.474300
0.474300
0.474300
0.474300
0.474300
0.474300
0.474300
0.474300
0.474300
0.474300
0.508600
0.508600
0.508600
0.508600
0.508600
0.508600
0.508600
0.508600
0.508600
0.542900
0.542900
0.542900
0.542900
0.542900
0.542900
0.542900
0.542900
0.577200
0.577200
0.577200
0.577200
0.577200
0.577200
0.577200
0.577200
0.577200
0.611600
0.611600
0.611600
0.611600
0.611600
0.611600
0.645900
0.645900
0.645900
0.645900
0.645900
0.645900
0.645900
0.645900
0.645900
0.645900
0.645900
0.645900
0.645900
0.645900
0.645900
0.645900
0.645900
0.680200
0.680200
0.680200
0.680200
0.680200
0.680200
0.680200
0.680200
0.680200
0.680200
0.680200
0.680200
0.680200
0.680200
0.714500
0.714500
0.714500
0.714500
0.714500
0.714500
0.714500
0.714500
0.714500
0.714500
0.714500
0.748800
0.748800
0.748800
0.748800
0.748800
0.748800
0.748800
0.748800
0.748800
0.748800
0.748800
0.783200
0.783200
0.783200
0.783200
0.817500
0.817500
0.817500
0.817500
0.817500
0.817500
0.817500
0.817500
0.817500
0.817500
0.817500
0.817500
0.851800
0.851800
0.851800
0.851800
0.851800
0.851800
0.851800
0.851800
0.851800
0.851800
0.851800
0.851800
0.886100
0.886100
0.886100
0.886100
0.886100
0.886100
0.886100
0.886100
0.886100
0.920400
0.920400
0.920400
0.920400
0.920400
0.920400
0.920400
0.920400
0.920400
0.954700
0.954700
0.954700
0.954700
0.954700
0.954700
0.954700
0.954700
0.954700
0.954700
0.954700
0.954700
0.954700
0.954700
0.954700
0.989100
0.989100
0.989100
0.989100
0.989100
0.989100
1.023000
1.023000
1.023000
1.023000
1.023000
1.023000
1.023000
1.023000
1.023000
1.023000
1.023000
1.058000
1.058000
1.058000
1.058000
1.058000
1.058000
1.058000
1.058000
1.058000
1.058000
1.058000
1.058000
1.092000
1.092000
1.092000
1.092000
1.092000
1.092000
1.092000
1.092000
1.092000
1.092000
1.092000
1.092000
1.126000
1.126000
1.126000
1.126000
1.126000
1.161000
1.161000
1.161000
1.161000
1.161000
1.161000
1.161000
1.161000
1.161000
1.161000
1.161000
1.195000
1.195000
1.195000
1.195000
1.195000
1.195000
1.195000
1.195000
1.195000
1.195000
1.195000
1.229000
1.229000
1.229000
1.229000
1.229000
1.229000
1.229000
1.229000
1.229000
1.229000
1.229000
1.229000
1.229000
1.264000
1.264000
1.264000
1.264000
1.264000
1.264000
1.264000
1.264000
1.264000
1.264000
1.264000
1.298000
1.298000
1.298000
1.298000
1.298000
1.298000
1.298000
1.298000
1.332000
1.332000
1.332000
1.332000
1.332000
1.332000
1.332000
1.332000
1.332000
1.332000
1.332000
1.332000
1.367000
1.367000
1.367000
1.367000
1.367000
1.367000
1.367000
1.367000
1.367000
1.401000
1.401000
1.401000
1.401000
1.401000
1.401000
1.401000
1.401000
1.401000
1.435000
1.435000
1.435000
1.435000
1.435000
1.435000
1.435000
1.435000
1.435000
1.435000
1.469000
1.469000
1.469000
1.469000
1.469000
1.469000
1.469000
1.469000
1.469000
1.469000
1.469000
1.469000
1.469000
1.469000
1.469000
1.469000
1.469000
1.504000
1.504000
1.504000
1.504000
1.504000
1.504000
1.504000
1.504000
1.504000
1.504000
1.504000
1.538000
1.538000
1.538000
1.538000
1.538000
1.538000
1.538000
1.572000
1.572000
1.572000
1.572000
1.572000
1.572000
1.572000
1.572000
1.572000
1.572000
1.572000
1.572000
1.806000
1.806000
1.806000
1.806000
1.806000
1.806000
1.806000
1.806000
2.040000
2.040000
2.040000
2.040000
2.040000
2.040000
2.040000
2.040000
2.273000
2.273000
2.273000
2.273000
2.273000
2.273000
2.273000
2.273000
2.273000
2.273000
2.273000
2.273000
2.507000
2.507000
2.507000
2.507000
2.507000
2.507000
2.740000
2.740000
2.740000
2.740000
2.740000
2.740000
2.740000
2.740000
2.740000
2.974000
2.974000
2.974000
2.974000
2.974000
2.974000
2.974000
2.974000
2.974000
2.974000
2.974000
2.974000
2.974000
2.974000
2.974000
3.208000
3.208000
3.208000
3.208000
3.208000
3.208000
3.208000
3.208000
3.208000
3.208000
3.208000
3.208000
3.208000
3.208000
3.208000
3.208000
3.441000
3.441000
3.441000
3.441000
3.441000
3.441000
3.441000
3.441000
3.441000
3.441000
3.441000
3.441000
3.675000
3.675000
3.675000
3.675000
3.675000
3.675000
3.908000
3.908000
3.908000
3.908000
3.908000
3.908000
4.142000
4.142000
4.142000
4.142000
4.142000
4.142000
4.142000
4.142000
4.142000
4.142000
4.376000
4.376000
4.376000
4.376000
4.376000
4.376000
4.376000
4.376000
4.376000
4.376000
4.609000
4.609000
4.609000
4.609000
4.609000
4.609000
4.609000
4.609000
4.609000
4.609000
4.843000
4.843000
4.843000
4.843000
4.843000
4.843000
4.843000
4.843000
4.843000
4.843000
4.843000
5.076000
5.076000
5.076000
5.076000
5.076000
5.076000
5.076000
5.076000
5.076000
5.076000
5.310000
5.310000
5.310000
5.310000
5.310000
5.310000
5.310000
5.310000
5.310000
5.310000
5.310000
5.310000
5.310000
5.310000
5.310000
5.310000
5.310000
5.310000
5.544000
5.544000
5.544000
5.544000
5.544000
5.544000
5.544000
5.544000
5.544000
5.544000
5.544000
5.544000
5.544000
5.544000
5.777000
5.777000
5.777000
5.777000
5.777000
5.777000
5.777000
5.777000
5.777000
6.011000
6.011000
6.011000
6.011000
6.011000
6.011000
6.244000
6.244000
6.244000
6.244000
6.244000
6.244000
6.244000
6.244000
6.244000
6.244000
6.244000
6.478000
6.478000
6.478000
6.478000
6.478000
6.478000
6.478000
6.478000
6.478000
6.478000
6.478000
6.478000
6.478000
6.478000
6.478000
6.712000
6.712000
6.712000
6.712000
6.712000
6.712000
6.712000
6.712000
6.712000
6.712000
6.712000
6.712000
6.712000
6.945000
6.945000
6.945000
6.945000
6.945000
6.945000
7.179000
7.179000
7.179000
7.179000
7.179000
7.179000
7.179000
7.179000
7.179000
7.412000
7.412000
7.412000
7.412000
7.412000
7.412000
7.412000
7.412000
7.412000
7.412000
7.412000
7.412000
7.646000
7.646000
7.646000
7.646000
7.646000
7.646000
7.646000
7.646000
7.646000
7.646000
7.646000
7.646000
7.646000
7.880000
7.880000
7.880000
7.880000
7.880000
7.880000
7.880000
7.880000
7.880000
8.113000
8.113000
8.113000
8.113000
8.113000
8.113000
8.113000
8.347000
8.347000
8.347000
8.347000
8.347000
8.347000
8.347000
8.347000
8.347000
8.580000
8.580000
8.580000
8.580000
8.580000
8.580000
8.580000
8.580000
8.580000
8.580000
8.580000
8.580000
8.814000
8.814000
8.814000
8.814000
8.814000
9.048000
9.048000
9.048000
9.048000
9.048000
9.048000
9.048000
9.048000
9.048000
9.048000
9.281000
9.281000
9.281000
9.281000
9.281000
9.281000
9.281000
9.281000
9.281000
9.515000
9.515000
9.515000
9.515000
9.515000
9.515000
9.515000
9.515000
9.515000
9.748000
9.748000
9.748000
9.748000
9.748000
9.748000
9.748000
9.748000
9.982000
9.982000
9.982000
9.982000
9.982000
9.982000
9.982000
9.982000
9.982000
9.982000
10.220000
10.220000
10.220000
10.220000
10.220000
10.220000
10.450000
10.450000
10.450000
10.450000
10.450000
10.450000
10.450000
10.450000
10.450000
10.450000
10.450000
10.680000
10.680000
10.680000
10.680000
10.680000
10.680000
10.680000
10.680000
10.680000
10.680000
10.680000
10.920000
10.920000
10.920000
10.920000
10.920000
10.920000
11.150000
11.150000
11.150000
11.150000
11.150000
11.150000
11.150000
11.150000
11.380000
11.380000
11.380000
11.380000
11.380000
11.380000
11.380000
11.380000
11.620000
11.620000
11.620000
11.620000
11.620000
11.620000
11.620000
11.620000
11.620000
11.620000
11.620000
11.620000
11.620000
11.620000
11.850000
11.850000
11.850000
11.850000
11.850000
11.850000
11.850000
11.850000
11.850000
11.850000
11.850000
11.850000
11.850000
12.080000
12.080000
12.080000
12.080000
12.080000
12.080000
12.080000
12.080000
12.080000
12.080000
12.780000
12.780000
12.780000
12.780000
12.780000
12.780000
12.780000
12.780000
12.780000
13.480000
13.480000
13.480000
13.480000
13.480000
14.180000
14.180000
14.180000
14.180000
14.180000
14.180000
14.180000
14.180000
14.880000
14.880000
14.880000
14.880000
14.880000
14.880000
14.880000
14.880000
15.400000
15.400000
15.400000
15.400000
15.400000
15.400000
