0.000000
0.000000
0.000000
0.000000
0.000000
0.000000
0.000000
0.000000
0.000000
0.000000
0.000000
0.000000
0.000000
0.000000
0.000000
0.000000
0.000000
0.000000
0.000000
0.000000
0.000000
0.000000
0.000000
0.000000
0.000000
0.000000
0.000000
0.000000
0.000000
0.000000
0.000000
0.000000
0.000000
0.000000
0.000000
0.409200
0.409200
0.409200
0.409200
0.409200
0.409200
0.409200
0.409200
0.409200
0.409200
0.409200
0.409200
0.478300
0.478300
0.478300
0.478300
0.478300
0.478300
0.478300
0.478300
0.478300
0.547400
0.547400
0.547400
0.547400
0.547400
0.547400
0.547400
0.547400
0.547400
0.547400
0.547400
0.547400
0.547400
0.547400
0.616500
0.616500
0.616500
0.616500
0.616500
0.616500
0.616500
0.616500
0.616500
0.616500
0.685600
0.685600
0.685600
0.685600
0.685600
0.685600
0.685600
0.685600
0.685600
0.754800
0.754800
0.754800
0.754800
0.754800
0.754800
0.754800
0.754800
0.754800
0.754800
0.754800
0.823900
0.823900
0.823900
0.823900
0.823900
0.823900
0.823900
0.823900
0.823900
0.823900
0.823900
0.823900
0.893000
0.893000
0.893000
0.893000
0.893000
0.893000
0.893000
0.893000
0.893000
0.893000
0.893000
0.962100
0.962100
0.962100
0.962100
0.962100
0.962100
0.962100
0.962100
0.962100
0.962100
1.031000
1.031000
1.031000
1.031000
1.031000
1.031000
1.031000
1.031000
1.031000
1.031000
1.031000
1.031000
1.100000
1.100000
1.100000
1.100000
1.100000
1.100000
1.100000
1.100000
1.169000
1.169000
1.169000
1.169000
1.169000
1.169000
1.169000
1.239000
1.239000
1.239000
1.239000
1.239000
1.239000
1.239000
1.308000
1.308000
1.308000
1.308000
1.308000
1.308000
1.308000
1.308000
1.308000
1.308000
1.308000
1.308000
1.308000
1.308000
1.377000
1.377000
1.377000
1.377000
1.377000
1.377000
1.377000
1.377000
1.377000
1.377000
1.377000
1.377000
1.446000
1.446000
1.446000
1.446000
1.446000
1.446000
1.446000
1.515000
1.515000
1.515000
1.515000
1.515000
1.515000
1.515000
1.515000
1.515000
1.515000
1.515000
1.515000
1.584000
1.584000
1.584000
1.584000
1.584000
1.584000
1.584000
1.584000
1.584000
1.584000
1.584000
1.653000
1.653000
1.653000
1.653000
1.653000
1.653000
1.653000
1.653000
1.653000
1.653000
1.722000
1.722000
1.722000
1.722000
1.722000
1.722000
1.722000
1.722000
1.722000
1.722000
1.722000
1.722000
1.722000
1.792000
1.792000
1.792000
1.792000
1.792000
1.792000
1.792000
1.792000
1.861000
1.861000
1.861000
1.861000
1.861000
1.861000
1.861000
1.861000
1.861000
1.930000
1.930000
1.930000
1.930000
1.930000
1.930000
1.930000
1.930000
1.930000
1.930000
1.930000
1.930000
1.930000
1.999000
1.999000
1.999000
1.999000
1.999000
1.999000
1.999000
1.999000
1.999000
2.068000
2.068000
2.068000
2.068000
2.068000
2.068000
2.068000
2.068000
2.068000
2.068000
2.137000
2.137000
2.137000
2.137000
2.137000
2.137000
2.206000
2.206000
2.206000
2.206000
2.206000
2.206000
2.206000
2.206000
2.206000
2.206000
2.206000
2.206000
2.206000
2.275000
2.275000
2.275000
2.275000
2.275000
2.275000
2.275000
2.275000
2.344000
2.344000
2.344000
2.344000
2.344000
2.344000
2.344000
2.344000
2.344000
2.344000
2.344000
2.414000
2.414000
2.414000
2.414000
2.414000
2.414000
2.483000
2.483000
2.483000
2.483000
2.483000
2.483000
2.483000
2.552000
2.552000
2.552000
2.552000
2.552000
2.552000
2.552000
2.552000
2.552000
2.552000
2.552000
2.621000
2.621000
2.621000
2.621000
2.621000
2.621000
2.621000
2.621000
2.621000
2.621000
2.621000
2.621000
2.621000
2.621000
2.621000
2.690000
2.690000
2.690000
2.690000
2.690000
2.690000
2.690000
2.759000
2.759000
2.759000
2.759000
2.759000
2.759000
2.759000
2.759000
2.759000
2.759000
2.828000
2.828000
2.828000
2.828000
2.828000
2.828000
2.828000
2.828000
2.828000
2.828000
2.828000
2.828000
2.828000
2.897000
2.897000
2.897000
2.897000
2.897000
2.897000
2.897000
2.966000
2.966000
2.966000
2.966000
2.966000
3.036000
3.036000
3.036000
3.036000
3.036000
3.036000
3.036000
3.036000
3.036000
3.105000
3.105000
3.105000
3.174000
3.174000
3.174000
3.174000
3.174000
3.243000
3.243000
3.243000
3.243000
3.243000
3.243000
3.243000
3.243000
3.312000
3.312000
3.312000
3.312000
3.312000
3.381000
3.381000
3.381000
3.381000
3.381000
3.381000
3.381000
3.381000
3.381000
3.381000
3.381000
3.381000
3.450000
3.450000
3.450000
3.450000
3.450000
3.450000
3.450000
3.450000
3.450000
3.450000
3.450000
3.450000
3.450000
3.450000
3.450000
3.450000
3.519000
3.519000
3.519000
3.519000
3.519000
3.519000
3.519000
3.776000
3.776000
3.776000
3.776000
3.776000
3.776000
3.776000
3.776000
3.776000
4.032000
4.032000
4.032000
4.032000
4.032000
4.032000
4.032000
4.032000
4.032000
4.288000
4.288000
4.288000
4.288000
4.288000
4.288000
4.288000
4.288000
4.288000
4.288000
4.288000
4.288000
4.544000
4.544000
4.544000
4.544000
4.544000
4.544000
4.544000
4.544000
4.544000
4.544000
4.544000
4.544000
4.800000
4.800000
4.800000
4.800000
4.800000
4.800000
4.800000
5.056000
5.056000
5.056000
5.056000
5.056000
5.056000
5.056000
5.056000
5.056000
5.056000
5.056000
5.056000
5.313000
5.313000
5.313000
5.313000
5.313000
5.313000
5.313000
5.313000
5.313000
5.569000
5.569000
5.569000
5.569000
5.569000
5.569000
5.569000
5.569000
5.825000
5.825000
5.825000
5.825000
5.825000
5.825000
5.825000
5.825000
5.825000
5.825000
5.825000
5.825000
5.825000
6.081000
6.081000
6.081000
6.081000
6.081000
6.081000
6.081000
6.081000
6.081000
6.081000
6.337000
6.337000
6.337000
6.337000
6.337000
6.337000
6.337000
6.337000
6.337000
6.337000
6.337000
6.337000
6.594000
6.594000
6.594000
6.594000
6.594000
6.594000
6.594000
6.594000
6.594000
6.594000
6.594000
6.594000
6.594000
6.594000
6.850000
6.850000
6.850000
6.850000
6.850000
6.850000
6.850000
6.850000
6.850000
6.850000
7.106000
7.106000
7.106000
7.362000
7.362000
7.362000
7.362000
7.362000
7.362000
7.362000
7.362000
7.362000
7.362000
7.362000
7.362000
7.362000
7.362000
7.362000
7.618000
7.618000
7.618000
7.618000
7.618000
7.618000
7.618000
7.618000
7.618000
7.874000
7.874000
7.874000
7.874000
7.874000
7.874000
7.874000
8.131000
8.131000
8.131000
8.131000
8.131000
8.131000
8.131000
8.131000
8.131000
8.131000
8.131000
8.131000
8.131000
8.131000
8.387000
8.387000
8.387000
8.387000
8.387000
8.387000
8.387000
8.387000
8.643000
8.643000
8.643000
8.643000
8.643000
8.643000
8.643000
8.643000
8.643000
8.643000
8.643000
8.643000
8.643000
8.899000
8.899000
8.899000
8.899000
8.899000
8.899000
8.899000
8.899000
8.899000
8.899000
9.155000
9.155000
9.155000
9.155000
9.155000
9.155000
9.155000
9.155000
9.155000
9.155000
9.155000
9.155000
9.155000
9.155000
9.412000
9.412000
9.412000
9.412000
9.412000
9.412000
9.412000
9.412000
9.412000
9.668000
9.668000
9.668000
9.668000
9.668000
9.668000
9.668000
9.668000
9.668000
9.668000
9.668000
9.668000
9.668000
9.668000
9.924000
9.924000
9.924000
9.924000
9.924000
9.924000
9.924000
9.924000
9.924000
9.924000
9.924000
9.924000
10.180000
10.180000
10.180000
10.180000
10.180000
10.180000
10.180000
10.180000
10.440000
10.440000
10.440000
10.440000
10.440000
10.440000
10.440000
10.690000
10.690000
10.690000
10.690000
10.690000
10.690000
10.690000
10.690000
10.690000
10.950000
10.950000
10.950000
10.950000
10.950000
10.950000
10.950000
10.950000
10.950000
10.950000
10.950000
10.950000
11.200000
11.200000
11.200000
11.200000
11.200000
11.200000
11.200000
11.200000
11.200000
11.200000
11.200000
11.460000
11.460000
11.460000
11.460000
11.460000
11.460000
11.460000
11.460000
11.460000
11.460000
11.460000
11.460000
11.460000
11.720000
11.720000
11.720000
11.720000
11.720000
11.720000
11.720000
11.720000
11.720000
11.720000
11.720000
11.720000
11.720000
11.720000
11.720000
11.720000
11.970000
11.970000
11.970000
11.970000
11.970000
11.970000
11.970000
11.970000
12.230000
12.230000
12.230000
12.230000
12.230000
12.230000
12.230000
12.230000
12.230000
12.230000
12.230000
12.490000
12.490000
12.490000
12.490000
12.490000
12.490000
12.490000
12.490000
12.490000
12.490000
12.490000
12.490000
12.490000
12.490000
12.740000
12.740000
12.740000
12.740000
13.000000
13.000000
13.000000
13.000000
13.000000
13.000000
13.000000
13.000000
13.000000
13.000000
13.000000
13.000000
13.000000
13.250000
13.250000
13.250000
13.250000
13.250000
13.250000
13.250000
13.250000
13.250000
13.510000
13.510000
13.510000
13.510000
13.510000
13.510000
13.510000
13.510000
13.510000
13.510000
13.510000
13.510000
13.510000
13.510000
13.510000
13.510000
13.510000
13.510000
13.510000
13.770000
13.770000
13.770000
13.770000
13.770000
13.770000
13.770000
13.770000
14.020000
14.020000
14.020000
14.020000
14.020000
14.020000
14.020000
14.020000
14.020000
14.280000
14.280000
14.280000
14.280000
14.280000
14.280000
14.280000
14.280000
14.280000
14.540000
14.540000
14.540000
14.540000
14.540000
14.540000
14.540000
14.540000
14.790000
14.790000
14.790000
14.790000
14.790000
14.790000
14.790000
14.790000
14.790000
14.790000
14.790000
14.790000
14.790000
14.790000
15.050000
15.050000
15.050000
15.050000
15.050000
15.050000
15.050000
15.050000
15.050000
18.830000
18.830000
18.830000
18.830000
18.830000
18.830000
22.610001
22.610001
22.610001
22.610001
22.610001
22.610001
22.610001
22.610001
22.610001
22.610001
22.610001
22.610001
22.610001
22.610001
26.389999
26.389999
26.389999
26.389999
26.389999
26.389999
26.389999
26.389999
26.389999
26.389999
26.389999
30.170000
30.170000
30.170000
30.170000
30.170000
30.170000
33.000000
33.000000
33.000000
33.000000
33.000000
33.000000
33.000000
33.000000
