0.000000
0.000000
0.000000
0.000000
0.000000
0.000000
0.000000
0.000000
0.000000
0.000000
0.000000
0.000000
0.000000
0.000000
0.000000
0.000000
0.000000
0.000000
0.000000
0.000000
0.000000
0.000000
0.000000
0.000000
0.000000
0.000000
0.000000
0.000000
0.000000
0.000000
0.000000
0.000000
0.000000
0.000000
0.000000
0.000000
0.000000
0.000000
0.000000
0.000000
0.000000
0.000000
0.000000
0.000000
0.000000
0.000000
0.000000
0.000000
0.000000
0.000000
0.000000
0.000000
0.000000
0.000000
0.000000
0.326600
0.326600
0.326600
0.326600
0.326600
0.326600
0.326600
0.326600
0.326600
0.326600
0.326600
0.326600
0.326600
0.326600
0.489300
0.489300
0.489300
0.489300
0.489300
0.489300
0.489300
0.489300
0.651900
0.651900
0.651900
0.651900
0.651900
0.651900
0.814600
0.814600
0.814600
0.814600
0.814600
0.814600
0.814600
0.977200
0.977200
0.977200
0.977200
0.977200
0.977200
0.977200
0.977200
0.977200
1.140000
1.140000
1.140000
1.140000
1.140000
1.140000
1.140000
1.140000
1.140000
1.140000
1.140000
1.140000
1.140000
1.140000
1.303000
1.303000
1.303000
1.303000
1.303000
1.303000
1.465000
1.465000
1.465000
1.465000
1.465000
1.465000
1.465000
1.465000
1.465000
1.465000
1.465000
1.465000
1.465000
1.465000
1.465000
1.465000
1.465000
1.628000
1.628000
1.628000
1.628000
1.628000
1.628000
1.791000
1.791000
1.791000
1.791000
1.791000
1.791000
1.791000
1.791000
1.953000
1.953000
1.953000
1.953000
1.953000
1.953000
1.953000
1.953000
1.953000
1.953000
2.116000
2.116000
2.116000
2.116000
2.116000
2.116000
2.116000
2.116000
2.116000
2.116000
2.116000
2.279000
2.279000
2.279000
2.279000
2.279000
2.279000
2.279000
2.279000
2.441000
2.441000
2.441000
2.441000
2.441000
2.441000
2.441000
2.441000
2.441000
2.441000
2.604000
2.604000
2.604000
2.604000
2.604000
2.604000
2.604000
2.604000
2.767000
2.767000
2.767000
2.767000
2.767000
2.767000
2.767000
2.767000
2.767000
2.929000
2.929000
2.929000
2.929000
2.929000
2.929000
2.929000
2.929000
2.929000
2.929000
2.929000
2.929000
2.929000
2.929000
2.929000
2.929000
2.929000
3.092000
3.092000
3.092000
3.092000
3.092000
3.092000
3.092000
3.092000
3.092000
3.092000
3.092000
3.092000
3.255000
3.255000
3.255000
3.255000
3.255000
3.255000
3.255000
3.255000
3.255000
3.255000
3.255000
3.255000
3.255000
3.417000
3.417000
3.417000
3.417000
3.417000
3.417000
3.417000
3.417000
3.417000
3.417000
3.417000
3.417000
3.580000
3.580000
3.580000
3.580000
3.580000
3.580000
3.580000
3.580000
3.580000
3.580000
3.580000
3.580000
3.580000
3.580000
3.743000
3.743000
3.743000
3.743000
3.743000
3.743000
3.743000
3.743000
3.743000
3.743000
3.905000
3.905000
3.905000
3.905000
3.905000
3.905000
3.905000
3.905000
3.905000
3.905000
3.905000
4.068000
4.068000
4.068000
4.068000
4.068000
4.230000
4.230000
4.230000
4.230000
4.230000
4.230000
4.230000
4.230000
4.230000
4.230000
4.230000
4.393000
4.393000
4.393000
4.393000
4.393000
4.393000
4.393000
4.393000
4.393000
4.393000
4.393000
4.393000
4.556000
4.556000
4.556000
4.718000
4.718000
4.718000
4.718000
4.718000
4.881000
4.881000
4.881000
4.881000
4.881000
4.881000
4.881000
4.881000
4.881000
4.881000
4.881000
4.881000
5.044000
5.044000
5.044000
5.044000
5.044000
5.044000
5.044000
5.044000
5.044000
5.044000
5.206000
5.206000
5.206000
5.206000
5.206000
5.206000
5.206000
5.369000
5.369000
5.369000
5.369000
5.369000
5.369000
5.369000
5.369000
5.369000
5.369000
5.369000
5.369000
5.532000
5.532000
5.532000
5.532000
5.532000
5.532000
5.532000
5.532000
5.532000
5.532000
5.532000
5.532000
5.532000
5.532000
5.694000
5.694000
5.694000
5.694000
5.694000
5.694000
5.694000
5.694000
5.694000
5.694000
5.694000
5.694000
5.694000
5.694000
5.857000
5.857000
5.857000
5.857000
5.857000
5.857000
6.020000
6.020000
6.020000
6.020000
6.020000
6.020000
6.020000
6.020000
6.020000
6.020000
6.020000
6.020000
6.020000
6.182000
6.182000
6.182000
6.182000
6.182000
6.182000
6.182000
6.182000
6.182000
6.182000
6.345000
6.345000
6.345000
6.345000
6.345000
6.508000
6.508000
6.508000
6.508000
6.508000
6.508000
6.508000
6.508000
6.508000
6.508000
6.508000
6.508000
6.670000
6.670000
6.670000
6.670000
6.670000
6.670000
6.670000
6.670000
6.670000
6.670000
6.670000
6.670000
6.670000
6.833000
6.833000
6.833000
6.833000
6.833000
6.833000
6.833000
6.996000
6.996000
6.996000
6.996000
6.996000
6.996000
6.996000
6.996000
6.996000
6.996000
7.158000
7.158000
7.158000
7.158000
7.158000
7.158000
7.158000
7.158000
7.158000
7.158000
7.321000
7.321000
7.321000
7.321000
7.321000
7.484000
7.484000
7.484000
7.484000
7.484000
7.484000
7.484000
7.484000
7.484000
7.646000
7.646000
7.646000
7.646000
7.646000
7.646000
7.646000
7.646000
8.115000
8.115000
8.115000
8.115000
8.115000
8.115000
8.583000
8.583000
8.583000
8.583000
8.583000
8.583000
8.583000
8.583000
8.583000
8.583000
8.583000
8.583000
8.583000
8.583000
9.051000
9.051000
9.051000
9.051000
9.051000
9.051000
9.051000
9.051000
9.051000
9.051000
9.051000
9.051000
9.051000
9.051000
9.051000
9.051000
9.051000
9.519000
9.519000
9.519000
9.519000
9.519000
9.519000
9.519000
9.519000
9.519000
9.519000
9.519000
9.519000
9.987000
9.987000
9.987000
9.987000
9.987000
9.987000
9.987000
10.460000
10.460000
10.460000
10.460000
10.460000
10.460000
10.460000
10.460000
10.460000
10.460000
10.920000
10.920000
10.920000
10.920000
10.920000
10.920000
10.920000
10.920000
10.920000
10.920000
10.920000
11.390000
11.390000
11.390000
11.390000
11.390000
11.390000
11.390000
11.390000
11.390000
11.390000
11.390000
11.390000
11.390000
11.390000
11.390000
11.390000
11.860000
11.860000
11.860000
11.860000
11.860000
11.860000
11.860000
11.860000
11.860000
11.860000
11.860000
11.860000
11.860000
11.860000
12.330000
12.330000
12.330000
12.330000
12.330000
12.330000
12.330000
12.800000
12.800000
12.800000
12.800000
12.800000
12.800000
12.800000
12.800000
12.800000
13.260000
13.260000
13.260000
13.260000
13.260000
13.260000
13.260000
13.260000
13.260000
13.260000
13.260000
13.730000
13.730000
13.730000
13.730000
13.730000
13.730000
13.730000
13.730000
13.730000
13.730000
14.200000
14.200000
14.200000
14.200000
14.200000
14.200000
14.200000
14.200000
14.200000
14.200000
14.670000
14.670000
14.670000
14.670000
14.670000
14.670000
14.670000
14.670000
14.670000
14.670000
15.140000
15.140000
15.140000
15.140000
15.140000
15.140000
15.140000
15.140000
15.140000
15.140000
15.140000
15.140000
15.140000
15.140000
15.140000
15.140000
15.610000
15.610000
15.610000
15.610000
16.070000
16.070000
16.070000
16.070000
16.070000
16.070000
16.070000
16.540001
16.540001
16.540001
16.540001
16.540001
16.540001
16.540001
16.540001
17.010000
17.010000
17.010000
17.010000
17.010000
17.010000
17.010000
17.010000
17.010000
17.010000
17.010000
17.480000
17.480000
17.480000
17.480000
17.480000
17.480000
17.480000
17.480000
17.950001
17.950001
17.950001
17.950001
17.950001
17.950001
17.950001
17.950001
17.950001
17.950001
17.950001
17.950001
17.950001
18.410000
18.410000
18.410000
18.410000
18.410000
18.410000
18.410000
18.410000
18.410000
18.410000
18.879999
18.879999
18.879999
18.879999
18.879999
18.879999
18.879999
19.350000
19.350000
19.350000
19.350000
19.350000
19.350000
19.820000
19.820000
19.820000
19.820000
19.820000
20.290001
20.290001
20.290001
20.290001
20.290001
20.290001
20.290001
20.290001
20.290001
20.760000
20.760000
20.760000
20.760000
20.760000
20.760000
20.760000
20.760000
20.760000
20.760000
20.760000
20.760000
20.760000
21.219999
21.219999
21.219999
21.219999
21.219999
21.219999
21.219999
21.219999
21.219999
21.219999
21.219999
21.219999
21.219999
21.219999
21.690001
21.690001
21.690001
21.690001
22.160000
22.160000
22.160000
22.160000
22.160000
22.160000
22.160000
22.160000
22.160000
22.160000
22.629999
22.629999
22.629999
22.629999
22.629999
22.629999
22.629999
22.629999
22.629999
22.629999
23.100000
23.100000
23.100000
23.100000
23.100000
23.100000
23.100000
23.100000
23.100000
23.100000
23.100000
23.559999
23.559999
23.559999
24.030001
24.030001
24.030001
24.030001
24.030001
24.030001
24.030001
24.030001
24.030001
24.030001
24.500000
24.500000
24.500000
24.500000
24.500000
24.500000
24.500000
24.500000
24.500000
24.500000
24.500000
24.500000
24.500000
24.969999
24.969999
24.969999
24.969999
24.969999
24.969999
24.969999
24.969999
24.969999
24.969999
24.969999
24.969999
24.969999
24.969999
24.969999
24.969999
25.440001
25.440001
25.440001
25.440001
25.440001
25.440001
25.440001
25.440001
25.440001
25.440001
25.440001
25.910000
25.910000
25.910000
25.910000
25.910000
25.910000
25.910000
26.370001
26.370001
26.370001
26.370001
26.370001
26.840000
26.840000
26.840000
26.840000
26.840000
26.840000
26.840000
26.840000
26.840000
26.840000
26.840000
27.309999
27.309999
27.309999
27.309999
27.309999
27.309999
27.309999
27.309999
27.309999
27.309999
27.780001
27.780001
27.780001
27.780001
27.780001
27.780001
27.780001
27.780001
27.780001
27.780001
27.780001
27.780001
28.250000
28.250000
28.250000
28.250000
28.250000
28.709999
28.709999
28.709999
28.709999
28.709999
28.709999
28.709999
28.709999
28.709999
28.709999
34.680000
34.680000
34.680000
34.680000
34.680000
34.680000
34.680000
34.680000
34.680000
34.680000
34.680000
34.680000
34.680000
34.680000
34.680000
40.650002
40.650002
40.650002
40.650002
40.650002
40.650002
40.650002
40.650002
40.650002
40.650002
46.619999
46.619999
46.619999
46.619999
46.619999
52.590000
52.590000
52.590000
52.590000
52.590000
52.590000
52.590000
52.590000
52.590000
57.060001
57.060001
57.060001
57.060001
57.060001
57.060001
57.060001
57.060001
57.060001
57.060001
