0.000000
0.000000
0.000000
0.000000
0.000000
0.000000
0.000000
0.000000
0.000000
0.000000
0.000000
0.000000
0.000000
0.000000
0.000000
0.000000
0.000000
0.000000
0.000000
0.000000
0.000000
0.000000
0.000000
0.000000
0.000000
0.000000
0.000000
0.000000
0.000000
0.000000
0.000000
0.000000
0.000000
0.000000
0.000000
0.000000
0.000000
0.000000
0.000000
0.000000
0.000000
0.000000
0.000000
0.000000
0.000000
0.000000
0.000000
0.000000
0.000000
0.000000
0.006984
0.006984
0.006984
0.006984
0.006984
0.006984
0.006984
0.006984
0.006984
0.006984
0.006984
0.006984
0.006984
0.006984
0.006984
0.006984
0.006984
0.006984
0.006984
0.047750
0.047750
0.047750
0.047750
0.047750
0.088510
0.088510
0.088510
0.088510
0.088510
0.088510
0.088510
0.088510
0.088510
0.088510
0.129300
0.129300
0.129300
0.129300
0.129300
0.129300
0.170000
0.170000
0.170000
0.170000
0.170000
0.210800
0.210800
0.210800
0.210800
0.210800
0.210800
0.210800
0.210800
0.210800
0.210800
0.210800
0.210800
0.210800
0.251600
0.251600
0.251600
0.251600
0.251600
0.251600
0.251600
0.251600
0.251600
0.251600
0.292300
0.292300
0.292300
0.292300
0.292300
0.292300
0.292300
0.292300
0.292300
0.292300
0.292300
0.292300
0.292300
0.292300
0.333100
0.333100
0.333100
0.333100
0.333100
0.333100
0.333100
0.333100
0.333100
0.373900
0.373900
0.373900
0.373900
0.373900
0.373900
0.373900
0.373900
0.373900
0.373900
0.373900
0.373900
0.414600
0.414600
0.414600
0.414600
0.414600
0.414600
0.414600
0.414600
0.414600
0.414600
0.455400
0.455400
0.455400
0.455400
0.455400
0.455400
0.455400
0.496200
0.496200
0.496200
0.496200
0.496200
0.496200
0.536900
0.536900
0.536900
0.536900
0.536900
0.536900
0.536900
0.577700
0.577700
0.577700
0.577700
0.577700
0.577700
0.577700
0.618400
0.618400
0.618400
0.618400
0.618400
0.618400
0.618400
0.618400
0.618400
0.659200
0.659200
0.659200
0.659200
0.659200
0.659200
0.659200
0.659200
0.700000
0.700000
0.700000
0.700000
0.700000
0.700000
0.700000
0.700000
0.700000
0.740700
0.740700
0.740700
0.740700
0.740700
0.740700
0.740700
0.740700
0.740700
0.740700
0.781500
0.781500
0.781500
0.781500
0.781500
0.781500
0.781500
0.781500
0.781500
0.781500
0.781500
0.781500
0.822300
0.822300
0.822300
0.822300
0.822300
0.822300
0.863000
0.863000
0.863000
0.863000
0.863000
0.863000
0.863000
0.863000
0.863000
0.863000
0.863000
0.863000
0.863000
0.863000
0.903800
0.903800
0.903800
0.903800
0.903800
0.903800
0.903800
0.903800
0.903800
0.903800
0.903800
0.903800
0.944600
0.944600
0.944600
0.944600
0.944600
0.944600
0.944600
0.944600
0.985300
0.985300
0.985300
0.985300
0.985300
0.985300
0.985300
0.985300
0.985300
0.985300
0.985300
0.985300
1.026000
1.026000
1.026000
1.026000
1.026000
1.026000
1.026000
1.026000
1.026000
1.026000
1.026000
1.026000
1.067000
1.067000
1.067000
1.067000
1.067000
1.067000
1.067000
1.067000
1.108000
1.108000
1.108000
1.108000
1.108000
1.108000
1.108000
1.108000
1.148000
1.148000
1.148000
1.148000
1.148000
1.148000
1.189000
1.189000
1.189000
1.189000
1.189000
1.189000
1.189000
1.189000
1.189000
1.189000
1.189000
1.189000
1.189000
1.189000
1.189000
1.189000
1.189000
1.189000
1.230000
1.230000
1.230000
1.230000
1.230000
1.230000
1.230000
1.230000
1.230000
1.230000
1.230000
1.271000
1.271000
1.271000
1.271000
1.271000
1.271000
1.271000
1.271000
1.271000
1.271000
1.311000
1.311000
1.311000
1.311000
1.311000
1.311000
1.311000
1.311000
1.311000
1.311000
1.311000
1.311000
1.311000
1.311000
1.352000
1.352000
1.352000
1.352000
1.352000
1.352000
1.352000
1.393000
1.393000
1.393000
1.393000
1.393000
1.393000
1.393000
1.393000
1.393000
1.393000
1.393000
1.393000
1.434000
1.434000
1.434000
1.434000
1.434000
1.434000
1.434000
1.434000
1.434000
1.434000
1.434000
1.434000
1.434000
1.475000
1.475000
1.475000
1.475000
1.475000
1.515000
1.515000
1.515000
1.515000
1.515000
1.515000
1.515000
1.515000
1.515000
1.515000
1.515000
1.515000
1.556000
1.556000
1.597000
1.597000
1.597000
1.597000
1.597000
1.597000
1.597000
1.597000
1.597000
1.597000
1.597000
1.597000
1.597000
1.597000
1.638000
1.638000
1.638000
1.638000
1.638000
1.638000
1.638000
1.638000
1.638000
1.678000
1.678000
1.678000
1.678000
1.678000
1.678000
1.678000
1.678000
1.678000
1.719000
1.719000
1.719000
1.719000
1.719000
1.719000
1.719000
1.760000
1.760000
1.760000
1.760000
1.760000
1.760000
1.760000
1.760000
1.760000
1.801000
1.801000
1.801000
1.801000
1.801000
1.801000
1.801000
1.801000
1.801000
1.801000
1.841000
1.841000
1.841000
1.841000
1.841000
1.841000
1.841000
2.238000
2.238000
2.238000
2.238000
2.238000
2.238000
2.238000
2.238000
2.238000
2.634000
2.634000
2.634000
2.634000
2.634000
2.634000
2.634000
2.634000
2.634000
2.634000
2.634000
2.634000
3.031000
3.031000
3.031000
3.031000
3.031000
3.031000
3.031000
3.031000
3.031000
3.031000
3.031000
3.031000
3.031000
3.031000
3.031000
3.031000
3.031000
3.427000
3.427000
3.427000
3.427000
3.427000
3.427000
3.427000
3.427000
3.427000
3.427000
3.427000
3.427000
3.824000
3.824000
3.824000
3.824000
3.824000
3.824000
3.824000
3.824000
3.824000
3.824000
3.824000
3.824000
3.824000
3.824000
4.220000
4.220000
4.220000
4.220000
4.220000
4.220000
4.220000
4.220000
4.616000
4.616000
4.616000
4.616000
4.616000
4.616000
4.616000
5.013000
5.013000
5.013000
5.013000
5.013000
5.013000
5.409000
5.409000
5.409000
5.409000
5.409000
5.409000
5.409000
5.409000
5.409000
5.409000
5.409000
5.409000
5.806000
5.806000
5.806000
5.806000
5.806000
5.806000
5.806000
5.806000
5.806000
5.806000
5.806000
6.202000
6.202000
6.202000
6.202000
6.202000
6.202000
6.202000
6.202000
6.202000
6.202000
6.599000
6.599000
6.599000
6.599000
6.599000
6.599000
6.599000
6.599000
6.599000
6.995000
6.995000
6.995000
6.995000
6.995000
6.995000
6.995000
6.995000
6.995000
7.392000
7.392000
7.392000
7.392000
7.392000
7.392000
7.392000
7.392000
7.788000
7.788000
7.788000
7.788000
7.788000
7.788000
7.788000
7.788000
7.788000
7.788000
7.788000
7.788000
7.788000
7.788000
7.788000
7.788000
7.788000
7.788000
8.184000
8.184000
8.184000
8.184000
8.184000
8.184000
8.184000
8.184000
8.581000
8.581000
8.581000
8.581000
8.581000
8.581000
8.581000
8.581000
8.581000
8.977000
8.977000
8.977000
8.977000
8.977000
9.374000
9.374000
9.374000
9.374000
9.374000
9.374000
9.374000
9.374000
9.770000
9.770000
9.770000
9.770000
9.770000
9.770000
10.170000
10.170000
10.170000
10.170000
10.170000
10.170000
10.170000
10.170000
10.170000
10.560000
10.560000
10.560000
10.560000
10.560000
10.560000
10.560000
10.560000
10.560000
10.560000
10.560000
10.560000
10.560000
10.560000
10.560000
10.960000
10.960000
10.960000
10.960000
10.960000
10.960000
10.960000
11.360000
11.360000
11.360000
11.360000
11.360000
11.360000
11.360000
11.360000
11.360000
11.360000
11.360000
11.360000
11.360000
11.360000
11.360000
11.360000
11.360000
11.360000
11.750000
11.750000
11.750000
11.750000
11.750000
11.750000
11.750000
11.750000
11.750000
11.750000
12.150000
12.150000
12.150000
12.150000
12.150000
12.150000
12.150000
12.150000
12.150000
12.150000
12.150000
12.150000
12.150000
12.150000
12.550000
12.550000
12.550000
12.550000
12.550000
12.550000
12.550000
12.550000
12.550000
12.550000
12.940000
12.940000
12.940000
12.940000
12.940000
12.940000
12.940000
12.940000
12.940000
12.940000
12.940000
13.340000
13.340000
13.340000
13.340000
13.340000
13.340000
13.340000
13.340000
13.730000
13.730000
13.730000
13.730000
13.730000
13.730000
13.730000
13.730000
14.130000
14.130000
14.130000
14.130000
14.130000
14.130000
14.130000
14.130000
14.130000
14.530000
14.530000
14.530000
14.530000
14.530000
14.530000
14.530000
14.530000
14.530000
14.530000
14.530000
14.530000
14.530000
14.920000
14.920000
14.920000
14.920000
14.920000
14.920000
14.920000
14.920000
14.920000
14.920000
15.320000
15.320000
15.320000
15.320000
15.320000
15.320000
15.320000
15.320000
15.320000
15.320000
15.720000
15.720000
15.720000
15.720000
15.720000
15.720000
16.110001
16.110001
16.110001
16.110001
16.110001
16.110001
16.110001
16.110001
16.110001
16.110001
16.110001
16.110001
16.110001
16.510000
16.510000
16.510000
16.510000
16.510000
16.510000
16.910000
16.910000
16.910000
16.910000
16.910000
16.910000
16.910000
16.910000
16.910000
16.910000
16.910000
16.910000
16.910000
17.299999
17.299999
17.299999
17.299999
17.299999
17.299999
17.299999
17.299999
17.299999
17.700001
17.700001
17.700001
17.700001
17.700001
18.100000
18.100000
18.100000
18.100000
18.100000
18.100000
18.100000
18.100000
18.100000
18.100000
18.100000
18.100000
18.100000
18.100000
18.100000
18.100000
18.100000
18.490000
18.490000
18.490000
18.490000
18.490000
18.490000
18.490000
18.490000
18.889999
18.889999
18.889999
18.889999
18.889999
18.889999
18.889999
18.889999
18.889999
18.889999
18.889999
18.889999
18.889999
18.889999
19.280001
19.280001
19.280001
19.680000
19.680000
19.680000
19.680000
19.680000
19.680000
19.680000
19.680000
19.680000
19.680000
19.680000
19.680000
19.680000
35.450001
35.450001
35.450001
35.450001
35.450001
35.450001
35.450001
35.450001
35.450001
35.450001
51.230000
51.230000
51.230000
51.230000
51.230000
51.230000
51.230000
51.230000
51.230000
67.000000
67.000000
67.000000
67.000000
67.000000
67.000000
67.000000
67.000000
67.000000
67.000000
67.000000
82.769997
82.769997
82.769997
82.769997
82.769997
82.769997
82.769997
82.769997
82.769997
82.769997
82.769997
82.769997
94.599998
94.599998
94.599998
94.599998
94.599998
94.599998
94.599998
94.599998
