0.000000
0.000000
0.000000
0.000000
0.000000
0.000000
0.000000
0.000000
0.000000
0.000000
0.000000
0.000000
0.000000
0.000000
0.000000
0.000000
0.000000
0.000000
0.000000
0.000000
0.000000
0.000000
0.000000
0.000000
0.000000
0.000000
0.000000
0.000000
0.000000
0.000000
0.000000
0.000000
0.000000
0.000000
0.000000
0.000000
0.000000
0.000000
0.000000
0.000000
0.000000
0.080780
0.080780
0.080780
0.080780
0.080780
0.080780
0.080780
0.080780
0.080780
0.080780
0.080780
0.148300
0.148300
0.148300
0.148300
0.148300
0.148300
0.148300
0.148300
0.148300
0.215800
0.215800
0.215800
0.215800
0.215800
0.215800
0.215800
0.215800
0.283300
0.283300
0.283300
0.283300
0.283300
0.283300
0.283300
0.283300
0.283300
0.283300
0.283300
0.283300
0.283300
0.350900
0.350900
0.350900
0.350900
0.350900
0.350900
0.350900
0.350900
0.350900
0.350900
0.350900
0.350900
0.418400
0.418400
0.418400
0.418400
0.418400
0.418400
0.418400
0.418400
0.418400
0.418400
0.418400
0.485900
0.485900
0.485900
0.485900
0.485900
0.485900
0.485900
0.485900
0.485900
0.485900
0.553400
0.553400
0.553400
0.553400
0.553400
0.553400
0.553400
0.553400
0.553400
0.553400
0.553400
0.553400
0.553400
0.553400
0.553400
0.620900
0.620900
0.620900
0.620900
0.620900
0.620900
0.620900
0.620900
0.620900
0.620900
0.620900
0.620900
0.620900
0.620900
0.620900
0.620900
0.688500
0.688500
0.688500
0.688500
0.688500
0.756000
0.756000
0.756000
0.756000
0.756000
0.756000
0.756000
0.756000
0.756000
0.756000
0.756000
0.756000
0.823500
0.823500
0.823500
0.823500
0.823500
0.823500
0.823500
0.823500
0.823500
0.823500
0.823500
0.823500
0.891000
0.891000
0.891000
0.891000
0.891000
0.891000
0.891000
0.891000
0.891000
0.891000
0.891000
0.958500
0.958500
0.958500
0.958500
0.958500
0.958500
1.026000
1.026000
1.026000
1.026000
1.026000
1.026000
1.026000
1.026000
1.026000
1.026000
1.094000
1.094000
1.094000
1.094000
1.094000
1.161000
1.161000
1.161000
1.161000
1.161000
1.161000
1.161000
1.161000
1.161000
1.161000
1.229000
1.229000
1.229000
1.229000
1.229000
1.229000
1.229000
1.229000
1.229000
1.229000
1.229000
1.296000
1.296000
1.296000
1.296000
1.296000
1.296000
1.296000
1.364000
1.364000
1.364000
1.364000
1.364000
1.364000
1.364000
1.364000
1.364000
1.431000
1.431000
1.431000
1.431000
1.431000
1.431000
1.431000
1.431000
1.431000
1.431000
1.431000
1.431000
1.431000
1.499000
1.499000
1.499000
1.499000
1.499000
1.499000
1.499000
1.499000
1.499000
1.499000
1.566000
1.566000
1.566000
1.566000
1.566000
1.566000
1.566000
1.566000
1.566000
1.566000
1.566000
1.566000
1.566000
1.634000
1.634000
1.634000
1.634000
1.634000
1.634000
1.634000
1.701000
1.701000
1.701000
1.701000
1.701000
1.701000
1.701000
1.701000
1.769000
1.769000
1.769000
1.769000
1.769000
1.769000
1.769000
1.769000
1.769000
1.769000
1.769000
1.769000
1.836000
1.836000
1.836000
1.836000
1.836000
1.836000
1.836000
1.836000
1.836000
1.836000
1.836000
1.836000
1.904000
1.904000
1.904000
1.904000
1.904000
1.904000
1.904000
1.904000
1.904000
1.904000
1.904000
1.971000
1.971000
1.971000
1.971000
1.971000
1.971000
1.971000
1.971000
1.971000
1.971000
1.971000
2.039000
2.039000
2.039000
2.039000
2.039000
2.039000
2.039000
2.039000
2.106000
2.106000
2.106000
2.106000
2.106000
2.106000
2.106000
2.174000
2.174000
2.174000
2.174000
2.241000
2.241000
2.241000
2.241000
2.309000
2.309000
2.309000
2.309000
2.309000
2.309000
2.309000
2.309000
2.376000
2.376000
2.376000
2.376000
2.376000
2.376000
2.376000
2.376000
2.376000
2.376000
2.444000
2.444000
2.444000
2.444000
2.444000
2.444000
2.444000
2.444000
2.444000
2.444000
2.444000
2.512000
2.512000
2.512000
2.512000
2.512000
2.512000
2.579000
2.579000
2.579000
2.579000
2.579000
2.579000
2.579000
2.579000
2.647000
2.647000
2.647000
2.647000
2.647000
2.647000
2.647000
2.647000
2.647000
2.647000
2.714000
2.714000
2.714000
2.714000
2.714000
2.782000
2.782000
2.782000
2.782000
2.782000
2.782000
2.782000
2.782000
2.782000
2.782000
2.782000
2.849000
2.849000
2.849000
2.849000
2.849000
2.849000
2.849000
2.849000
2.849000
2.849000
2.849000
2.917000
2.917000
2.917000
2.917000
2.917000
2.917000
2.917000
2.917000
2.984000
2.984000
2.984000
2.984000
2.984000
2.984000
2.984000
2.984000
2.984000
2.984000
2.984000
2.984000
3.052000
3.052000
3.052000
3.052000
3.052000
3.052000
3.052000
3.052000
3.052000
3.052000
3.052000
3.052000
3.052000
3.052000
3.052000
3.052000
3.119000
3.119000
3.119000
3.119000
3.119000
3.119000
3.119000
3.723000
3.723000
3.723000
3.723000
3.723000
3.723000
3.723000
3.723000
3.723000
3.723000
4.326000
4.326000
4.326000
4.326000
4.326000
4.326000
4.326000
4.326000
4.326000
4.930000
4.930000
4.930000
4.930000
4.930000
4.930000
4.930000
4.930000
4.930000
4.930000
4.930000
4.930000
4.930000
4.930000
4.930000
4.930000
5.533000
5.533000
5.533000
5.533000
5.533000
5.533000
5.533000
5.533000
6.137000
6.137000
6.137000
6.137000
6.137000
6.137000
6.137000
6.137000
6.740000
6.740000
6.740000
6.740000
6.740000
6.740000
6.740000
7.343000
7.343000
7.343000
7.343000
7.343000
7.343000
7.343000
7.343000
7.343000
7.947000
7.947000
7.947000
7.947000
7.947000
7.947000
7.947000
7.947000
7.947000
7.947000
8.550000
8.550000
8.550000
8.550000
8.550000
8.550000
8.550000
9.154000
9.154000
9.154000
9.154000
9.154000
9.154000
9.154000
9.757000
9.757000
9.757000
9.757000
9.757000
9.757000
9.757000
9.757000
9.757000
9.757000
9.757000
9.757000
10.360000
10.360000
10.360000
10.360000
10.360000
10.360000
10.360000
10.360000
10.360000
10.960000
10.960000
10.960000
10.960000
10.960000
10.960000
10.960000
10.960000
10.960000
10.960000
10.960000
10.960000
10.960000
10.960000
10.960000
10.960000
11.570000
11.570000
11.570000
11.570000
11.570000
11.570000
11.570000
11.570000
11.570000
11.570000
11.570000
11.570000
11.570000
11.570000
12.170000
12.170000
12.170000
12.170000
12.170000
12.170000
12.170000
12.170000
12.170000
12.170000
12.170000
12.770000
12.770000
12.770000
12.770000
12.770000
12.770000
13.380000
13.380000
13.380000
13.380000
13.380000
13.380000
13.380000
13.380000
13.380000
13.380000
13.380000
13.980000
13.980000
13.980000
13.980000
13.980000
13.980000
13.980000
13.980000
13.980000
13.980000
13.980000
13.980000
13.980000
14.590000
14.590000
14.590000
14.590000
14.590000
14.590000
14.590000
14.590000
14.590000
14.590000
14.590000
14.590000
14.590000
14.590000
15.190000
15.190000
15.190000
15.190000
15.190000
15.190000
15.190000
15.190000
15.190000
15.190000
15.190000
15.790000
15.790000
15.790000
15.790000
15.790000
15.790000
16.400000
16.400000
16.400000
16.400000
16.400000
16.400000
16.400000
16.400000
16.400000
16.400000
16.400000
16.400000
17.000000
17.000000
17.000000
17.000000
17.000000
17.000000
17.000000
17.000000
17.000000
17.000000
17.000000
17.000000
17.000000
17.600000
17.600000
17.600000
17.600000
17.600000
17.600000
17.600000
17.600000
17.600000
17.600000
18.209999
18.209999
18.209999
18.209999
18.209999
18.209999
18.209999
18.209999
18.209999
18.209999
18.209999
18.209999
18.209999
18.209999
18.209999
18.209999
18.209999
18.209999
18.209999
18.809999
18.809999
18.809999
18.809999
18.809999
18.809999
18.809999
18.809999
18.809999
19.410000
19.410000
19.410000
19.410000
19.410000
19.410000
19.410000
19.410000
19.410000
19.410000
19.410000
19.410000
19.410000
19.410000
19.410000
19.410000
20.020000
20.020000
20.020000
20.020000
20.020000
20.020000
20.020000
20.020000
20.020000
20.020000
20.620001
20.620001
20.620001
20.620001
20.620001
20.620001
20.620001
20.620001
20.620001
20.620001
21.219999
21.219999
21.219999
21.219999
21.219999
21.219999
21.219999
21.219999
21.219999
21.219999
21.830000
21.830000
21.830000
21.830000
21.830000
21.830000
21.830000
22.430000
22.430000
22.430000
22.430000
22.430000
22.430000
22.430000
23.030001
23.030001
23.030001
23.030001
23.030001
23.030001
23.030001
23.639999
23.639999
23.639999
23.639999
23.639999
23.639999
23.639999
23.639999
23.639999
23.639999
24.240000
24.240000
24.240000
24.240000
24.240000
24.240000
24.240000
24.240000
24.840000
24.840000
24.840000
24.840000
24.840000
24.840000
24.840000
24.840000
24.840000
25.450001
25.450001
25.450001
25.450001
25.450001
25.450001
25.450001
25.450001
26.049999
26.049999
26.049999
26.049999
26.049999
26.049999
26.049999
26.049999
26.049999
26.049999
26.049999
26.049999
26.650000
26.650000
26.650000
26.650000
26.650000
26.650000
26.650000
26.650000
26.650000
26.650000
26.650000
26.650000
27.260000
27.260000
27.260000
27.260000
27.260000
27.260000
27.260000
27.260000
27.860001
27.860001
27.860001
27.860001
27.860001
27.860001
27.860001
27.860001
27.860001
27.860001
27.860001
27.860001
28.459999
28.459999
28.459999
28.459999
28.459999
28.459999
28.459999
28.459999
28.459999
28.459999
28.459999
29.070000
29.070000
29.070000
29.070000
29.070000
29.070000
29.070000
29.070000
29.070000
29.070000
29.070000
29.070000
29.070000
29.070000
29.070000
29.070000
29.670000
29.670000
29.670000
29.670000
29.670000
29.670000
29.670000
29.670000
29.670000
29.670000
30.280001
30.280001
30.280001
30.280001
30.280001
30.280001
37.799999
37.799999
37.799999
37.799999
37.799999
37.799999
37.799999
37.799999
37.799999
37.799999
45.320000
45.320000
45.320000
45.320000
45.320000
45.320000
45.320000
45.320000
45.320000
45.320000
45.320000
45.320000
52.840000
52.840000
52.840000
52.840000
52.840000
52.840000
52.840000
52.840000
52.840000
52.840000
60.360001
60.360001
60.360001
60.360001
60.360001
60.360001
60.360001
66.000000
66.000000
66.000000
66.000000
66.000000
66.000000
66.000000
66.000000
