0.000000
0.000000
0.000000
0.000000
0.000000
0.000000
0.000000
0.000000
0.000000
0.000000
0.000000
0.000000
0.000000
0.000000
0.000000
0.000000
0.000000
0.000000
0.000000
0.000000
0.000000
0.000000
0.000000
0.000000
0.000000
0.000000
0.000000
0.000000
0.000000
0.000000
0.000000
0.000000
0.000000
0.000000
0.000000
0.000000
0.000000
0.000000
0.000000
0.000000
0.000000
0.000000
0.000000
0.000000
0.000000
0.000000
0.000000
0.000000
0.000000
0.000000
0.000000
0.000000
0.000000
0.818200
0.818200
0.818200
0.818200
0.818200
0.818200
0.818200
0.818200
0.818200
0.966500
0.966500
0.966500
0.966500
0.966500
0.966500
0.966500
0.966500
0.966500
0.966500
0.966500
0.966500
0.966500
1.115000
1.115000
1.115000
1.115000
1.115000
1.115000
1.115000
1.115000
1.115000
1.263000
1.263000
1.263000
1.263000
1.263000
1.263000
1.263000
1.263000
1.263000
1.263000
1.263000
1.411000
1.411000
1.411000
1.411000
1.411000
1.411000
1.411000
1.411000
1.411000
1.411000
1.411000
1.411000
1.560000
1.560000
1.560000
1.560000
1.560000
1.560000
1.560000
1.560000
1.560000
1.708000
1.708000
1.708000
1.708000
1.708000
1.708000
1.708000
1.708000
1.708000
1.708000
1.708000
1.856000
1.856000
1.856000
1.856000
1.856000
1.856000
1.856000
1.856000
1.856000
2.005000
2.005000
2.005000
2.005000
2.005000
2.005000
2.005000
2.005000
2.153000
2.153000
2.153000
2.153000
2.153000
2.153000
2.153000
2.153000
2.153000
2.153000
2.153000
2.153000
2.153000
2.153000
2.301000
2.301000
2.301000
2.301000
2.301000
2.301000
2.301000
2.301000
2.301000
2.301000
2.301000
2.301000
2.301000
2.301000
2.449000
2.449000
2.449000
2.449000
2.449000
2.449000
2.449000
2.449000
2.449000
2.449000
2.449000
2.449000
2.449000
2.598000
2.598000
2.598000
2.598000
2.598000
2.598000
2.598000
2.598000
2.598000
2.598000
2.598000
2.598000
2.746000
2.746000
2.746000
2.746000
2.746000
2.746000
2.746000
2.746000
2.746000
2.746000
2.746000
2.746000
2.894000
2.894000
2.894000
2.894000
2.894000
2.894000
3.043000
3.043000
3.043000
3.043000
3.043000
3.043000
3.043000
3.043000
3.043000
3.043000
3.043000
3.043000
3.043000
3.191000
3.191000
3.191000
3.191000
3.191000
3.191000
3.191000
3.191000
3.191000
3.191000
3.339000
3.339000
3.339000
3.339000
3.339000
3.339000
3.339000
3.488000
3.488000
3.488000
3.488000
3.488000
3.488000
3.488000
3.488000
3.488000
3.636000
3.636000
3.636000
3.636000
3.636000
3.636000
3.636000
3.636000
3.636000
3.636000
3.636000
3.636000
3.636000
3.636000
3.636000
3.636000
3.784000
3.784000
3.784000
3.784000
3.784000
3.784000
3.784000
3.784000
3.784000
3.784000
3.932000
3.932000
3.932000
3.932000
3.932000
4.081000
4.081000
4.081000
4.081000
4.081000
4.081000
4.081000
4.081000
4.229000
4.229000
4.229000
4.229000
4.229000
4.229000
4.229000
4.229000
4.229000
4.229000
4.377000
4.377000
4.377000
4.377000
4.377000
4.377000
4.377000
4.377000
4.526000
4.526000
4.526000
4.526000
4.526000
4.526000
4.526000
4.674000
4.674000
4.674000
4.674000
4.674000
4.674000
4.674000
4.674000
4.674000
4.674000
4.674000
4.822000
4.822000
4.822000
4.822000
4.822000
4.822000
4.822000
4.822000
4.971000
4.971000
4.971000
4.971000
4.971000
4.971000
4.971000
4.971000
4.971000
4.971000
4.971000
5.119000
5.119000
5.119000
5.119000
5.119000
5.119000
5.119000
5.119000
5.119000
5.119000
5.119000
5.119000
5.119000
5.267000
5.267000
5.267000
5.267000
5.267000
5.267000
5.267000
5.267000
5.415000
5.415000
5.415000
5.415000
5.415000
5.415000
5.415000
5.415000
5.415000
5.415000
5.415000
5.564000
5.564000
5.564000
5.564000
5.564000
5.564000
5.564000
5.564000
5.564000
5.564000
5.712000
5.712000
5.712000
5.712000
5.860000
5.860000
5.860000
5.860000
5.860000
5.860000
5.860000
5.860000
5.860000
5.860000
5.860000
5.860000
5.860000
6.009000
6.009000
6.009000
6.009000
6.009000
6.009000
6.009000
6.009000
6.009000
6.009000
6.009000
6.009000
6.009000
6.009000
6.157000
6.157000
6.157000
6.157000
6.157000
6.157000
6.157000
6.157000
6.157000
6.157000
6.157000
6.157000
6.157000
6.157000
6.157000
6.157000
6.305000
6.305000
6.305000
6.305000
6.305000
6.305000
6.305000
6.305000
6.305000
6.305000
6.453000
6.453000
6.453000
6.453000
6.453000
6.453000
6.453000
6.453000
6.453000
6.453000
6.453000
6.453000
6.453000
6.453000
6.602000
6.602000
6.602000
6.602000
6.602000
6.602000
6.602000
6.602000
6.602000
6.602000
6.750000
6.750000
6.750000
6.750000
6.750000
6.750000
6.750000
6.750000
6.750000
6.750000
6.898000
6.898000
6.898000
6.898000
6.898000
6.898000
6.898000
6.898000
6.898000
6.898000
7.047000
7.047000
7.047000
7.047000
7.047000
7.047000
7.195000
7.195000
7.195000
7.195000
7.195000
7.195000
7.195000
7.343000
7.343000
7.343000
7.343000
7.343000
7.343000
7.343000
7.343000
7.343000
7.492000
7.492000
7.492000
7.492000
7.492000
7.492000
7.492000
7.492000
7.492000
8.435000
8.435000
8.435000
8.435000
8.435000
8.435000
8.435000
8.435000
8.435000
8.435000
8.435000
8.435000
8.435000
8.435000
8.435000
8.435000
8.435000
9.379000
9.379000
9.379000
9.379000
9.379000
9.379000
9.379000
9.379000
10.320000
10.320000
10.320000
10.320000
10.320000
10.320000
10.320000
10.320000
10.320000
10.320000
11.270000
11.270000
11.270000
11.270000
11.270000
11.270000
11.270000
11.270000
11.270000
11.270000
11.270000
11.270000
11.270000
11.270000
11.270000
11.270000
12.210000
12.210000
12.210000
12.210000
12.210000
12.210000
12.210000
12.210000
12.210000
12.210000
12.210000
12.210000
12.210000
12.210000
12.210000
12.210000
12.210000
12.210000
12.210000
13.150000
13.150000
13.150000
13.150000
13.150000
13.150000
13.150000
13.150000
14.100000
14.100000
14.100000
14.100000
14.100000
14.100000
15.040000
15.040000
15.040000
15.040000
15.040000
15.040000
15.040000
15.040000
15.040000
15.040000
15.980000
15.980000
15.980000
15.980000
15.980000
16.930000
16.930000
16.930000
16.930000
16.930000
16.930000
16.930000
16.930000
16.930000
16.930000
16.930000
16.930000
17.870001
17.870001
17.870001
17.870001
17.870001
17.870001
17.870001
17.870001
17.870001
18.820000
18.820000
18.820000
18.820000
18.820000
18.820000
18.820000
18.820000
18.820000
18.820000
18.820000
19.760000
19.760000
19.760000
19.760000
19.760000
19.760000
19.760000
19.760000
20.700001
20.700001
20.700001
20.700001
20.700001
20.700001
20.700001
21.650000
21.650000
21.650000
22.590000
22.590000
22.590000
22.590000
22.590000
22.590000
22.590000
22.590000
22.590000
22.590000
22.590000
22.590000
23.530001
23.530001
23.530001
23.530001
23.530001
23.530001
24.480000
24.480000
24.480000
24.480000
24.480000
24.480000
24.480000
24.480000
24.480000
24.480000
24.480000
24.480000
25.420000
25.420000
25.420000
25.420000
25.420000
25.420000
25.420000
25.420000
25.420000
26.370001
26.370001
26.370001
26.370001
26.370001
27.309999
27.309999
27.309999
27.309999
27.309999
27.309999
27.309999
27.309999
27.309999
27.309999
27.309999
28.250000
28.250000
28.250000
28.250000
28.250000
28.250000
28.250000
28.250000
28.250000
28.250000
28.250000
28.250000
29.200001
29.200001
29.200001
29.200001
29.200001
29.200001
29.200001
29.200001
29.200001
30.139999
30.139999
30.139999
30.139999
30.139999
30.139999
30.139999
31.080000
31.080000
31.080000
31.080000
31.080000
31.080000
31.080000
31.080000
31.080000
31.080000
32.029999
32.029999
32.029999
32.029999
32.029999
32.029999
32.029999
32.029999
32.029999
32.970001
32.970001
32.970001
32.970001
32.970001
32.970001
32.970001
33.919998
33.919998
33.919998
33.919998
33.919998
33.919998
33.919998
33.919998
34.860001
34.860001
34.860001
34.860001
34.860001
34.860001
34.860001
35.799999
35.799999
35.799999
35.799999
35.799999
35.799999
36.750000
36.750000
36.750000
36.750000
36.750000
36.750000
36.750000
36.750000
36.750000
36.750000
36.750000
36.750000
37.689999
37.689999
37.689999
37.689999
37.689999
37.689999
37.689999
37.689999
37.689999
37.689999
37.689999
38.630001
38.630001
38.630001
38.630001
38.630001
38.630001
38.630001
38.630001
38.630001
38.630001
38.630001
38.630001
38.630001
38.630001
38.630001
38.630001
38.630001
38.630001
38.630001
38.630001
39.580002
39.580002
39.580002
39.580002
39.580002
39.580002
39.580002
39.580002
39.580002
39.580002
39.580002
39.580002
39.580002
39.580002
40.520000
40.520000
40.520000
40.520000
40.520000
40.520000
40.520000
40.520000
40.520000
40.520000
40.520000
40.520000
40.520000
40.520000
41.459999
41.459999
41.459999
41.459999
41.459999
41.459999
41.459999
41.459999
41.459999
41.459999
41.459999
41.459999
42.410000
42.410000
42.410000
42.410000
42.410000
42.410000
42.410000
42.410000
42.410000
42.410000
42.410000
43.349998
43.349998
43.349998
43.349998
43.349998
43.349998
43.349998
43.349998
43.349998
43.349998
43.349998
43.349998
44.299999
44.299999
44.299999
44.299999
44.299999
45.240002
45.240002
45.240002
45.240002
45.240002
45.240002
45.240002
46.180000
46.180000
46.180000
47.130001
47.130001
47.130001
47.130001
47.130001
47.130001
47.130001
47.130001
47.130001
47.130001
48.070000
48.070000
48.070000
48.070000
48.070000
48.070000
48.070000
48.070000
48.070000
48.070000
48.070000
48.070000
48.070000
48.070000
49.009998
49.009998
49.009998
49.009998
49.009998
49.009998
49.009998
49.009998
49.009998
49.959999
49.959999
49.959999
49.959999
49.959999
49.959999
49.959999
49.959999
61.279999
61.279999
61.279999
61.279999
61.279999
61.279999
61.279999
61.279999
61.279999
72.589996
72.589996
72.589996
72.589996
72.589996
83.910004
83.910004
83.910004
83.910004
83.910004
83.910004
83.910004
83.910004
83.910004
83.910004
95.230003
95.230003
95.230003
95.230003
95.230003
95.230003
95.230003
103.699997
103.699997
103.699997
103.699997
103.699997
103.699997
