0.000000
0.000000
0.000000
0.000000
0.000000
0.000000
0.000000
0.000000
0.000000
0.000000
0.000000
0.000000
0.000000
0.000000
0.000000
0.000000
0.000000
0.000000
0.000000
0.000000
0.000000
0.000000
0.000000
0.000000
0.000000
0.000000
0.000000
0.000000
0.000000
0.000000
0.000000
0.000000
0.000000
0.000000
0.000000
0.000000
0.000000
0.000000
0.000000
0.000000
0.000000
0.000000
0.000000
0.000000
0.279900
0.279900
0.279900
0.279900
0.279900
0.279900
0.279900
0.279900
0.279900
0.279900
0.279900
0.279900
0.395000
0.395000
0.395000
0.395000
0.395000
0.395000
0.395000
0.395000
0.395000
0.395000
0.510200
0.510200
0.510200
0.510200
0.510200
0.510200
0.510200
0.510200
0.510200
0.625300
0.625300
0.625300
0.625300
0.625300
0.625300
0.625300
0.625300
0.625300
0.625300
0.625300
0.740400
0.740400
0.740400
0.740400
0.740400
0.740400
0.740400
0.740400
0.740400
0.740400
0.855600
0.855600
0.855600
0.855600
0.855600
0.855600
0.855600
0.855600
0.855600
0.855600
0.855600
0.970700
0.970700
0.970700
0.970700
0.970700
1.086000
1.086000
1.086000
1.086000
1.086000
1.086000
1.086000
1.086000
1.201000
1.201000
1.201000
1.201000
1.201000
1.201000
1.201000
1.316000
1.316000
1.316000
1.316000
1.316000
1.316000
1.316000
1.316000
1.316000
1.316000
1.316000
1.316000
1.316000
1.316000
1.431000
1.431000
1.431000
1.431000
1.431000
1.431000
1.431000
1.431000
1.546000
1.546000
1.546000
1.546000
1.546000
1.546000
1.546000
1.546000
1.546000
1.546000
1.546000
1.546000
1.546000
1.546000
1.546000
1.662000
1.662000
1.662000
1.662000
1.662000
1.662000
1.662000
1.662000
1.662000
1.662000
1.777000
1.777000
1.777000
1.777000
1.777000
1.777000
1.777000
1.777000
1.892000
1.892000
1.892000
1.892000
1.892000
1.892000
1.892000
1.892000
1.892000
2.007000
2.007000
2.007000
2.007000
2.007000
2.007000
2.007000
2.007000
2.007000
2.007000
2.007000
2.007000
2.007000
2.007000
2.007000
2.007000
2.007000
2.007000
2.007000
2.007000
2.122000
2.122000
2.122000
2.122000
2.122000
2.122000
2.122000
2.122000
2.122000
2.122000
2.237000
2.237000
2.237000
2.237000
2.237000
2.237000
2.237000
2.237000
2.237000
2.237000
2.352000
2.352000
2.352000
2.352000
2.352000
2.352000
2.352000
2.352000
2.352000
2.352000
2.467000
2.467000
2.467000
2.467000
2.467000
2.583000
2.583000
2.583000
2.583000
2.583000
2.583000
2.583000
2.583000
2.583000
2.583000
2.583000
2.583000
2.583000
2.698000
2.698000
2.698000
2.698000
2.698000
2.698000
2.698000
2.698000
2.698000
2.698000
2.698000
2.698000
2.698000
2.698000
2.698000
2.698000
2.698000
2.698000
2.698000
2.813000
2.813000
2.813000
2.813000
2.813000
2.813000
2.813000
2.813000
2.813000
2.928000
2.928000
2.928000
2.928000
2.928000
2.928000
2.928000
2.928000
2.928000
2.928000
3.043000
3.043000
3.043000
3.043000
3.043000
3.043000
3.158000
3.158000
3.158000
3.158000
3.158000
3.158000
3.158000
3.158000
3.158000
3.273000
3.273000
3.273000
3.273000
3.273000
3.273000
3.273000
3.273000
3.273000
3.273000
3.389000
3.389000
3.389000
3.389000
3.389000
3.389000
3.389000
3.389000
3.504000
3.504000
3.504000
3.504000
3.504000
3.504000
3.504000
3.504000
3.619000
3.619000
3.619000
3.619000
3.619000
3.619000
3.619000
3.619000
3.734000
3.734000
3.734000
3.734000
3.734000
3.734000
3.734000
3.734000
3.734000
3.734000
3.734000
3.734000
3.734000
3.734000
3.849000
3.849000
3.849000
3.849000
3.849000
3.849000
3.849000
3.849000
3.849000
3.849000
3.964000
3.964000
3.964000
3.964000
3.964000
3.964000
3.964000
3.964000
4.079000
4.079000
4.079000
4.079000
4.079000
4.079000
4.079000
4.079000
4.079000
4.079000
4.079000
4.079000
4.079000
4.079000
4.195000
4.195000
4.195000
4.195000
4.195000
4.195000
4.195000
4.195000
4.310000
4.310000
4.310000
4.310000
4.310000
4.310000
4.310000
4.310000
4.310000
4.310000
4.310000
4.310000
4.310000
4.310000
4.310000
4.425000
4.425000
4.425000
4.425000
4.425000
4.425000
4.540000
4.540000
4.540000
4.540000
4.540000
4.540000
4.540000
4.540000
4.540000
4.540000
4.540000
4.540000
4.540000
4.540000
4.655000
4.655000
4.655000
4.655000
4.655000
4.655000
4.655000
4.655000
4.655000
4.770000
4.770000
4.770000
4.770000
4.770000
4.770000
4.770000
4.885000
4.885000
4.885000
4.885000
4.885000
4.885000
4.885000
4.885000
4.885000
4.885000
4.885000
4.885000
4.885000
4.885000
4.885000
4.885000
4.885000
4.885000
5.000000
5.000000
5.000000
5.000000
5.000000
5.000000
5.000000
5.000000
5.000000
5.000000
5.000000
5.000000
5.116000
5.116000
5.116000
5.116000
5.231000
5.231000
5.231000
5.231000
5.231000
5.346000
5.346000
5.346000
5.346000
5.346000
5.461000
5.461000
5.461000
5.461000
5.461000
5.461000
5.461000
5.461000
5.461000
5.461000
5.461000
5.754000
5.754000
5.754000
5.754000
5.754000
5.754000
5.754000
5.754000
5.754000
5.754000
5.754000
5.754000
5.754000
5.754000
5.754000
5.754000
6.047000
6.047000
6.047000
6.047000
6.047000
6.047000
6.047000
6.047000
6.047000
6.047000
6.340000
6.340000
6.340000
6.340000
6.340000
6.340000
6.633000
6.633000
6.633000
6.633000
6.633000
6.633000
6.633000
6.633000
6.633000
6.925000
6.925000
6.925000
6.925000
6.925000
6.925000
6.925000
6.925000
6.925000
6.925000
6.925000
7.218000
7.218000
7.218000
7.218000
7.218000
7.218000
7.218000
7.218000
7.218000
7.218000
7.218000
7.218000
7.218000
7.218000
7.511000
7.511000
7.511000
7.511000
7.511000
7.511000
7.511000
7.511000
7.511000
7.511000
7.511000
7.511000
7.804000
7.804000
7.804000
7.804000
7.804000
7.804000
7.804000
7.804000
7.804000
7.804000
7.804000
7.804000
7.804000
7.804000
8.097000
8.097000
8.097000
8.097000
8.097000
8.097000
8.097000
8.097000
8.097000
8.097000
8.097000
8.097000
8.097000
8.390000
8.390000
8.390000
8.390000
8.390000
8.390000
8.390000
8.390000
8.390000
8.390000
8.390000
8.390000
8.390000
8.683000
8.683000
8.683000
8.683000
8.683000
8.683000
8.683000
8.683000
8.683000
8.976000
8.976000
8.976000
8.976000
8.976000
8.976000
8.976000
8.976000
8.976000
8.976000
9.269000
9.269000
9.269000
9.269000
9.269000
9.269000
9.269000
9.269000
9.269000
9.269000
9.269000
9.269000
9.561000
9.561000
9.561000
9.561000
9.561000
9.561000
9.561000
9.561000
9.561000
9.561000
9.854000
9.854000
9.854000
9.854000
9.854000
10.150000
10.150000
10.150000
10.150000
10.150000
10.150000
10.150000
10.150000
10.440000
10.440000
10.440000
10.440000
10.440000
10.440000
10.730000
10.730000
10.730000
10.730000
10.730000
11.030000
11.030000
11.030000
11.030000
11.030000
11.030000
11.030000
11.030000
11.320000
11.320000
11.320000
11.320000
11.320000
11.320000
11.320000
11.320000
11.610000
11.610000
11.610000
11.610000
11.610000
11.610000
11.610000
11.610000
11.610000
11.610000
11.610000
11.610000
11.610000
11.610000
11.610000
11.900000
11.900000
11.900000
11.900000
11.900000
11.900000
11.900000
11.900000
12.200000
12.200000
12.200000
12.200000
12.200000
12.200000
12.200000
12.200000
12.200000
12.490000
12.490000
12.490000
12.490000
12.490000
12.490000
12.490000
12.490000
12.780000
12.780000
12.780000
12.780000
12.780000
12.780000
12.780000
12.780000
12.780000
12.780000
12.780000
12.780000
12.780000
12.780000
12.780000
13.080000
13.080000
13.080000
13.080000
13.080000
13.080000
13.080000
13.080000
13.370000
13.370000
13.370000
13.370000
13.370000
13.370000
13.370000
13.370000
13.370000
13.370000
13.370000
13.660000
13.660000
13.660000
13.660000
13.660000
13.660000
13.660000
13.660000
13.660000
13.660000
13.950000
13.950000
13.950000
13.950000
13.950000
13.950000
13.950000
13.950000
13.950000
13.950000
14.250000
14.250000
14.250000
14.250000
14.250000
14.250000
14.250000
14.250000
14.250000
14.540000
14.540000
14.540000
14.540000
14.830000
14.830000
14.830000
14.830000
14.830000
14.830000
14.830000
14.830000
14.830000
14.830000
14.830000
14.830000
15.130000
15.130000
15.130000
15.130000
15.130000
15.420000
15.420000
15.420000
15.420000
15.420000
15.420000
15.420000
15.420000
15.420000
15.710000
15.710000
15.710000
15.710000
15.710000
15.710000
15.710000
15.710000
15.710000
15.710000
16.000000
16.000000
16.000000
16.000000
16.000000
16.000000
16.000000
16.000000
16.000000
16.000000
16.000000
16.000000
16.000000
16.299999
16.299999
16.299999
16.299999
16.299999
16.299999
16.299999
16.299999
16.590000
16.590000
16.590000
16.590000
16.590000
16.590000
16.879999
16.879999
16.879999
16.879999
16.879999
16.879999
16.879999
16.879999
16.879999
17.180000
17.180000
17.180000
17.180000
17.469999
17.469999
17.469999
17.469999
17.469999
17.469999
17.469999
17.469999
17.469999
17.469999
17.760000
17.760000
17.760000
17.760000
17.760000
17.760000
17.760000
17.760000
17.760000
17.760000
17.760000
17.760000
18.059999
18.059999
18.059999
18.059999
18.059999
18.059999
18.059999
18.059999
18.059999
18.059999
18.350000
18.350000
18.350000
18.350000
18.350000
18.350000
18.350000
18.350000
18.350000
18.350000
18.350000
18.350000
18.350000
18.350000
18.350000
18.639999
18.639999
18.639999
18.639999
18.639999
18.639999
18.639999
18.639999
18.639999
18.639999
18.639999
18.639999
18.639999
18.639999
18.639999
18.639999
20.010000
20.010000
20.010000
20.010000
20.010000
20.010000
20.010000
20.010000
20.010000
20.010000
21.379999
21.379999
21.379999
21.379999
21.379999
21.379999
21.379999
21.379999
21.379999
22.750000
22.750000
22.750000
22.750000
22.750000
22.750000
22.750000
22.750000
24.120001
24.120001
24.120001
24.120001
24.120001
24.120001
24.120001
24.120001
24.120001
24.120001
24.120001
24.120001
24.120001
25.139999
25.139999
25.139999
25.139999
25.139999
25.139999
25.139999
25.139999
25.139999
