0.000000
0.000000
0.000000
0.000000
0.000000
0.000000
0.000000
0.000000
0.000000
0.000000
0.000000
0.000000
0.000000
0.000000
0.000000
0.000000
0.000000
0.000000
0.000000
0.000000
0.000000
0.000000
0.000000
0.000000
0.000000
0.000000
0.000000
0.000000
0.000000
0.000000
0.000000
0.000000
0.000000
0.000000
0.000000
0.000000
0.000000
0.000000
0.000000
0.000000
0.000000
0.000000
0.000000
0.000000
0.000000
0.000000
0.000000
0.000000
0.021530
0.021530
0.021530
0.021530
0.021530
0.021530
0.087230
0.087230
0.087230
0.087230
0.087230
0.087230
0.087230
0.087230
0.087230
0.087230
0.087230
0.087230
0.087230
0.152900
0.152900
0.152900
0.152900
0.152900
0.152900
0.152900
0.152900
0.152900
0.152900
0.152900
0.218600
0.218600
0.218600
0.218600
0.218600
0.218600
0.218600
0.218600
0.284300
0.284300
0.284300
0.284300
0.284300
0.284300
0.284300
0.284300
0.350000
0.350000
0.350000
0.350000
0.350000
0.350000
0.350000
0.350000
0.350000
0.350000
0.415700
0.415700
0.415700
0.415700
0.415700
0.415700
0.415700
0.415700
0.415700
0.415700
0.415700
0.481400
0.481400
0.481400
0.481400
0.481400
0.481400
0.481400
0.481400
0.481400
0.481400
0.481400
0.481400
0.481400
0.547100
0.547100
0.547100
0.547100
0.547100
0.547100
0.547100
0.547100
0.547100
0.547100
0.547100
0.547100
0.547100
0.547100
0.612900
0.612900
0.612900
0.612900
0.612900
0.612900
0.612900
0.612900
0.612900
0.612900
0.612900
0.612900
0.612900
0.612900
0.612900
0.612900
0.678600
0.678600
0.678600
0.678600
0.678600
0.678600
0.678600
0.678600
0.678600
0.678600
0.678600
0.744300
0.744300
0.744300
0.744300
0.744300
0.744300
0.744300
0.744300
0.744300
0.744300
0.810000
0.810000
0.810000
0.810000
0.810000
0.810000
0.810000
0.810000
0.810000
0.810000
0.810000
0.810000
0.810000
0.875700
0.875700
0.875700
0.875700
0.875700
0.875700
0.875700
0.875700
0.941400
0.941400
0.941400
0.941400
0.941400
0.941400
0.941400
0.941400
0.941400
0.941400
0.941400
0.941400
0.941400
0.941400
0.941400
0.941400
1.007000
1.007000
1.007000
1.007000
1.007000
1.007000
1.007000
1.073000
1.073000
1.073000
1.073000
1.073000
1.073000
1.138000
1.138000
1.138000
1.138000
1.138000
1.138000
1.138000
1.138000
1.204000
1.204000
1.204000
1.204000
1.204000
1.204000
1.204000
1.204000
1.204000
1.270000
1.270000
1.270000
1.270000
1.270000
1.270000
1.270000
1.270000
1.270000
1.336000
1.336000
1.336000
1.336000
1.336000
1.336000
1.336000
1.336000
1.336000
1.336000
1.401000
1.401000
1.401000
1.401000
1.401000
1.401000
1.401000
1.467000
1.467000
1.467000
1.467000
1.467000
1.467000
1.467000
1.467000
1.533000
1.533000
1.533000
1.533000
1.533000
1.533000
1.598000
1.598000
1.598000
1.598000
1.598000
1.598000
1.598000
1.598000
1.598000
1.598000
1.598000
1.664000
1.664000
1.664000
1.664000
1.664000
1.664000
1.664000
1.664000
1.664000
1.664000
1.664000
1.730000
1.730000
1.730000
1.730000
1.730000
1.730000
1.730000
1.730000
1.796000
1.796000
1.796000
1.796000
1.796000
1.796000
1.796000
1.861000
1.861000
1.861000
1.861000
1.861000
1.861000
1.927000
1.927000
1.927000
1.927000
1.927000
1.927000
1.927000
1.927000
1.927000
1.927000
1.927000
1.927000
1.927000
1.993000
1.993000
1.993000
1.993000
1.993000
1.993000
1.993000
1.993000
1.993000
1.993000
1.993000
1.993000
2.058000
2.058000
2.058000
2.058000
2.058000
2.058000
2.058000
2.058000
2.058000
2.058000
2.058000
2.058000
2.058000
2.124000
2.124000
2.124000
2.124000
2.124000
2.124000
2.124000
2.124000
2.124000
2.190000
2.190000
2.190000
2.190000
2.190000
2.190000
2.190000
2.190000
2.190000
2.190000
2.190000
2.190000
2.255000
2.255000
2.255000
2.255000
2.255000
2.255000
2.255000
2.255000
2.255000
2.255000
2.255000
2.321000
2.321000
2.321000
2.321000
2.321000
2.321000
2.321000
2.321000
2.387000
2.387000
2.387000
2.387000
2.387000
2.387000
2.387000
2.387000
2.387000
2.387000
2.453000
2.453000
2.453000
2.453000
2.453000
2.453000
2.453000
2.453000
2.453000
2.518000
2.518000
2.518000
2.518000
2.518000
2.518000
2.518000
2.518000
2.518000
2.518000
2.584000
2.584000
2.584000
2.584000
2.584000
2.584000
2.584000
2.584000
2.584000
2.650000
2.650000
2.650000
2.650000
2.650000
2.650000
2.650000
2.650000
2.650000
2.650000
2.650000
2.650000
2.650000
2.650000
2.715000
2.715000
2.715000
2.715000
2.715000
2.715000
2.715000
2.715000
2.715000
2.781000
2.781000
2.781000
2.781000
2.781000
2.781000
2.781000
2.781000
2.781000
2.781000
2.847000
2.847000
2.847000
2.847000
2.847000
2.847000
2.847000
2.847000
2.847000
2.912000
2.912000
2.912000
2.912000
2.912000
2.912000
2.912000
2.912000
2.912000
2.912000
2.978000
2.978000
2.978000
2.978000
2.978000
2.978000
2.978000
2.978000
2.978000
2.978000
3.178000
3.178000
3.178000
3.378000
3.378000
3.378000
3.378000
3.378000
3.378000
3.378000
3.378000
3.378000
3.378000
3.378000
3.378000
3.378000
3.378000
3.378000
3.578000
3.578000
3.578000
3.578000
3.578000
3.578000
3.578000
3.578000
3.778000
3.778000
3.778000
3.778000
3.778000
3.778000
3.778000
3.778000
3.778000
3.979000
3.979000
3.979000
3.979000
3.979000
3.979000
3.979000
3.979000
3.979000
3.979000
3.979000
4.179000
4.179000
4.179000
4.179000
4.179000
4.179000
4.179000
4.179000
4.179000
4.379000
4.379000
4.379000
4.379000
4.379000
4.379000
4.579000
4.579000
4.579000
4.579000
4.579000
4.579000
4.579000
4.579000
4.579000
4.579000
4.779000
4.779000
4.779000
4.779000
4.779000
4.779000
4.779000
4.779000
4.779000
4.979000
4.979000
4.979000
4.979000
4.979000
4.979000
4.979000
4.979000
4.979000
5.179000
5.179000
5.179000
5.179000
5.179000
5.179000
5.179000
5.179000
5.179000
5.379000
5.379000
5.379000
5.379000
5.379000
5.379000
5.379000
5.379000
5.379000
5.379000
5.379000
5.379000
5.379000
5.579000
5.579000
5.579000
5.579000
5.579000
5.579000
5.579000
5.579000
5.579000
5.579000
5.779000
5.779000
5.779000
5.779000
5.779000
5.779000
5.779000
5.979000
5.979000
5.979000
5.979000
5.979000
5.979000
5.979000
5.979000
6.180000
6.180000
6.180000
6.180000
6.180000
6.180000
6.180000
6.180000
6.180000
6.180000
6.180000
6.180000
6.180000
6.180000
6.380000
6.380000
6.380000
6.380000
6.380000
6.380000
6.380000
6.380000
6.580000
6.580000
6.580000
6.580000
6.580000
6.580000
6.580000
6.580000
6.780000
6.780000
6.780000
6.780000
6.780000
6.780000
6.780000
6.980000
6.980000
6.980000
6.980000
6.980000
6.980000
7.180000
7.180000
7.180000
7.180000
7.180000
7.180000
7.180000
7.180000
7.180000
7.180000
7.180000
7.180000
7.180000
7.180000
7.380000
7.380000
7.380000
7.380000
7.380000
7.380000
7.380000
7.380000
7.380000
7.380000
7.380000
7.380000
7.380000
7.580000
7.580000
7.580000
7.580000
7.580000
7.580000
7.580000
7.580000
7.780000
7.780000
7.780000
7.780000
7.780000
7.780000
7.780000
7.780000
7.780000
7.780000
7.780000
7.980000
7.980000
7.980000
7.980000
8.180000
8.180000
8.180000
8.180000
8.180000
8.180000
8.180000
8.180000
8.180000
8.380000
8.380000
8.380000
8.380000
8.380000
8.380000
8.380000
8.380000
8.380000
8.581000
8.581000
8.581000
8.581000
8.581000
8.581000
8.581000
8.581000
8.581000
8.581000
8.581000
8.581000
8.581000
8.581000
8.781000
8.781000
8.781000
8.781000
8.781000
8.781000
8.781000
8.981000
8.981000
8.981000
8.981000
8.981000
8.981000
8.981000
8.981000
9.181000
9.181000
9.181000
9.181000
9.181000
9.181000
9.181000
9.181000
9.381000
9.381000
9.381000
9.381000
9.581000
9.581000
9.581000
9.581000
9.581000
9.581000
9.581000
9.581000
9.581000
9.581000
9.581000
9.781000
9.781000
9.781000
9.781000
9.781000
9.781000
9.781000
9.781000
9.781000
9.981000
9.981000
9.981000
9.981000
9.981000
9.981000
9.981000
9.981000
9.981000
9.981000
9.981000
9.981000
9.981000
9.981000
9.981000
10.180000
10.180000
10.180000
10.180000
10.180000
10.180000
10.180000
10.180000
10.180000
10.180000
10.180000
10.180000
10.180000
10.180000
10.180000
10.180000
10.180000
10.180000
10.380000
10.380000
10.380000
10.380000
10.380000
10.380000
10.380000
10.380000
10.580000
10.580000
10.580000
10.580000
10.580000
10.580000
10.580000
10.580000
10.780000
10.780000
10.780000
10.780000
10.780000
10.780000
10.780000
10.780000
10.780000
10.780000
10.980000
10.980000
10.980000
10.980000
10.980000
10.980000
10.980000
10.980000
10.980000
10.980000
11.180000
11.180000
11.180000
11.180000
11.180000
11.180000
11.180000
11.180000
11.180000
11.180000
11.180000
11.380000
11.380000
11.380000
11.380000
11.380000
11.380000
11.380000
11.380000
11.380000
11.380000
11.580000
11.580000
11.580000
11.580000
11.580000
11.580000
11.580000
11.580000
11.580000
11.580000
11.580000
11.780000
11.780000
11.780000
11.780000
11.780000
11.780000
11.780000
11.780000
11.780000
11.780000
11.780000
11.780000
11.780000
11.780000
11.780000
11.980000
11.980000
11.980000
11.980000
11.980000
11.980000
11.980000
11.980000
11.980000
15.680000
15.680000
15.680000
15.680000
15.680000
15.680000
15.680000
15.680000
15.680000
15.680000
15.680000
15.680000
15.680000
15.680000
19.379999
19.379999
19.379999
19.379999
19.379999
19.379999
19.379999
19.379999
23.090000
23.090000
23.090000
23.090000
23.090000
23.090000
23.090000
23.090000
23.090000
23.090000
23.090000
23.090000
23.090000
23.090000
26.790001
26.790001
26.790001
26.790001
26.790001
26.790001
26.790001
26.790001
26.790001
29.559999
29.559999
29.559999
29.559999
29.559999
29.559999
29.559999
29.559999
29.559999
29.559999
29.559999
29.559999
29.559999
29.559999
29.559999
