0.000000
0.000000
0.000000
0.000000
0.000000
0.000000
0.000000
0.000000
0.000000
0.000000
0.000000
0.000000
0.000000
0.000000
0.000000
0.000000
0.000000
0.000000
0.000000
0.000000
0.000000
0.000000
0.000000
0.000000
0.000000
0.000000
0.000000
0.000000
0.000000
0.000000
0.000000
0.000000
0.000000
0.000000
0.000000
0.000000
0.000000
0.000000
0.000000
0.000000
0.000000
0.000000
0.000000
0.000000
0.000000
0.000000
0.000000
0.000000
0.000000
0.000000
0.000000
0.000000
0.000000
0.000000
0.365600
0.365600
0.365600
0.365600
0.365600
0.365600
0.365600
0.365600
0.365600
0.365600
0.365600
0.365600
0.405900
0.405900
0.405900
0.405900
0.405900
0.405900
0.405900
0.405900
0.405900
0.405900
0.446200
0.446200
0.446200
0.486500
0.486500
0.486500
0.486500
0.486500
0.486500
0.486500
0.486500
0.486500
0.486500
0.526800
0.526800
0.526800
0.526800
0.526800
0.526800
0.526800
0.526800
0.567100
0.567100
0.567100
0.567100
0.567100
0.567100
0.607400
0.607400
0.607400
0.607400
0.607400
0.607400
0.607400
0.607400
0.607400
0.607400
0.607400
0.607400
0.647700
0.647700
0.647700
0.647700
0.647700
0.647700
0.647700
0.647700
0.647700
0.647700
0.647700
0.647700
0.688100
0.688100
0.688100
0.688100
0.688100
0.688100
0.688100
0.688100
0.688100
0.688100
0.688100
0.688100
0.728400
0.728400
0.728400
0.728400
0.728400
0.728400
0.728400
0.728400
0.728400
0.728400
0.728400
0.728400
0.728400
0.728400
0.728400
0.728400
0.728400
0.768700
0.768700
0.768700
0.768700
0.768700
0.768700
0.768700
0.768700
0.768700
0.809000
0.809000
0.809000
0.809000
0.809000
0.809000
0.809000
0.809000
0.809000
0.809000
0.809000
0.809000
0.809000
0.849300
0.849300
0.849300
0.849300
0.889600
0.889600
0.889600
0.889600
0.889600
0.929900
0.929900
0.929900
0.929900
0.929900
0.929900
0.929900
0.970200
0.970200
0.970200
0.970200
0.970200
0.970200
0.970200
0.970200
0.970200
0.970200
0.970200
0.970200
0.970200
0.970200
0.970200
0.970200
0.970200
1.010000
1.010000
1.010000
1.010000
1.010000
1.010000
1.051000
1.051000
1.051000
1.051000
1.051000
1.051000
1.051000
1.051000
1.051000
1.091000
1.091000
1.091000
1.091000
1.091000
1.091000
1.091000
1.091000
1.091000
1.091000
1.131000
1.131000
1.131000
1.131000
1.131000
1.131000
1.131000
1.131000
1.131000
1.131000
1.131000
1.131000
1.131000
1.131000
1.172000
1.172000
1.172000
1.172000
1.172000
1.172000
1.172000
1.212000
1.212000
1.212000
1.212000
1.212000
1.212000
1.212000
1.212000
1.212000
1.212000
1.252000
1.252000
1.252000
1.252000
1.252000
1.252000
1.252000
1.252000
1.252000
1.252000
1.293000
1.293000
1.293000
1.293000
1.293000
1.293000
1.293000
1.293000
1.293000
1.293000
1.333000
1.333000
1.333000
1.333000
1.333000
1.333000
1.333000
1.333000
1.333000
1.333000
1.373000
1.373000
1.373000
1.373000
1.414000
1.414000
1.414000
1.414000
1.414000
1.414000
1.414000
1.414000
1.414000
1.414000
1.454000
1.454000
1.454000
1.454000
1.494000
1.494000
1.494000
1.494000
1.494000
1.494000
1.494000
1.494000
1.494000
1.494000
1.534000
1.534000
1.534000
1.534000
1.534000
1.534000
1.534000
1.534000
1.534000
1.534000
1.534000
1.575000
1.575000
1.575000
1.575000
1.575000
1.575000
1.575000
1.575000
1.575000
1.615000
1.615000
1.615000
1.615000
1.615000
1.615000
1.615000
1.615000
1.615000
1.615000
1.615000
1.615000
1.655000
1.655000
1.655000
1.655000
1.655000
1.655000
1.655000
1.655000
1.655000
1.655000
1.655000
1.655000
1.655000
1.655000
1.655000
1.655000
1.696000
1.696000
1.696000
1.696000
1.696000
1.696000
1.696000
1.736000
1.736000
1.736000
1.736000
1.736000
1.736000
1.736000
1.736000
1.736000
1.736000
1.776000
1.776000
1.776000
1.776000
1.776000
1.817000
1.817000
1.817000
1.817000
1.817000
1.817000
1.817000
1.817000
1.817000
1.817000
1.817000
1.857000
1.857000
1.857000
1.857000
1.857000
1.857000
1.857000
1.857000
1.857000
1.857000
1.857000
1.857000
1.857000
1.897000
1.897000
1.897000
1.897000
1.897000
1.897000
1.897000
1.897000
1.897000
1.897000
1.897000
1.897000
1.938000
1.938000
1.978000
1.978000
1.978000
1.978000
1.978000
1.978000
1.978000
1.978000
2.018000
2.018000
2.018000
2.018000
2.018000
2.018000
2.018000
2.018000
2.018000
2.018000
2.058000
2.058000
2.058000
2.058000
2.058000
2.058000
2.058000
2.058000
2.058000
2.099000
2.099000
2.099000
2.099000
2.099000
2.099000
2.099000
2.139000
2.139000
2.139000
2.139000
2.139000
2.139000
2.179000
2.179000
2.179000
2.179000
2.179000
2.179000
2.179000
2.179000
2.179000
2.179000
2.179000
2.179000
2.433000
2.433000
2.433000
2.433000
2.433000
2.433000
2.433000
2.433000
2.433000
2.433000
2.433000
2.433000
2.433000
2.433000
2.686000
2.686000
2.686000
2.686000
2.686000
2.939000
2.939000
2.939000
2.939000
2.939000
2.939000
2.939000
2.939000
2.939000
2.939000
2.939000
2.939000
3.192000
3.192000
3.192000
3.192000
3.192000
3.192000
3.192000
3.192000
3.192000
3.192000
3.445000
3.445000
3.445000
3.445000
3.445000
3.445000
3.699000
3.699000
3.699000
3.699000
3.699000
3.699000
3.699000
3.699000
3.952000
3.952000
3.952000
3.952000
3.952000
3.952000
3.952000
3.952000
3.952000
3.952000
3.952000
3.952000
3.952000
3.952000
3.952000
3.952000
4.205000
4.205000
4.205000
4.205000
4.205000
4.205000
4.205000
4.205000
4.205000
4.205000
4.458000
4.458000
4.458000
4.458000
4.458000
4.458000
4.458000
4.458000
4.458000
4.458000
4.711000
4.711000
4.711000
4.711000
4.711000
4.711000
4.711000
4.711000
4.711000
4.711000
4.711000
4.711000
4.711000
4.965000
4.965000
4.965000
4.965000
4.965000
4.965000
4.965000
4.965000
4.965000
4.965000
4.965000
4.965000
4.965000
5.218000
5.218000
5.218000
5.218000
5.471000
5.471000
5.471000
5.471000
5.471000
5.471000
5.471000
5.724000
5.724000
5.724000
5.724000
5.724000
5.724000
5.724000
5.724000
5.724000
5.724000
5.724000
5.724000
5.977000
5.977000
5.977000
5.977000
5.977000
5.977000
5.977000
5.977000
6.231000
6.231000
6.231000
6.231000
6.231000
6.231000
6.231000
6.231000
6.231000
6.484000
6.484000
6.484000
6.484000
6.484000
6.484000
6.484000
6.484000
6.484000
6.484000
6.484000
6.484000
6.484000
6.484000
6.484000
6.484000
6.737000
6.737000
6.737000
6.737000
6.737000
6.737000
6.737000
6.737000
6.737000
6.737000
6.737000
6.737000
6.737000
6.990000
6.990000
6.990000
6.990000
6.990000
6.990000
6.990000
6.990000
6.990000
7.243000
7.243000
7.243000
7.243000
7.243000
7.243000
7.243000
7.243000
7.243000
7.243000
7.243000
7.243000
7.497000
7.497000
7.497000
7.497000
7.497000
7.497000
7.497000
7.497000
7.497000
7.497000
7.497000
7.497000
7.497000
7.750000
7.750000
7.750000
7.750000
7.750000
7.750000
7.750000
7.750000
7.750000
8.003000
8.003000
8.003000
8.003000
8.003000
8.003000
8.003000
8.003000
8.003000
8.003000
8.256000
8.256000
8.256000
8.256000
8.256000
8.256000
8.256000
8.256000
8.256000
8.256000
8.256000
8.256000
8.509000
8.509000
8.509000
8.509000
8.509000
8.509000
8.509000
8.509000
8.509000
8.509000
8.509000
8.509000
8.763000
8.763000
8.763000
8.763000
8.763000
8.763000
8.763000
8.763000
8.763000
8.763000
9.016000
9.016000
9.016000
9.016000
9.016000
9.016000
9.016000
9.016000
9.016000
9.269000
9.269000
9.269000
9.269000
9.269000
9.269000
9.269000
9.269000
9.269000
9.269000
9.522000
9.522000
9.522000
9.522000
9.522000
9.522000
9.522000
9.775000
9.775000
9.775000
9.775000
10.030000
10.030000
10.030000
10.030000
10.030000
10.030000
10.030000
10.030000
10.030000
10.030000
10.030000
10.030000
10.030000
10.030000
10.030000
10.030000
10.030000
10.030000
10.280000
10.280000
10.280000
10.280000
10.280000
10.280000
10.280000
10.280000
10.280000
10.280000
10.280000
10.280000
10.280000
10.280000
10.280000
10.530000
10.530000
10.530000
10.530000
10.530000
10.530000
10.530000
10.530000
10.530000
10.530000
10.530000
10.790000
10.790000
10.790000
10.790000
10.790000
10.790000
10.790000
10.790000
10.790000
10.790000
10.790000
10.790000
10.790000
10.790000
11.040000
11.040000
11.040000
11.040000
11.040000
11.040000
11.040000
11.040000
11.040000
11.040000
11.290000
11.290000
11.290000
11.290000
11.290000
11.290000
11.290000
11.290000
11.290000
11.290000
11.290000
11.550000
11.550000
11.550000
11.550000
11.550000
11.550000
11.550000
11.550000
11.550000
11.800000
11.800000
11.800000
11.800000
11.800000
11.800000
11.800000
11.800000
11.800000
11.800000
12.050000
12.050000
12.050000
12.050000
12.050000
12.050000
12.050000
12.050000
12.310000
12.310000
12.310000
12.310000
12.310000
12.310000
12.310000
12.560000
12.560000
12.560000
12.560000
12.560000
12.560000
12.560000
12.560000
12.560000
12.560000
12.560000
12.560000
12.810000
12.810000
12.810000
12.810000
12.810000
12.810000
12.810000
12.810000
12.810000
12.810000
12.810000
12.810000
12.810000
13.070000
13.070000
13.070000
13.070000
13.070000
13.070000
13.070000
13.070000
13.320000
13.320000
13.320000
13.320000
13.320000
13.320000
13.320000
13.320000
13.320000
13.570000
13.570000
13.570000
13.570000
13.570000
13.570000
13.570000
16.940001
16.940001
16.940001
16.940001
16.940001
16.940001
16.940001
20.309999
20.309999
20.309999
20.309999
20.309999
20.309999
20.309999
20.309999
20.309999
20.309999
20.309999
20.309999
20.309999
20.309999
20.309999
23.670000
23.670000
23.670000
23.670000
23.670000
23.670000
27.040001
27.040001
27.040001
27.040001
27.040001
27.040001
27.040001
27.040001
27.040001
27.040001
27.040001
29.559999
29.559999
29.559999
29.559999
29.559999
29.559999
29.559999
29.559999
29.559999
29.559999
29.559999
