0.000000
0.000000
0.000000
0.000000
0.000000
0.000000
0.000000
0.000000
0.000000
0.000000
0.000000
0.000000
0.000000
0.000000
0.000000
0.000000
0.000000
0.000000
0.000000
0.000000
0.000000
0.000000
0.000000
0.000000
0.000000
0.000000
0.000000
0.000000
0.000000
0.000000
0.000000
0.000000
0.000000
0.000000
0.000000
0.000000
0.000000
0.000000
0.000000
0.000000
0.000000
0.000000
1.069000
1.069000
1.069000
1.069000
1.069000
1.069000
1.069000
1.069000
1.069000
1.480000
1.480000
1.480000
1.480000
1.480000
1.480000
1.480000
1.480000
1.480000
1.480000
1.890000
1.890000
1.890000
1.890000
1.890000
1.890000
1.890000
1.890000
2.300000
2.300000
2.300000
2.300000
2.300000
2.300000
2.300000
2.300000
2.300000
2.300000
2.300000
2.711000
2.711000
2.711000
2.711000
2.711000
2.711000
2.711000
2.711000
2.711000
2.711000
2.711000
2.711000
2.711000
2.711000
2.711000
2.711000
3.121000
3.121000
3.121000
3.121000
3.121000
3.121000
3.121000
3.121000
3.121000
3.121000
3.121000
3.121000
3.121000
3.121000
3.532000
3.532000
3.532000
3.532000
3.532000
3.532000
3.532000
3.532000
3.532000
3.532000
3.532000
3.532000
3.942000
3.942000
3.942000
3.942000
3.942000
3.942000
3.942000
3.942000
3.942000
4.352000
4.352000
4.352000
4.352000
4.352000
4.352000
4.352000
4.352000
4.352000
4.352000
4.763000
4.763000
4.763000
4.763000
4.763000
5.173000
5.173000
5.173000
5.173000
5.173000
5.173000
5.173000
5.173000
5.173000
5.584000
5.584000
5.584000
5.584000
5.584000
5.584000
5.584000
5.584000
5.584000
5.584000
5.584000
5.584000
5.584000
5.994000
5.994000
5.994000
5.994000
5.994000
5.994000
5.994000
6.404000
6.404000
6.404000
6.404000
6.404000
6.404000
6.404000
6.404000
6.404000
6.815000
6.815000
6.815000
6.815000
6.815000
6.815000
6.815000
6.815000
6.815000
6.815000
6.815000
6.815000
6.815000
6.815000
6.815000
6.815000
7.225000
7.225000
7.225000
7.225000
7.225000
7.225000
7.225000
7.225000
7.225000
7.225000
7.225000
7.225000
7.225000
7.225000
7.225000
7.635000
7.635000
7.635000
7.635000
7.635000
7.635000
7.635000
7.635000
7.635000
7.635000
8.046000
8.046000
8.046000
8.046000
8.046000
8.046000
8.046000
8.046000
8.046000
8.046000
8.046000
8.046000
8.456000
8.456000
8.456000
8.456000
8.456000
8.456000
8.456000
8.456000
8.456000
8.456000
8.456000
8.867000
8.867000
8.867000
8.867000
8.867000
8.867000
8.867000
9.277000
9.277000
9.277000
9.277000
9.277000
9.277000
9.277000
9.277000
9.277000
9.277000
9.277000
9.277000
9.277000
9.277000
9.277000
9.277000
9.687000
9.687000
9.687000
9.687000
9.687000
9.687000
9.687000
9.687000
9.687000
10.100000
10.100000
10.100000
10.100000
10.100000
10.100000
10.100000
10.100000
10.100000
10.100000
10.510000
10.510000
10.510000
10.510000
10.510000
10.920000
10.920000
10.920000
10.920000
10.920000
10.920000
10.920000
10.920000
10.920000
10.920000
11.330000
11.330000
11.330000
11.330000
11.330000
11.330000
11.330000
11.330000
11.330000
11.330000
11.330000
11.330000
11.330000
11.330000
11.330000
11.330000
11.330000
11.330000
11.740000
11.740000
11.740000
11.740000
11.740000
11.740000
11.740000
12.150000
12.150000
12.150000
12.150000
12.150000
12.150000
12.150000
12.150000
12.150000
12.150000
12.150000
12.150000
12.150000
12.150000
12.150000
12.560000
12.560000
12.560000
12.560000
12.560000
12.560000
12.560000
12.560000
12.970000
12.970000
12.970000
12.970000
12.970000
12.970000
12.970000
13.380000
13.380000
13.380000
13.380000
13.380000
13.380000
13.380000
13.380000
13.380000
13.790000
13.790000
13.790000
13.790000
13.790000
13.790000
13.790000
14.200000
14.200000
14.200000
14.200000
14.200000
14.200000
14.610000
14.610000
14.610000
14.610000
14.610000
14.610000
14.610000
14.610000
14.610000
15.020000
15.020000
15.020000
15.020000
15.020000
15.020000
15.020000
15.020000
15.020000
15.430000
15.430000
15.430000
15.430000
15.430000
15.430000
15.430000
15.840000
15.840000
15.840000
15.840000
15.840000
15.840000
15.840000
15.840000
15.840000
15.840000
15.840000
15.840000
15.840000
15.840000
16.250000
16.250000
16.250000
16.250000
16.250000
16.250000
16.250000
16.250000
16.250000
16.660000
16.660000
16.660000
16.660000
16.660000
17.070000
17.070000
17.070000
17.070000
17.070000
17.070000
17.070000
17.070000
17.070000
17.070000
17.070000
17.480000
17.480000
17.480000
17.480000
17.480000
17.480000
17.480000
17.480000
17.900000
17.900000
17.900000
17.900000
17.900000
17.900000
17.900000
17.900000
17.900000
17.900000
17.900000
17.900000
18.309999
18.309999
18.309999
18.309999
18.309999
18.309999
18.309999
18.309999
18.719999
18.719999
18.719999
18.719999
18.719999
18.719999
18.719999
19.129999
19.129999
19.129999
19.129999
19.129999
19.129999
19.129999
19.540001
19.540001
19.540001
19.540001
19.540001
19.540001
19.540001
19.540001
19.540001
20.740000
20.740000
20.740000
20.740000
20.740000
20.740000
20.740000
21.940001
21.940001
21.940001
21.940001
21.940001
21.940001
21.940001
21.940001
21.940001
21.940001
21.940001
21.940001
21.940001
21.940001
21.940001
23.139999
23.139999
23.139999
23.139999
23.139999
24.340000
24.340000
24.340000
24.340000
24.340000
24.340000
24.340000
24.340000
24.340000
24.340000
24.340000
25.540001
25.540001
25.540001
25.540001
25.540001
25.540001
25.540001
25.540001
26.740000
26.740000
26.740000
26.740000
26.740000
27.940001
27.940001
27.940001
27.940001
27.940001
27.940001
27.940001
27.940001
27.940001
27.940001
27.940001
29.139999
29.139999
29.139999
29.139999
29.139999
29.139999
29.139999
30.340000
30.340000
30.340000
30.340000
30.340000
30.340000
30.340000
30.340000
30.340000
30.340000
31.540001
31.540001
31.540001
31.540001
31.540001
31.540001
31.540001
31.540001
31.540001
31.540001
31.540001
31.540001
31.540001
31.540001
31.540001
31.540001
31.540001
31.540001
31.540001
31.540001
32.740002
32.740002
32.740002
32.740002
32.740002
33.939999
33.939999
33.939999
33.939999
33.939999
33.939999
33.939999
33.939999
33.939999
35.139999
35.139999
35.139999
35.139999
35.139999
35.139999
35.139999
35.139999
35.139999
36.340000
36.340000
36.340000
36.340000
36.340000
36.340000
36.340000
36.340000
36.340000
36.340000
36.340000
36.340000
37.540001
37.540001
37.540001
37.540001
37.540001
37.540001
37.540001
37.540001
37.540001
37.540001
37.540001
37.540001
37.540001
37.540001
38.740002
38.740002
38.740002
38.740002
38.740002
38.740002
38.740002
38.740002
38.740002
38.740002
39.939999
39.939999
39.939999
39.939999
39.939999
39.939999
39.939999
41.139999
41.139999
41.139999
41.139999
41.139999
41.139999
41.139999
41.139999
41.139999
41.139999
41.139999
41.139999
41.139999
42.340000
42.340000
42.340000
42.340000
42.340000
42.340000
42.340000
42.340000
42.340000
43.540001
43.540001
43.540001
43.540001
43.540001
43.540001
43.540001
43.540001
43.540001
43.540001
43.540001
43.540001
43.540001
43.540001
43.540001
43.540001
43.540001
44.740002
44.740002
44.740002
44.740002
44.740002
45.939999
45.939999
45.939999
45.939999
45.939999
45.939999
45.939999
45.939999
45.939999
45.939999
45.939999
47.139999
47.139999
47.139999
47.139999
47.139999
47.139999
47.139999
47.139999
48.349998
48.349998
48.349998
48.349998
48.349998
48.349998
48.349998
48.349998
49.549999
49.549999
49.549999
49.549999
49.549999
49.549999
49.549999
49.549999
49.549999
49.549999
49.549999
50.750000
50.750000
50.750000
50.750000
50.750000
50.750000
50.750000
50.750000
50.750000
50.750000
50.750000
51.950001
51.950001
51.950001
51.950001
51.950001
51.950001
51.950001
51.950001
53.150002
53.150002
53.150002
53.150002
53.150002
53.150002
53.150002
53.150002
54.349998
54.349998
54.349998
54.349998
54.349998
54.349998
54.349998
54.349998
54.349998
54.349998
54.349998
54.349998
54.349998
54.349998
55.549999
55.549999
55.549999
55.549999
55.549999
55.549999
55.549999
55.549999
55.549999
55.549999
55.549999
55.549999
56.750000
56.750000
56.750000
56.750000
56.750000
56.750000
56.750000
56.750000
56.750000
56.750000
57.950001
57.950001
57.950001
57.950001
57.950001
57.950001
57.950001
57.950001
57.950001
59.150002
59.150002
59.150002
59.150002
59.150002
59.150002
59.150002
59.150002
59.150002
59.150002
59.150002
59.150002
59.150002
59.150002
60.349998
60.349998
60.349998
60.349998
60.349998
60.349998
60.349998
60.349998
60.349998
60.349998
60.349998
60.349998
60.349998
61.549999
61.549999
61.549999
61.549999
61.549999
61.549999
61.549999
61.549999
61.549999
61.549999
61.549999
62.750000
62.750000
62.750000
62.750000
62.750000
62.750000
62.750000
62.750000
63.950001
63.950001
63.950001
63.950001
63.950001
63.950001
63.950001
63.950001
63.950001
63.950001
63.950001
63.950001
63.950001
65.150002
65.150002
65.150002
65.150002
65.150002
65.150002
65.150002
65.150002
66.349998
66.349998
66.349998
66.349998
66.349998
66.349998
66.349998
67.550003
67.550003
67.550003
67.550003
67.550003
67.550003
67.550003
67.550003
67.550003
67.550003
67.550003
67.550003
68.750000
68.750000
68.750000
68.750000
68.750000
68.750000
68.750000
68.750000
68.750000
68.750000
68.750000
68.750000
68.750000
68.750000
69.949997
69.949997
69.949997
69.949997
69.949997
69.949997
69.949997
69.949997
69.949997
71.150002
71.150002
71.150002
71.150002
72.349998
72.349998
72.349998
72.349998
72.349998
72.349998
72.349998
72.349998
72.349998
72.349998
72.349998
72.349998
72.349998
72.349998
73.550003
73.550003
73.550003
73.550003
73.550003
73.550003
73.550003
73.550003
81.230003
81.230003
81.230003
81.230003
81.230003
81.230003
81.230003
88.900002
88.900002
88.900002
88.900002
88.900002
88.900002
88.900002
96.570000
96.570000
96.570000
96.570000
96.570000
96.570000
96.570000
96.570000
96.570000
96.570000
96.570000
104.199997
104.199997
104.199997
104.199997
104.199997
104.199997
104.199997
104.199997
104.199997
104.199997
104.199997
104.199997
104.199997
104.199997
110.000000
110.000000
110.000000
110.000000
110.000000
110.000000
110.000000
110.000000
110.000000
110.000000
