0.000000
0.000000
0.000000
0.000000
0.000000
0.000000
0.000000
0.000000
0.000000
0.000000
0.000000
0.000000
0.000000
0.000000
0.000000
0.000000
0.000000
0.000000
0.000000
0.000000
0.000000
0.000000
0.000000
0.000000
0.000000
0.000000
0.000000
0.000000
0.000000
0.000000
0.000000
0.000000
0.000000
0.000000
0.000000
0.000000
0.000000
0.000000
0.000000
0.000000
0.000000
0.000000
0.000000
0.000000
0.000000
0.000000
0.007424
0.007424
0.007424
0.007424
0.007424
0.007424
0.007424
0.007424
0.007424
0.007424
0.007424
0.007424
0.007424
0.016430
0.016430
0.016430
0.016430
0.016430
0.016430
0.016430
0.016430
0.016430
0.016430
0.016430
0.016430
0.016430
0.016430
0.016430
0.025440
0.025440
0.025440
0.025440
0.025440
0.025440
0.025440
0.025440
0.025440
0.025440
0.025440
0.034450
0.034450
0.034450
0.034450
0.034450
0.034450
0.034450
0.034450
0.034450
0.034450
0.034450
0.034450
0.034450
0.034450
0.034450
0.034450
0.043460
0.043460
0.043460
0.043460
0.043460
0.043460
0.043460
0.043460
0.043460
0.043460
0.043460
0.052470
0.052470
0.052470
0.052470
0.052470
0.052470
0.052470
0.052470
0.061480
0.061480
0.061480
0.070490
0.070490
0.070490
0.070490
0.070490
0.070490
0.070490
0.070490
0.070490
0.079500
0.079500
0.079500
0.079500
0.079500
0.079500
0.079500
0.079500
0.079500
0.079500
0.079500
0.079500
0.079500
0.079500
0.088510
0.088510
0.088510
0.088510
0.088510
0.088510
0.088510
0.088510
0.088510
0.088510
0.088510
0.088510
0.097520
0.097520
0.097520
0.097520
0.097520
0.097520
0.097520
0.097520
0.097520
0.097520
0.097520
0.106500
0.106500
0.106500
0.106500
0.106500
0.106500
0.106500
0.106500
0.115500
0.115500
0.115500
0.115500
0.115500
0.115500
0.115500
0.115500
0.115500
0.115500
0.115500
0.115500
0.115500
0.115500
0.115500
0.124500
0.124500
0.124500
0.124500
0.124500
0.124500
0.124500
0.124500
0.124500
0.133600
0.133600
0.133600
0.133600
0.133600
0.133600
0.133600
0.133600
0.133600
0.133600
0.133600
0.142600
0.142600
0.142600
0.142600
0.142600
0.142600
0.142600
0.142600
0.151600
0.151600
0.151600
0.151600
0.151600
0.151600
0.151600
0.151600
0.151600
0.160600
0.160600
0.160600
0.160600
0.160600
0.160600
0.160600
0.160600
0.160600
0.160600
0.160600
0.160600
0.160600
0.160600
0.169600
0.169600
0.169600
0.169600
0.169600
0.169600
0.169600
0.169600
0.169600
0.169600
0.178600
0.178600
0.178600
0.178600
0.178600
0.178600
0.178600
0.178600
0.178600
0.187600
0.187600
0.187600
0.187600
0.187600
0.187600
0.187600
0.187600
0.187600
0.187600
0.187600
0.196600
0.196600
0.196600
0.196600
0.196600
0.196600
0.196600
0.196600
0.196600
0.196600
0.196600
0.205600
0.205600
0.205600
0.205600
0.205600
0.205600
0.205600
0.205600
0.205600
0.205600
0.205600
0.205600
0.214600
0.214600
0.223700
0.223700
0.223700
0.223700
0.223700
0.223700
0.223700
0.223700
0.223700
0.223700
0.223700
0.223700
0.232700
0.232700
0.232700
0.232700
0.232700
0.232700
0.232700
0.241700
0.241700
0.241700
0.241700
0.241700
0.241700
0.241700
0.241700
0.241700
0.241700
0.241700
0.241700
0.250700
0.250700
0.250700
0.250700
0.250700
0.250700
0.250700
0.250700
0.250700
0.250700
0.250700
0.250700
0.259700
0.259700
0.259700
0.259700
0.259700
0.259700
0.259700
0.259700
0.259700
0.259700
0.259700
0.268700
0.268700
0.268700
0.268700
0.268700
0.268700
0.268700
0.277700
0.277700
0.277700
0.277700
0.277700
0.277700
0.277700
0.277700
0.277700
0.277700
0.286700
0.286700
0.286700
0.286700
0.286700
0.286700
0.295700
0.295700
0.295700
0.295700
0.295700
0.295700
0.304700
0.304700
0.304700
0.304700
0.304700
0.304700
0.304700
0.313700
0.313700
0.313700
0.313700
0.313700
0.313700
0.313700
0.313700
0.322800
0.322800
0.322800
0.322800
0.322800
0.331800
0.331800
0.331800
0.331800
0.331800
0.331800
0.331800
0.340800
0.340800
0.340800
0.340800
0.349800
0.349800
0.349800
0.349800
0.349800
0.349800
0.349800
0.349800
0.349800
0.349800
0.349800
0.349800
0.349800
0.349800
0.358800
0.358800
0.358800
0.358800
0.358800
0.358800
0.358800
0.358800
0.358800
0.358800
0.358800
0.358800
0.358800
0.358800
0.367800
0.367800
0.367800
0.367800
0.367800
0.367800
0.367800
0.367800
0.367800
0.367800
0.376800
0.376800
0.376800
0.376800
0.376800
0.376800
0.376800
0.376800
0.376800
0.376800
0.376800
0.385800
0.385800
0.385800
0.385800
0.385800
0.385800
0.385800
0.385800
0.385800
0.394800
0.394800
0.394800
0.394800
0.394800
0.394800
0.394800
0.394800
0.403800
0.403800
0.403800
0.403800
0.403800
0.403800
0.403800
0.403800
0.403800
0.403800
0.412900
0.412900
0.412900
0.412900
0.412900
0.412900
0.412900
0.412900
0.412900
0.412900
0.412900
0.412900
0.412900
0.412900
0.412900
0.741700
0.741700
0.741700
0.741700
0.741700
0.741700
0.741700
0.741700
1.071000
1.071000
1.071000
1.071000
1.071000
1.071000
1.071000
1.071000
1.071000
1.071000
1.399000
1.399000
1.399000
1.399000
1.399000
1.399000
1.399000
1.399000
1.728000
1.728000
1.728000
1.728000
1.728000
1.728000
1.728000
1.728000
1.728000
1.728000
1.728000
1.728000
1.728000
1.728000
1.728000
1.728000
1.728000
2.057000
2.057000
2.057000
2.057000
2.057000
2.057000
2.057000
2.057000
2.057000
2.386000
2.386000
2.386000
2.386000
2.386000
2.386000
2.386000
2.386000
2.386000
2.386000
2.386000
2.715000
2.715000
2.715000
2.715000
2.715000
3.044000
3.044000
3.044000
3.044000
3.044000
3.044000
3.044000
3.044000
3.372000
3.372000
3.372000
3.372000
3.372000
3.372000
3.372000
3.372000
3.372000
3.372000
3.701000
3.701000
3.701000
3.701000
3.701000
3.701000
3.701000
3.701000
3.701000
3.701000
3.701000
3.701000
3.701000
4.030000
4.030000
4.030000
4.030000
4.030000
4.030000
4.030000
4.030000
4.359000
4.359000
4.359000
4.359000
4.359000
4.359000
4.359000
4.688000
4.688000
4.688000
4.688000
4.688000
4.688000
4.688000
4.688000
4.688000
4.688000
5.017000
5.017000
5.017000
5.017000
5.017000
5.017000
5.017000
5.017000
5.017000
5.017000
5.017000
5.017000
5.017000
5.017000
5.017000
5.346000
5.346000
5.346000
5.346000
5.346000
5.346000
5.346000
5.346000
5.346000
5.346000
5.346000
5.346000
5.346000
5.346000
5.346000
5.346000
5.674000
5.674000
5.674000
5.674000
5.674000
5.674000
5.674000
5.674000
6.003000
6.003000
6.003000
6.003000
6.003000
6.003000
6.003000
6.003000
6.003000
6.003000
6.332000
6.332000
6.332000
6.332000
6.332000
6.332000
6.332000
6.332000
6.332000
6.332000
6.332000
6.332000
6.332000
6.332000
6.332000
6.661000
6.661000
6.661000
6.661000
6.661000
6.661000
6.661000
6.661000
6.661000
6.661000
6.661000
6.661000
6.990000
6.990000
6.990000
6.990000
6.990000
6.990000
6.990000
6.990000
6.990000
6.990000
6.990000
6.990000
6.990000
7.319000
7.319000
7.319000
7.319000
7.319000
7.319000
7.319000
7.319000
7.319000
7.319000
7.647000
7.647000
7.647000
7.647000
7.647000
7.647000
7.647000
7.647000
7.647000
7.647000
7.976000
7.976000
7.976000
7.976000
7.976000
7.976000
7.976000
7.976000
7.976000
7.976000
7.976000
7.976000
7.976000
7.976000
8.305000
8.305000
8.305000
8.305000
8.305000
8.305000
8.305000
8.305000
8.634000
8.634000
8.634000
8.634000
8.634000
8.634000
8.634000
8.634000
8.963000
8.963000
8.963000
8.963000
8.963000
9.292000
9.292000
9.292000
9.292000
9.292000
9.621000
9.621000
9.621000
9.621000
9.621000
9.621000
9.621000
9.949000
9.949000
9.949000
9.949000
9.949000
9.949000
9.949000
9.949000
9.949000
9.949000
9.949000
9.949000
10.280000
10.280000
10.280000
10.280000
10.280000
10.280000
10.610000
10.610000
10.610000
10.610000
10.610000
10.610000
10.610000
10.610000
10.610000
10.610000
10.610000
10.610000
10.610000
10.610000
10.610000
10.940000
10.940000
10.940000
10.940000
10.940000
10.940000
10.940000
11.260000
11.260000
11.260000
11.260000
11.260000
11.260000
11.260000
11.260000
11.590000
11.590000
11.590000
11.590000
11.590000
11.590000
11.590000
11.920000
11.920000
11.920000
11.920000
11.920000
11.920000
11.920000
11.920000
11.920000
12.250000
12.250000
12.250000
12.250000
12.250000
12.250000
12.250000
12.250000
12.250000
12.250000
12.250000
12.580000
12.580000
12.580000
12.580000
12.580000
12.580000
12.580000
12.580000
12.580000
12.580000
12.580000
12.910000
12.910000
12.910000
12.910000
12.910000
12.910000
12.910000
12.910000
12.910000
12.910000
13.240000
13.240000
13.240000
13.240000
13.240000
13.240000
13.240000
13.240000
13.240000
13.240000
13.240000
13.240000
13.570000
13.570000
13.570000
13.570000
13.570000
13.570000
13.570000
13.570000
13.900000
13.900000
13.900000
13.900000
13.900000
13.900000
13.900000
13.900000
13.900000
13.900000
13.900000
13.900000
13.900000
13.900000
14.220000
14.220000
14.220000
14.220000
14.220000
14.220000
14.220000
14.220000
14.220000
14.220000
14.220000
14.220000
14.550000
14.550000
14.550000
14.550000
14.550000
14.550000
14.880000
14.880000
14.880000
14.880000
14.880000
14.880000
15.210000
15.210000
15.210000
15.210000
15.210000
15.210000
15.210000
20.459999
20.459999
20.459999
20.459999
20.459999
20.459999
20.459999
25.709999
25.709999
25.709999
25.709999
25.709999
25.709999
25.709999
25.709999
25.709999
25.709999
25.709999
25.709999
30.959999
30.959999
30.959999
30.959999
30.959999
30.959999
30.959999
30.959999
30.959999
30.959999
30.959999
30.959999
30.959999
30.959999
36.209999
36.209999
36.209999
36.209999
36.209999
36.209999
36.209999
36.209999
36.209999
36.209999
40.150002
40.150002
40.150002
40.150002
40.150002
40.150002
40.150002
40.150002
40.150002
40.150002
40.150002
40.150002
40.150002
