0.000000
0.000000
0.000000
0.000000
0.000000
0.000000
0.000000
0.000000
0.000000
0.000000
0.000000
0.000000
0.000000
0.000000
0.000000
0.000000
0.000000
0.000000
0.000000
0.000000
0.000000
0.000000
0.000000
0.000000
0.000000
0.000000
0.000000
0.000000
0.000000
0.000000
0.000000
0.000000
0.000000
0.000000
0.000000
0.000000
0.000000
0.000000
0.000000
0.000000
0.000000
0.000000
0.000000
0.000000
0.000000
0.000000
0.000000
0.000000
0.000000
0.000000
0.000000
0.000000
0.000000
0.000000
0.000000
0.000000
0.000000
0.000000
0.000000
0.361000
0.361000
0.361000
0.361000
0.361000
0.361000
0.361000
0.361000
0.361000
0.361000
0.530900
0.530900
0.530900
0.530900
0.530900
0.530900
0.530900
0.530900
0.530900
0.530900
0.530900
0.700900
0.700900
0.700900
0.700900
0.700900
0.700900
0.700900
0.700900
0.870900
0.870900
0.870900
0.870900
0.870900
0.870900
0.870900
0.870900
0.870900
0.870900
0.870900
0.870900
1.041000
1.041000
1.041000
1.041000
1.041000
1.041000
1.041000
1.041000
1.041000
1.041000
1.041000
1.041000
1.041000
1.041000
1.041000
1.211000
1.211000
1.211000
1.211000
1.211000
1.211000
1.211000
1.211000
1.211000
1.211000
1.211000
1.211000
1.211000
1.211000
1.381000
1.381000
1.381000
1.381000
1.381000
1.381000
1.551000
1.551000
1.551000
1.551000
1.551000
1.551000
1.551000
1.551000
1.551000
1.721000
1.721000
1.721000
1.721000
1.721000
1.721000
1.721000
1.721000
1.721000
1.891000
1.891000
1.891000
1.891000
1.891000
1.891000
1.891000
1.891000
1.891000
2.061000
2.061000
2.061000
2.061000
2.061000
2.061000
2.061000
2.231000
2.231000
2.231000
2.231000
2.231000
2.231000
2.231000
2.231000
2.401000
2.401000
2.401000
2.401000
2.401000
2.401000
2.401000
2.401000
2.401000
2.401000
2.401000
2.401000
2.401000
2.571000
2.571000
2.571000
2.571000
2.571000
2.571000
2.571000
2.571000
2.571000
2.571000
2.571000
2.571000
2.571000
2.571000
2.571000
2.741000
2.741000
2.741000
2.741000
2.741000
2.741000
2.741000
2.741000
2.741000
2.911000
2.911000
2.911000
2.911000
2.911000
2.911000
2.911000
2.911000
2.911000
2.911000
3.081000
3.081000
3.081000
3.081000
3.081000
3.081000
3.081000
3.081000
3.081000
3.081000
3.081000
3.081000
3.081000
3.251000
3.251000
3.251000
3.251000
3.251000
3.251000
3.251000
3.251000
3.421000
3.421000
3.421000
3.421000
3.421000
3.421000
3.421000
3.421000
3.421000
3.421000
3.591000
3.591000
3.591000
3.591000
3.591000
3.591000
3.591000
3.591000
3.591000
3.591000
3.591000
3.591000
3.591000
3.591000
3.591000
3.591000
3.761000
3.761000
3.761000
3.761000
3.761000
3.761000
3.931000
3.931000
3.931000
3.931000
3.931000
3.931000
3.931000
4.100000
4.100000
4.100000
4.100000
4.100000
4.100000
4.100000
4.100000
4.100000
4.100000
4.100000
4.270000
4.270000
4.270000
4.270000
4.270000
4.270000
4.270000
4.270000
4.270000
4.440000
4.440000
4.440000
4.440000
4.610000
4.610000
4.610000
4.610000
4.610000
4.610000
4.610000
4.610000
4.610000
4.610000
4.610000
4.610000
4.780000
4.780000
4.780000
4.780000
4.780000
4.780000
4.780000
4.780000
4.780000
4.780000
4.780000
4.780000
4.780000
4.950000
4.950000
4.950000
4.950000
4.950000
4.950000
4.950000
4.950000
4.950000
4.950000
4.950000
4.950000
4.950000
5.120000
5.120000
5.120000
5.120000
5.120000
5.120000
5.120000
5.120000
5.120000
5.120000
5.120000
5.290000
5.290000
5.290000
5.290000
5.290000
5.290000
5.290000
5.290000
5.460000
5.460000
5.460000
5.460000
5.460000
5.460000
5.460000
5.460000
5.460000
5.630000
5.630000
5.630000
5.630000
5.630000
5.630000
5.630000
5.630000
5.630000
5.630000
5.630000
5.630000
5.630000
5.630000
5.630000
5.800000
5.800000
5.800000
5.800000
5.800000
5.800000
5.800000
5.800000
5.800000
5.800000
5.800000
5.800000
5.800000
5.970000
5.970000
5.970000
5.970000
5.970000
6.140000
6.140000
6.140000
6.140000
6.140000
6.310000
6.310000
6.310000
6.310000
6.480000
6.480000
6.480000
6.480000
6.650000
6.650000
6.650000
6.650000
6.650000
6.650000
6.650000
6.820000
6.820000
6.820000
6.820000
6.820000
6.820000
6.820000
6.820000
6.820000
6.820000
6.820000
6.820000
6.820000
6.820000
6.820000
6.820000
6.820000
6.820000
6.990000
6.990000
6.990000
6.990000
6.990000
6.990000
6.990000
6.990000
6.990000
6.990000
6.990000
6.990000
6.990000
6.990000
7.160000
7.160000
7.160000
7.160000
7.160000
7.160000
7.160000
7.160000
7.160000
7.160000
7.160000
7.330000
7.330000
7.330000
7.330000
7.330000
7.330000
7.330000
7.330000
7.330000
7.330000
7.330000
7.330000
7.500000
7.500000
7.500000
7.500000
7.500000
7.670000
7.670000
7.670000
7.670000
7.840000
7.840000
7.840000
7.840000
7.840000
7.840000
7.840000
7.840000
7.840000
7.840000
8.010000
8.010000
8.010000
8.010000
8.010000
8.010000
8.010000
8.010000
8.010000
8.010000
8.010000
8.010000
8.010000
8.010000
8.010000
8.010000
8.010000
8.010000
8.010000
8.912000
8.912000
8.912000
8.912000
8.912000
8.912000
8.912000
8.912000
8.912000
8.912000
8.912000
8.912000
8.912000
9.814000
9.814000
9.814000
9.814000
9.814000
9.814000
10.720000
10.720000
10.720000
10.720000
10.720000
10.720000
10.720000
11.620000
11.620000
11.620000
11.620000
11.620000
11.620000
11.620000
11.620000
11.620000
11.620000
11.620000
12.520000
12.520000
12.520000
12.520000
12.520000
12.520000
12.520000
12.520000
12.520000
12.520000
12.520000
12.520000
13.420000
13.420000
13.420000
13.420000
13.420000
13.420000
13.420000
13.420000
13.420000
13.420000
14.320000
14.320000
14.320000
14.320000
14.320000
14.320000
14.320000
14.320000
14.320000
14.320000
14.320000
14.320000
14.320000
14.320000
14.320000
15.230000
15.230000
15.230000
15.230000
15.230000
15.230000
15.230000
15.230000
15.230000
16.129999
16.129999
16.129999
16.129999
16.129999
16.129999
16.129999
16.129999
16.129999
16.129999
16.129999
16.129999
16.129999
17.030001
17.030001
17.030001
17.030001
17.030001
17.930000
17.930000
17.930000
17.930000
17.930000
17.930000
17.930000
17.930000
18.830000
18.830000
18.830000
18.830000
18.830000
18.830000
18.830000
18.830000
18.830000
19.740000
19.740000
19.740000
19.740000
19.740000
19.740000
19.740000
19.740000
19.740000
19.740000
20.639999
20.639999
20.639999
20.639999
20.639999
20.639999
20.639999
20.639999
20.639999
20.639999
21.540001
21.540001
21.540001
21.540001
21.540001
22.440001
22.440001
22.440001
22.440001
22.440001
22.440001
22.440001
22.440001
22.440001
22.440001
22.440001
23.340000
23.340000
23.340000
23.340000
23.340000
23.340000
23.340000
23.340000
23.340000
23.340000
24.250000
24.250000
24.250000
24.250000
24.250000
24.250000
24.250000
24.250000
24.250000
25.150000
25.150000
25.150000
25.150000
25.150000
25.150000
25.150000
25.150000
25.150000
25.150000
26.049999
26.049999
26.049999
26.049999
26.049999
26.049999
26.049999
26.049999
26.049999
26.950001
26.950001
26.950001
26.950001
26.950001
27.860001
27.860001
27.860001
27.860001
27.860001
27.860001
28.760000
28.760000
28.760000
28.760000
28.760000
28.760000
28.760000
28.760000
28.760000
28.760000
28.760000
29.660000
29.660000
29.660000
29.660000
29.660000
29.660000
29.660000
29.660000
29.660000
29.660000
29.660000
30.559999
30.559999
30.559999
30.559999
30.559999
30.559999
30.559999
30.559999
30.559999
30.559999
30.559999
31.459999
31.459999
31.459999
31.459999
31.459999
31.459999
31.459999
31.459999
31.459999
31.459999
31.459999
31.459999
31.459999
31.459999
32.369999
32.369999
32.369999
32.369999
32.369999
32.369999
33.270000
33.270000
33.270000
33.270000
33.270000
33.270000
33.270000
33.270000
34.169998
34.169998
34.169998
34.169998
34.169998
34.169998
34.169998
34.169998
34.169998
35.070000
35.070000
35.070000
35.070000
35.070000
35.070000
35.970001
35.970001
35.970001
35.970001
35.970001
35.970001
36.880001
36.880001
36.880001
36.880001
36.880001
36.880001
36.880001
36.880001
36.880001
36.880001
36.880001
37.779999
37.779999
37.779999
37.779999
37.779999
37.779999
38.680000
38.680000
38.680000
38.680000
38.680000
39.580002
39.580002
39.580002
39.580002
39.580002
39.580002
39.580002
39.580002
39.580002
40.480000
40.480000
40.480000
40.480000
40.480000
41.389999
41.389999
41.389999
41.389999
41.389999
41.389999
41.389999
41.389999
41.389999
41.389999
41.389999
41.389999
41.389999
41.389999
41.389999
42.290001
42.290001
42.290001
42.290001
42.290001
42.290001
42.290001
42.290001
42.290001
42.290001
42.290001
42.290001
42.290001
42.290001
42.290001
43.189999
43.189999
43.189999
43.189999
43.189999
43.189999
43.189999
43.189999
43.189999
43.189999
43.189999
43.189999
43.189999
43.189999
43.189999
44.090000
44.090000
44.090000
44.090000
44.090000
44.090000
44.090000
44.090000
44.090000
44.990002
44.990002
44.990002
44.990002
44.990002
44.990002
44.990002
44.990002
44.990002
44.990002
44.990002
44.990002
45.900002
45.900002
45.900002
45.900002
45.900002
45.900002
45.900002
45.900002
45.900002
46.799999
46.799999
46.799999
46.799999
46.799999
46.799999
46.799999
46.799999
46.799999
46.799999
46.799999
46.799999
46.799999
46.799999
46.799999
46.799999
46.799999
46.799999
47.700001
47.700001
47.700001
47.700001
47.700001
47.700001
47.700001
47.700001
47.700001
48.599998
48.599998
48.599998
48.599998
48.599998
48.599998
48.599998
48.599998
48.599998
48.599998
48.599998
48.599998
48.599998
58.049999
58.049999
58.049999
58.049999
58.049999
58.049999
58.049999
58.049999
58.049999
67.510002
67.510002
67.510002
67.510002
67.510002
67.510002
76.959999
76.959999
76.959999
76.959999
76.959999
76.959999
86.410004
86.410004
86.410004
86.410004
86.410004
86.410004
86.410004
86.410004
86.410004
86.410004
93.500000
93.500000
93.500000
93.500000
93.500000
93.500000
93.500000
93.500000
93.500000
93.500000
93.500000
93.500000
93.500000
