10.980000
10.980000
10.980000
10.980000
10.980000
10.980000
10.980000
10.980000
12.160000
12.160000
12.160000
12.160000
12.160000
12.160000
12.160000
12.160000
13.740000
13.740000
13.740000
13.740000
13.740000
13.740000
13.740000
13.740000
13.740000
13.740000
13.740000
13.740000
13.740000
15.320000
15.320000
15.320000
15.320000
15.320000
15.320000
15.320000
15.320000
15.320000
15.320000
15.320000
15.320000
15.320000
15.320000
16.889999
16.889999
16.889999
16.889999
16.889999
16.889999
16.889999
16.889999
16.889999
16.889999
18.469999
18.469999
18.469999
18.469999
18.469999
18.469999
18.469999
18.469999
18.469999
18.469999
18.469999
18.469999
18.469999
18.469999
18.660000
18.660000
18.660000
18.660000
18.660000
18.660000
18.850000
18.850000
18.850000
18.850000
18.850000
18.850000
18.850000
19.040001
19.040001
19.040001
19.040001
19.040001
19.040001
19.040001
19.040001
19.040001
19.040001
19.040001
19.230000
19.230000
19.230000
19.230000
19.230000
19.230000
19.230000
19.230000
19.230000
19.230000
19.230000
19.230000
19.410000
19.410000
19.410000
19.410000
19.410000
19.410000
19.410000
19.410000
19.410000
19.410000
19.410000
19.410000
19.410000
19.410000
19.600000
19.600000
19.600000
19.600000
19.600000
19.600000
19.600000
19.600000
19.600000
19.600000
19.600000
19.600000
19.790001
19.790001
19.790001
19.790001
19.790001
19.790001
19.790001
19.980000
19.980000
19.980000
19.980000
20.170000
20.170000
20.170000
20.170000
20.170000
20.170000
20.170000
20.170000
20.170000
20.360001
20.360001
20.360001
20.360001
20.549999
20.549999
20.549999
20.549999
20.549999
20.549999
20.549999
20.740000
20.740000
20.740000
20.740000
20.740000
20.740000
20.740000
20.740000
20.740000
20.740000
20.920000
20.920000
20.920000
20.920000
20.920000
20.920000
20.920000
20.920000
20.920000
20.920000
20.920000
20.920000
20.920000
20.920000
20.920000
20.920000
21.110001
21.110001
21.110001
21.110001
21.110001
21.110001
21.110001
21.110001
21.110001
21.110001
21.110001
21.299999
21.299999
21.299999
21.299999
21.299999
21.299999
21.299999
21.299999
21.299999
21.299999
21.299999
21.490000
21.490000
21.490000
21.490000
21.490000
21.490000
21.490000
21.490000
21.490000
21.490000
21.490000
21.490000
21.490000
21.680000
21.680000
21.680000
21.680000
21.680000
21.680000
21.680000
21.680000
21.870001
21.870001
21.870001
21.870001
21.870001
21.870001
21.870001
21.870001
21.870001
21.870001
21.870001
22.059999
22.059999
22.059999
22.059999
22.059999
22.059999
22.059999
22.059999
22.059999
22.059999
22.240000
22.240000
22.240000
22.240000
22.240000
22.240000
22.240000
22.240000
22.240000
22.430000
22.430000
22.430000
22.430000
22.430000
22.430000
22.430000
22.430000
22.430000
22.430000
22.430000
22.430000
22.430000
22.430000
22.620001
22.620001
22.620001
22.620001
22.620001
22.620001
22.620001
22.809999
22.809999
22.809999
22.809999
22.809999
22.809999
22.809999
22.809999
23.000000
23.000000
23.000000
23.000000
23.000000
23.000000
23.000000
23.000000
23.000000
23.000000
23.000000
23.190001
23.190001
23.190001
23.190001
23.190001
23.190001
23.379999
23.379999
23.379999
23.379999
23.379999
23.379999
23.379999
23.379999
23.379999
23.379999
23.570000
23.570000
23.570000
23.570000
23.570000
23.570000
23.750000
23.750000
23.750000
23.750000
23.750000
23.750000
23.750000
23.750000
23.940001
23.940001
23.940001
23.940001
23.940001
23.940001
23.940001
23.940001
23.940001
23.940001
23.940001
24.129999
24.129999
24.129999
24.129999
24.129999
24.129999
24.129999
24.129999
24.129999
24.320000
24.320000
24.320000
24.320000
24.320000
24.320000
24.320000
24.320000
24.320000
24.510000
24.510000
24.510000
24.510000
24.510000
24.510000
24.510000
24.510000
24.510000
24.510000
24.510000
24.510000
24.700001
24.700001
24.700001
24.700001
24.700001
24.700001
24.700001
24.700001
24.700001
24.700001
24.700001
24.700001
24.700001
24.700001
24.889999
24.889999
24.889999
24.889999
24.889999
24.889999
24.889999
24.889999
24.889999
24.889999
25.070000
25.070000
25.070000
25.070000
25.070000
25.260000
25.260000
25.260000
25.260000
25.260000
25.260000
25.260000
25.260000
25.260000
25.260000
25.260000
25.260000
25.450001
25.450001
25.450001
25.450001
25.450001
25.450001
25.450001
25.450001
25.450001
25.450001
25.450001
25.639999
25.639999
25.639999
25.639999
25.639999
25.639999
25.639999
25.639999
25.639999
25.639999
25.639999
25.830000
25.830000
25.830000
25.830000
25.830000
25.830000
25.830000
26.020000
26.020000
26.020000
26.020000
26.020000
26.020000
26.020000
26.020000
26.020000
26.209999
26.209999
26.209999
26.209999
26.209999
26.209999
26.209999
26.209999
26.400000
26.400000
26.400000
26.400000
26.400000
26.400000
26.400000
26.400000
26.400000
26.400000
26.400000
26.580000
26.580000
26.580000
26.580000
26.770000
26.770000
26.770000
26.770000
26.770000
26.770000
26.770000
26.770000
26.770000
26.770000
26.770000
26.959999
26.959999
26.959999
26.959999
26.959999
26.959999
26.959999
26.959999
26.959999
26.959999
27.110001
27.110001
27.110001
27.110001
27.110001
27.110001
27.110001
27.110001
27.270000
27.270000
27.270000
27.270000
27.270000
27.270000
27.270000
27.270000
27.270000
27.270000
27.270000
27.420000
27.420000
27.420000
27.420000
27.420000
27.420000
27.420000
27.420000
27.420000
27.420000
27.420000
27.420000
27.420000
27.570000
27.570000
27.570000
27.570000
27.570000
27.570000
27.570000
27.570000
27.570000
27.719999
27.719999
27.719999
27.719999
27.719999
27.719999
27.719999
27.719999
27.719999
27.719999
27.719999
27.719999
27.719999
27.719999
27.719999
27.719999
27.879999
27.879999
27.879999
27.879999
27.879999
27.879999
27.879999
27.879999
27.879999
27.879999
27.879999
27.879999
27.879999
27.879999
27.879999
27.879999
28.030001
28.030001
28.030001
28.030001
28.030001
28.030001
28.030001
28.030001
28.030001
28.030001
28.180000
28.180000
28.180000
28.180000
28.180000
28.180000
28.180000
28.180000
28.180000
28.330000
28.330000
28.330000
28.330000
28.330000
28.330000
28.330000
28.330000
28.330000
28.330000
28.330000
28.480000
28.480000
28.480000
28.480000
28.480000
28.480000
28.480000
28.480000
28.480000
28.480000
28.480000
28.480000
28.639999
28.639999
28.639999
28.639999
28.639999
28.639999
28.639999
28.639999
28.790001
28.790001
28.790001
28.790001
28.790001
28.790001
28.790001
28.790001
28.790001
28.790001
28.790001
28.940001
28.940001
28.940001
28.940001
28.940001
28.940001
28.940001
28.940001
28.940001
28.940001
28.940001
28.940001
29.090000
29.090000
29.090000
29.090000
29.090000
29.090000
29.090000
29.090000
29.090000
29.090000
29.090000
29.090000
29.090000
29.090000
29.090000
29.250000
29.250000
29.250000
29.400000
29.400000
29.400000
29.400000
29.400000
29.400000
29.549999
29.549999
29.549999
29.549999
29.549999
29.700001
29.700001
29.700001
29.700001
29.700001
29.700001
29.700001
29.860001
29.860001
29.860001
29.860001
29.860001
29.860001
29.860001
29.860001
29.860001
29.860001
29.860001
29.860001
30.010000
30.010000
30.010000
30.010000
30.010000
30.010000
30.010000
30.010000
30.010000
30.160000
30.160000
30.160000
30.160000
30.309999
30.309999
30.309999
30.309999
30.309999
30.309999
30.309999
30.309999
30.309999
30.309999
30.469999
30.469999
30.469999
30.469999
30.469999
30.469999
30.469999
30.469999
30.469999
30.469999
30.620001
30.620001
30.620001
30.620001
30.620001
30.620001
30.620001
30.620001
30.620001
30.620001
30.620001
30.620001
30.770000
30.770000
30.770000
30.770000
30.770000
30.770000
30.770000
30.770000
30.770000
30.770000
30.920000
30.920000
30.920000
30.920000
30.920000
30.920000
30.920000
30.920000
30.920000
30.920000
30.920000
31.070000
31.070000
31.070000
31.070000
31.070000
31.070000
31.070000
31.070000
31.070000
31.070000
31.070000
31.070000
31.070000
31.230000
31.230000
31.230000
31.230000
31.230000
31.230000
31.230000
31.230000
31.379999
31.379999
31.379999
31.379999
31.379999
31.379999
31.379999
31.379999
31.379999
31.379999
31.379999
31.379999
31.379999
31.530001
31.530001
31.530001
31.530001
31.530001
31.530001
31.530001
31.530001
31.530001
31.530001
31.680000
31.680000
31.680000
31.680000
31.680000
31.680000
31.680000
31.680000
31.680000
31.680000
31.680000
31.680000
31.680000
31.680000
31.680000
31.680000
31.680000
31.840000
31.840000
31.840000
31.840000
31.840000
31.840000
31.840000
31.840000
31.840000
31.840000
31.990000
31.990000
31.990000
31.990000
31.990000
31.990000
32.139999
32.139999
32.139999
32.139999
32.139999
32.139999
32.139999
32.139999
32.290001
32.290001
32.290001
32.290001
32.290001
32.290001
32.290001
32.290001
32.290001
32.290001
32.450001
32.450001
32.450001
32.450001
32.450001
32.450001
32.450001
32.450001
32.450001
32.599998
32.599998
32.599998
32.599998
32.599998
32.599998
32.750000
32.750000
32.750000
32.750000
32.750000
32.750000
32.750000
32.750000
32.900002
32.900002
32.900002
32.900002
32.900002
32.900002
32.900002
32.900002
32.900002
32.900002
32.900002
32.900002
33.060001
33.060001
33.060001
33.060001
33.060001
33.060001
33.060001
33.060001
33.060001
33.060001
33.060001
33.209999
33.209999
33.209999
33.209999
33.209999
33.209999
33.209999
33.209999
33.209999
33.209999
33.209999
33.209999
33.209999
33.209999
33.360001
33.360001
33.360001
33.360001
33.360001
33.360001
33.360001
33.360001
33.360001
33.360001
33.360001
33.360001
33.509998
33.509998
33.509998
33.509998
33.509998
33.509998
33.509998
33.509998
33.509998
33.660000
33.660000
33.660000
33.660000
33.660000
33.660000
33.660000
33.660000
33.660000
33.820000
33.820000
33.820000
33.820000
33.820000
33.820000
33.820000
33.820000
33.820000
33.820000
33.820000
33.820000
33.820000
33.820000
33.820000
33.820000
35.439999
35.439999
35.439999
35.439999
35.439999
35.439999
37.070000
37.070000
37.070000
37.070000
38.700001
38.700001
38.700001
38.700001
38.700001
38.700001
38.700001
38.700001
38.700001
38.700001
38.700001
40.330002
40.330002
40.330002
40.330002
40.330002
40.330002
40.330002
40.330002
40.330002
40.330002
40.330002
40.330002
40.330002
40.330002
40.330002
40.330002
41.549999
41.549999
41.549999
41.549999
41.549999
41.549999
41.549999
41.549999
41.549999
