0.000000
0.000000
0.000000
0.000000
0.000000
0.000000
0.000000
0.000000
0.000000
0.000000
0.000000
0.000000
0.000000
0.000000
0.000000
0.000000
0.000000
0.000000
0.000000
0.000000
0.000000
0.000000
0.000000
0.000000
0.000000
0.000000
0.000000
0.000000
0.000000
0.000000
0.000000
0.000000
0.000000
0.000000
0.000000
0.000000
0.000000
0.000000
0.000000
0.000000
0.000000
0.000000
0.000000
0.000000
0.000000
0.000000
0.034800
0.034800
0.034800
0.034800
0.034800
0.034800
0.034800
0.034800
0.065140
0.065140
0.065140
0.065140
0.065140
0.065140
0.065140
0.065140
0.065140
0.065140
0.065140
0.065140
0.065140
0.095470
0.095470
0.095470
0.095470
0.095470
0.095470
0.095470
0.125800
0.125800
0.125800
0.125800
0.125800
0.125800
0.125800
0.125800
0.125800
0.125800
0.125800
0.125800
0.125800
0.156100
0.156100
0.156100
0.156100
0.156100
0.156100
0.156100
0.156100
0.156100
0.156100
0.186500
0.186500
0.186500
0.186500
0.186500
0.186500
0.186500
0.186500
0.186500
0.186500
0.186500
0.216800
0.216800
0.216800
0.216800
0.216800
0.216800
0.216800
0.216800
0.216800
0.216800
0.216800
0.216800
0.247100
0.247100
0.247100
0.247100
0.247100
0.247100
0.247100
0.247100
0.247100
0.247100
0.247100
0.277500
0.277500
0.277500
0.277500
0.277500
0.277500
0.277500
0.277500
0.277500
0.277500
0.307800
0.307800
0.307800
0.307800
0.307800
0.307800
0.307800
0.307800
0.307800
0.307800
0.307800
0.307800
0.307800
0.307800
0.338100
0.338100
0.338100
0.338100
0.368500
0.368500
0.368500
0.368500
0.368500
0.368500
0.368500
0.368500
0.368500
0.368500
0.368500
0.368500
0.368500
0.398800
0.398800
0.398800
0.398800
0.398800
0.398800
0.398800
0.398800
0.398800
0.398800
0.398800
0.398800
0.398800
0.398800
0.429100
0.429100
0.429100
0.429100
0.429100
0.429100
0.429100
0.429100
0.429100
0.429100
0.459500
0.459500
0.459500
0.459500
0.459500
0.459500
0.459500
0.459500
0.459500
0.459500
0.459500
0.459500
0.489800
0.489800
0.489800
0.489800
0.489800
0.489800
0.489800
0.489800
0.489800
0.489800
0.489800
0.489800
0.520100
0.520100
0.520100
0.520100
0.520100
0.520100
0.520100
0.520100
0.520100
0.520100
0.520100
0.520100
0.550500
0.550500
0.550500
0.550500
0.550500
0.550500
0.550500
0.550500
0.580800
0.580800
0.580800
0.580800
0.580800
0.580800
0.580800
0.580800
0.611100
0.611100
0.611100
0.611100
0.611100
0.611100
0.611100
0.611100
0.611100
0.641500
0.641500
0.641500
0.641500
0.641500
0.671800
0.671800
0.671800
0.671800
0.671800
0.671800
0.671800
0.671800
0.671800
0.671800
0.702100
0.702100
0.702100
0.702100
0.702100
0.702100
0.702100
0.702100
0.702100
0.702100
0.702100
0.702100
0.732500
0.732500
0.732500
0.732500
0.732500
0.732500
0.732500
0.732500
0.732500
0.732500
0.732500
0.732500
0.732500
0.762800
0.762800
0.762800
0.762800
0.762800
0.762800
0.762800
0.762800
0.762800
0.762800
0.762800
0.762800
0.762800
0.793100
0.793100
0.793100
0.793100
0.793100
0.793100
0.793100
0.823500
0.823500
0.823500
0.823500
0.823500
0.823500
0.823500
0.823500
0.823500
0.823500
0.823500
0.853800
0.853800
0.853800
0.853800
0.853800
0.853800
0.884100
0.884100
0.884100
0.884100
0.884100
0.884100
0.884100
0.884100
0.884100
0.914500
0.914500
0.914500
0.914500
0.914500
0.914500
0.914500
0.914500
0.914500
0.914500
0.914500
0.944800
0.944800
0.944800
0.944800
0.944800
0.944800
0.944800
0.944800
0.944800
0.944800
0.944800
0.975100
0.975100
0.975100
0.975100
0.975100
0.975100
0.975100
0.975100
0.975100
0.975100
0.975100
0.975100
0.975100
1.005000
1.005000
1.005000
1.005000
1.005000
1.005000
1.005000
1.005000
1.005000
1.005000
1.005000
1.005000
1.005000
1.005000
1.036000
1.036000
1.036000
1.036000
1.036000
1.036000
1.036000
1.066000
1.066000
1.066000
1.066000
1.066000
1.066000
1.066000
1.066000
1.066000
1.066000
1.066000
1.066000
1.066000
1.096000
1.096000
1.096000
1.096000
1.096000
1.096000
1.096000
1.096000
1.096000
1.096000
1.096000
1.096000
1.096000
1.127000
1.127000
1.127000
1.127000
1.127000
1.127000
1.127000
1.127000
1.127000
1.127000
1.127000
1.127000
1.157000
1.157000
1.157000
1.157000
1.157000
1.187000
1.187000
1.187000
1.187000
1.187000
1.187000
1.187000
1.187000
1.218000
1.218000
1.218000
1.218000
1.218000
1.218000
1.218000
1.218000
1.218000
1.218000
1.218000
1.248000
1.248000
1.248000
1.248000
1.248000
1.248000
1.248000
1.248000
1.248000
1.248000
1.248000
1.248000
1.248000
1.248000
1.248000
1.278000
1.278000
1.278000
1.278000
1.278000
1.278000
1.278000
1.309000
1.309000
1.309000
1.309000
1.309000
1.309000
1.309000
1.309000
1.309000
1.309000
1.339000
1.339000
1.339000
1.339000
1.339000
1.339000
1.339000
1.339000
1.339000
1.339000
1.339000
1.369000
1.369000
1.369000
1.369000
1.369000
1.369000
1.369000
1.369000
1.369000
1.400000
1.400000
1.400000
1.400000
1.400000
1.400000
1.400000
1.400000
1.400000
1.400000
1.814000
1.814000
1.814000
1.814000
1.814000
1.814000
1.814000
1.814000
1.814000
1.814000
1.814000
1.814000
1.814000
1.814000
2.228000
2.228000
2.228000
2.228000
2.228000
2.228000
2.228000
2.228000
2.641000
2.641000
2.641000
2.641000
2.641000
2.641000
2.641000
2.641000
2.641000
2.641000
3.055000
3.055000
3.055000
3.055000
3.055000
3.055000
3.055000
3.055000
3.055000
3.055000
3.055000
3.055000
3.055000
3.055000
3.469000
3.469000
3.469000
3.469000
3.469000
3.469000
3.469000
3.469000
3.469000
3.883000
3.883000
3.883000
3.883000
3.883000
3.883000
3.883000
3.883000
3.883000
3.883000
4.297000
4.297000
4.297000
4.297000
4.297000
4.297000
4.297000
4.711000
4.711000
4.711000
4.711000
4.711000
4.711000
4.711000
4.711000
4.711000
4.711000
4.711000
5.125000
5.125000
5.125000
5.125000
5.125000
5.125000
5.125000
5.125000
5.125000
5.539000
5.539000
5.539000
5.539000
5.539000
5.539000
5.539000
5.539000
5.539000
5.539000
5.539000
5.952000
5.952000
5.952000
5.952000
5.952000
6.366000
6.366000
6.366000
6.366000
6.366000
6.366000
6.366000
6.780000
6.780000
6.780000
6.780000
6.780000
6.780000
6.780000
6.780000
6.780000
7.194000
7.194000
7.194000
7.194000
7.194000
7.194000
7.194000
7.194000
7.194000
7.194000
7.608000
7.608000
7.608000
7.608000
7.608000
7.608000
7.608000
7.608000
8.022000
8.022000
8.022000
8.022000
8.022000
8.436000
8.436000
8.436000
8.436000
8.436000
8.436000
8.436000
8.436000
8.436000
8.436000
8.436000
8.849000
8.849000
8.849000
8.849000
8.849000
8.849000
8.849000
8.849000
8.849000
8.849000
9.263000
9.263000
9.263000
9.263000
9.263000
9.263000
9.263000
9.263000
9.263000
9.263000
9.263000
9.677000
9.677000
9.677000
9.677000
9.677000
9.677000
9.677000
9.677000
9.677000
9.677000
10.090000
10.090000
10.090000
10.090000
10.090000
10.090000
10.090000
10.090000
10.090000
10.500000
10.500000
10.500000
10.500000
10.500000
10.500000
10.500000
10.500000
10.500000
10.500000
10.500000
10.920000
10.920000
10.920000
10.920000
10.920000
11.330000
11.330000
11.330000
11.330000
11.330000
11.330000
11.750000
11.750000
11.750000
11.750000
11.750000
11.750000
11.750000
11.750000
11.750000
11.750000
11.750000
11.750000
11.750000
12.160000
12.160000
12.160000
12.160000
12.160000
12.160000
12.160000
12.160000
12.160000
12.160000
12.570000
12.570000
12.570000
12.570000
12.570000
12.570000
12.570000
12.570000
12.570000
12.570000
12.990000
12.990000
12.990000
12.990000
12.990000
12.990000
12.990000
12.990000
12.990000
12.990000
13.400000
13.400000
13.400000
13.400000
13.400000
13.400000
13.400000
13.400000
13.400000
13.400000
13.820000
13.820000
13.820000
13.820000
13.820000
13.820000
13.820000
13.820000
13.820000
13.820000
14.230000
14.230000
14.230000
14.230000
14.230000
14.230000
14.230000
14.230000
14.230000
14.230000
14.230000
14.640000
14.640000
14.640000
14.640000
14.640000
14.640000
15.060000
15.060000
15.060000
15.060000
15.060000
15.060000
15.060000
15.060000
15.060000
15.470000
15.470000
15.470000
15.470000
15.470000
15.470000
15.470000
15.470000
15.470000
15.470000
15.470000
15.470000
15.890000
15.890000
15.890000
15.890000
15.890000
15.890000
15.890000
15.890000
15.890000
15.890000
15.890000
16.299999
16.299999
16.299999
16.299999
16.299999
16.299999
16.299999
16.299999
16.299999
16.299999
16.299999
16.299999
16.299999
16.709999
16.709999
16.709999
16.709999
16.709999
16.709999
16.709999
16.709999
16.709999
16.709999
16.709999
16.709999
17.129999
17.129999
17.129999
17.129999
17.129999
17.129999
17.129999
17.129999
17.540001
17.540001
17.540001
17.540001
17.540001
17.540001
17.540001
17.540001
17.540001
17.540001
17.950001
17.950001
17.950001
17.950001
17.950001
17.950001
17.950001
17.950001
17.950001
17.950001
17.950001
17.950001
17.950001
17.950001
17.950001
18.370001
18.370001
18.370001
18.370001
18.370001
18.370001
18.780001
18.780001
18.780001
18.780001
18.780001
18.780001
18.780001
18.780001
18.780001
18.780001
18.780001
19.200001
19.200001
19.200001
19.200001
19.200001
19.200001
19.200001
19.200001
19.200001
19.200001
19.200001
19.610001
19.610001
19.610001
19.610001
19.610001
19.610001
19.610001
19.610001
19.610001
19.610001
19.610001
20.020000
20.020000
20.020000
20.020000
20.020000
20.020000
20.020000
20.020000
20.020000
22.870001
22.870001
22.870001
22.870001
22.870001
22.870001
22.870001
22.870001
25.719999
25.719999
25.719999
25.719999
25.719999
25.719999
25.719999
25.719999
25.719999
25.719999
25.719999
28.570000
28.570000
28.570000
28.570000
28.570000
28.570000
31.410000
31.410000
31.410000
31.410000
31.410000
31.410000
33.549999
33.549999
33.549999
33.549999
33.549999
33.549999
33.549999
33.549999
