0.000000
0.000000
0.000000
0.000000
0.000000
0.000000
0.000000
0.000000
0.000000
0.000000
0.000000
0.000000
0.000000
0.000000
0.000000
0.000000
0.000000
0.000000
0.000000
0.000000
0.000000
0.000000
0.000000
0.000000
0.000000
0.000000
0.000000
0.000000
0.000000
0.000000
0.000000
0.000000
0.000000
0.000000
0.000000
0.000000
0.000000
0.000000
0.000000
0.000000
0.000000
0.000000
0.000000
0.000000
0.000000
0.000000
0.031040
0.031040
0.031040
0.031040
0.031040
0.031040
0.031040
0.087380
0.087380
0.087380
0.087380
0.087380
0.087380
0.087380
0.087380
0.087380
0.087380
0.087380
0.143700
0.143700
0.143700
0.143700
0.143700
0.143700
0.143700
0.143700
0.143700
0.143700
0.200100
0.200100
0.200100
0.200100
0.200100
0.200100
0.200100
0.200100
0.200100
0.256400
0.256400
0.256400
0.256400
0.256400
0.256400
0.256400
0.256400
0.256400
0.256400
0.256400
0.256400
0.256400
0.312800
0.312800
0.312800
0.312800
0.312800
0.369100
0.369100
0.369100
0.369100
0.369100
0.369100
0.369100
0.369100
0.369100
0.369100
0.369100
0.425400
0.425400
0.425400
0.425400
0.425400
0.425400
0.425400
0.425400
0.425400
0.425400
0.425400
0.425400
0.425400
0.425400
0.481800
0.481800
0.481800
0.481800
0.481800
0.481800
0.481800
0.481800
0.481800
0.538100
0.538100
0.538100
0.538100
0.538100
0.538100
0.538100
0.538100
0.538100
0.594500
0.594500
0.594500
0.594500
0.594500
0.594500
0.594500
0.594500
0.594500
0.594500
0.594500
0.594500
0.650800
0.650800
0.650800
0.650800
0.650800
0.650800
0.650800
0.707200
0.707200
0.707200
0.707200
0.707200
0.707200
0.707200
0.707200
0.707200
0.707200
0.763500
0.763500
0.763500
0.763500
0.763500
0.763500
0.763500
0.763500
0.763500
0.763500
0.763500
0.763500
0.763500
0.763500
0.819800
0.819800
0.819800
0.819800
0.819800
0.819800
0.819800
0.819800
0.819800
0.876200
0.876200
0.876200
0.876200
0.876200
0.876200
0.876200
0.876200
0.932500
0.932500
0.932500
0.932500
0.932500
0.932500
0.932500
0.932500
0.932500
0.932500
0.932500
0.988900
0.988900
0.988900
0.988900
0.988900
0.988900
0.988900
0.988900
0.988900
1.045000
1.045000
1.045000
1.045000
1.045000
1.102000
1.102000
1.102000
1.102000
1.102000
1.102000
1.158000
1.158000
1.158000
1.158000
1.158000
1.158000
1.158000
1.158000
1.158000
1.158000
1.158000
1.214000
1.214000
1.214000
1.214000
1.214000
1.214000
1.214000
1.214000
1.214000
1.214000
1.271000
1.271000
1.271000
1.271000
1.271000
1.271000
1.271000
1.327000
1.327000
1.327000
1.327000
1.327000
1.327000
1.327000
1.327000
1.327000
1.383000
1.383000
1.383000
1.383000
1.383000
1.383000
1.383000
1.440000
1.440000
1.440000
1.440000
1.440000
1.496000
1.496000
1.496000
1.496000
1.496000
1.496000
1.496000
1.496000
1.496000
1.496000
1.496000
1.496000
1.496000
1.496000
1.552000
1.552000
1.552000
1.552000
1.552000
1.552000
1.552000
1.552000
1.552000
1.552000
1.552000
1.552000
1.609000
1.609000
1.609000
1.609000
1.609000
1.609000
1.609000
1.609000
1.609000
1.609000
1.609000
1.665000
1.665000
1.665000
1.665000
1.665000
1.665000
1.665000
1.665000
1.665000
1.665000
1.721000
1.721000
1.721000
1.721000
1.721000
1.721000
1.721000
1.721000
1.721000
1.721000
1.721000
1.721000
1.778000
1.778000
1.778000
1.778000
1.778000
1.778000
1.778000
1.778000
1.778000
1.778000
1.834000
1.834000
1.834000
1.834000
1.834000
1.834000
1.890000
1.890000
1.890000
1.890000
1.890000
1.890000
1.890000
1.890000
1.890000
1.890000
1.890000
1.890000
1.890000
1.947000
1.947000
1.947000
1.947000
1.947000
2.003000
2.003000
2.003000
2.003000
2.003000
2.003000
2.003000
2.003000
2.003000
2.003000
2.003000
2.003000
2.003000
2.003000
2.003000
2.003000
2.003000
2.059000
2.059000
2.059000
2.059000
2.059000
2.059000
2.059000
2.059000
2.059000
2.059000
2.059000
2.059000
2.059000
2.116000
2.116000
2.116000
2.116000
2.116000
2.116000
2.116000
2.116000
2.116000
2.116000
2.116000
2.172000
2.172000
2.172000
2.172000
2.172000
2.172000
2.172000
2.172000
2.172000
2.172000
2.172000
2.172000
2.172000
2.172000
2.228000
2.228000
2.228000
2.228000
2.228000
2.228000
2.228000
2.228000
2.285000
2.285000
2.285000
2.285000
2.285000
2.285000
2.285000
2.285000
2.341000
2.341000
2.341000
2.341000
2.341000
2.341000
2.341000
2.341000
2.341000
2.341000
2.341000
2.397000
2.397000
2.397000
2.397000
2.397000
2.397000
2.397000
2.397000
2.397000
2.397000
2.397000
2.397000
2.454000
2.454000
2.454000
2.454000
2.454000
2.454000
2.454000
2.454000
2.510000
2.510000
2.510000
2.510000
2.510000
2.510000
2.510000
2.510000
2.510000
2.510000
2.510000
2.510000
2.510000
2.510000
2.510000
2.510000
2.566000
2.566000
2.566000
2.566000
2.566000
2.566000
2.566000
2.566000
2.566000
2.566000
2.566000
2.566000
2.566000
2.566000
2.835000
2.835000
2.835000
2.835000
2.835000
2.835000
2.835000
2.835000
2.835000
2.835000
2.835000
2.835000
3.104000
3.104000
3.104000
3.104000
3.104000
3.104000
3.104000
3.104000
3.104000
3.104000
3.104000
3.104000
3.372000
3.372000
3.372000
3.372000
3.372000
3.372000
3.372000
3.372000
3.641000
3.641000
3.641000
3.641000
3.641000
3.641000
3.641000
3.641000
3.641000
3.641000
3.641000
3.909000
3.909000
3.909000
3.909000
3.909000
3.909000
3.909000
3.909000
3.909000
4.178000
4.178000
4.178000
4.178000
4.178000
4.178000
4.178000
4.178000
4.178000
4.178000
4.178000
4.447000
4.447000
4.447000
4.715000
4.715000
4.715000
4.715000
4.715000
4.715000
4.715000
4.715000
4.715000
4.715000
4.715000
4.715000
4.984000
4.984000
4.984000
4.984000
4.984000
4.984000
4.984000
4.984000
4.984000
5.252000
5.252000
5.252000
5.252000
5.252000
5.252000
5.252000
5.252000
5.252000
5.252000
5.252000
5.252000
5.521000
5.521000
5.521000
5.521000
5.521000
5.521000
5.521000
5.521000
5.521000
5.790000
5.790000
5.790000
5.790000
5.790000
5.790000
5.790000
5.790000
6.058000
6.058000
6.058000
6.058000
6.058000
6.058000
6.058000
6.058000
6.058000
6.058000
6.327000
6.327000
6.327000
6.327000
6.327000
6.327000
6.595000
6.595000
6.595000
6.595000
6.595000
6.595000
6.595000
6.595000
6.595000
6.595000
6.595000
6.595000
6.595000
6.595000
6.595000
6.595000
6.864000
6.864000
6.864000
6.864000
7.132000
7.132000
7.132000
7.132000
7.132000
7.132000
7.132000
7.132000
7.132000
7.132000
7.132000
7.132000
7.401000
7.401000
7.401000
7.401000
7.401000
7.401000
7.401000
7.670000
7.670000
7.670000
7.670000
7.670000
7.670000
7.670000
7.670000
7.670000
7.938000
7.938000
7.938000
7.938000
7.938000
7.938000
7.938000
7.938000
7.938000
7.938000
8.207000
8.207000
8.207000
8.207000
8.207000
8.207000
8.207000
8.207000
8.207000
8.207000
8.207000
8.207000
8.207000
8.475000
8.475000
8.475000
8.475000
8.475000
8.475000
8.475000
8.744000
8.744000
8.744000
8.744000
8.744000
8.744000
8.744000
8.744000
8.744000
9.013000
9.013000
9.013000
9.013000
9.013000
9.013000
9.013000
9.013000
9.013000
9.013000
9.013000
9.281000
9.281000
9.281000
9.281000
9.281000
9.281000
9.281000
9.281000
9.281000
9.281000
9.281000
9.281000
9.550000
9.550000
9.550000
9.818000
9.818000
9.818000
9.818000
9.818000
9.818000
9.818000
9.818000
9.818000
9.818000
9.818000
9.818000
10.090000
10.090000
10.090000
10.090000
10.090000
10.090000
10.090000
10.090000
10.360000
10.360000
10.360000
10.360000
10.360000
10.360000
10.360000
10.360000
10.360000
10.360000
10.360000
10.360000
10.360000
10.360000
10.360000
10.620000
10.620000
10.620000
10.620000
10.620000
10.620000
10.620000
10.620000
10.620000
10.620000
10.890000
10.890000
10.890000
10.890000
10.890000
10.890000
11.160000
11.160000
11.160000
11.160000
11.160000
11.430000
11.430000
11.430000
11.430000
11.430000
11.430000
11.430000
11.700000
11.700000
11.700000
11.700000
11.700000
11.700000
11.700000
11.700000
11.700000
11.700000
11.700000
11.700000
11.700000
11.700000
11.700000
11.970000
11.970000
11.970000
11.970000
11.970000
11.970000
11.970000
11.970000
11.970000
11.970000
11.970000
11.970000
11.970000
11.970000
11.970000
12.240000
12.240000
12.240000
12.240000
12.240000
12.240000
12.240000
12.240000
12.240000
12.240000
12.240000
12.240000
12.240000
12.500000
12.500000
12.500000
12.500000
12.500000
12.500000
12.500000
12.500000
12.500000
12.500000
12.500000
12.500000
12.770000
12.770000
12.770000
12.770000
12.770000
12.770000
12.770000
12.770000
12.770000
13.040000
13.040000
13.040000
13.040000
13.040000
13.040000
13.040000
13.310000
13.310000
13.310000
13.310000
13.310000
13.310000
13.310000
13.580000
13.580000
13.580000
13.580000
13.580000
13.580000
13.580000
13.580000
13.580000
13.580000
13.580000
13.850000
13.850000
13.850000
13.850000
13.850000
13.850000
13.850000
13.850000
13.850000
13.850000
13.850000
13.850000
13.850000
13.850000
14.120000
14.120000
14.120000
14.120000
14.120000
14.120000
14.120000
14.120000
14.120000
14.120000
14.380000
14.380000
14.380000
14.380000
14.380000
14.380000
14.380000
14.380000
14.380000
14.380000
14.380000
14.380000
14.380000
14.380000
14.380000
14.380000
14.650000
14.650000
14.650000
14.650000
14.650000
14.650000
14.650000
14.650000
14.650000
14.650000
14.650000
14.650000
19.840000
19.840000
19.840000
19.840000
19.840000
19.840000
25.020000
25.020000
25.020000
25.020000
25.020000
25.020000
25.020000
25.020000
25.020000
30.209999
30.209999
30.209999
30.209999
30.209999
30.209999
30.209999
30.209999
30.209999
30.209999
30.209999
30.209999
35.400002
35.400002
35.400002
35.400002
35.400002
35.400002
35.400002
35.400002
35.400002
35.400002
39.290001
39.290001
39.290001
39.290001
39.290001
