0.000000
0.000000
0.000000
0.000000
0.000000
0.000000
0.000000
0.000000
0.000000
0.000000
0.000000
0.000000
0.000000
0.000000
0.000000
0.000000
0.000000
0.000000
0.000000
0.000000
0.000000
0.000000
0.000000
0.000000
0.000000
0.000000
0.000000
0.000000
0.000000
0.000000
0.000000
0.000000
0.000000
0.000000
0.000000
0.000000
0.000000
0.000000
0.000000
0.000000
0.000000
0.000000
0.000000
0.000000
0.000000
0.000000
0.000000
0.029880
0.029880
0.029880
0.029880
0.029880
0.029880
0.029880
0.029880
0.029880
0.094320
0.094320
0.094320
0.094320
0.094320
0.094320
0.094320
0.094320
0.094320
0.094320
0.094320
0.094320
0.094320
0.158800
0.158800
0.158800
0.158800
0.158800
0.158800
0.158800
0.158800
0.158800
0.158800
0.158800
0.158800
0.223200
0.223200
0.223200
0.223200
0.223200
0.223200
0.223200
0.223200
0.223200
0.223200
0.223200
0.287600
0.287600
0.287600
0.287600
0.287600
0.287600
0.287600
0.287600
0.287600
0.287600
0.352100
0.352100
0.352100
0.352100
0.352100
0.352100
0.352100
0.352100
0.416500
0.416500
0.416500
0.416500
0.416500
0.416500
0.416500
0.416500
0.416500
0.480900
0.480900
0.480900
0.480900
0.480900
0.480900
0.545400
0.545400
0.545400
0.545400
0.545400
0.545400
0.545400
0.545400
0.545400
0.545400
0.609800
0.609800
0.609800
0.609800
0.609800
0.609800
0.609800
0.609800
0.674300
0.674300
0.674300
0.674300
0.674300
0.674300
0.738700
0.738700
0.738700
0.738700
0.738700
0.738700
0.803100
0.803100
0.803100
0.803100
0.803100
0.803100
0.803100
0.803100
0.803100
0.803100
0.867600
0.867600
0.867600
0.867600
0.867600
0.867600
0.867600
0.867600
0.867600
0.932000
0.932000
0.932000
0.932000
0.932000
0.932000
0.932000
0.932000
0.932000
0.932000
0.932000
0.932000
0.932000
0.996400
0.996400
0.996400
0.996400
0.996400
0.996400
0.996400
0.996400
0.996400
0.996400
1.061000
1.061000
1.061000
1.061000
1.061000
1.061000
1.061000
1.061000
1.061000
1.061000
1.061000
1.061000
1.125000
1.125000
1.125000
1.125000
1.125000
1.125000
1.125000
1.125000
1.190000
1.190000
1.190000
1.190000
1.190000
1.190000
1.190000
1.190000
1.190000
1.254000
1.254000
1.254000
1.254000
1.254000
1.254000
1.254000
1.254000
1.254000
1.254000
1.319000
1.319000
1.319000
1.319000
1.319000
1.319000
1.319000
1.319000
1.383000
1.383000
1.383000
1.383000
1.383000
1.383000
1.383000
1.383000
1.383000
1.383000
1.448000
1.448000
1.448000
1.448000
1.448000
1.448000
1.448000
1.448000
1.448000
1.448000
1.448000
1.448000
1.448000
1.448000
1.512000
1.512000
1.512000
1.512000
1.512000
1.512000
1.512000
1.512000
1.512000
1.512000
1.512000
1.512000
1.512000
1.512000
1.512000
1.512000
1.512000
1.576000
1.576000
1.576000
1.576000
1.576000
1.576000
1.576000
1.576000
1.576000
1.576000
1.576000
1.576000
1.641000
1.641000
1.641000
1.641000
1.641000
1.641000
1.641000
1.641000
1.641000
1.641000
1.641000
1.705000
1.705000
1.705000
1.705000
1.705000
1.705000
1.705000
1.705000
1.705000
1.705000
1.705000
1.705000
1.705000
1.770000
1.770000
1.770000
1.770000
1.770000
1.834000
1.834000
1.834000
1.834000
1.834000
1.834000
1.834000
1.834000
1.834000
1.834000
1.834000
1.899000
1.899000
1.899000
1.899000
1.899000
1.899000
1.899000
1.899000
1.899000
1.899000
1.899000
1.899000
1.899000
1.899000
1.899000
1.963000
1.963000
1.963000
1.963000
1.963000
2.027000
2.027000
2.027000
2.027000
2.027000
2.027000
2.027000
2.027000
2.027000
2.027000
2.092000
2.092000
2.092000
2.092000
2.156000
2.156000
2.156000
2.156000
2.156000
2.156000
2.156000
2.156000
2.156000
2.156000
2.156000
2.156000
2.156000
2.221000
2.221000
2.221000
2.221000
2.221000
2.221000
2.221000
2.285000
2.285000
2.285000
2.285000
2.350000
2.350000
2.350000
2.350000
2.350000
2.350000
2.414000
2.414000
2.414000
2.414000
2.414000
2.414000
2.414000
2.414000
2.414000
2.479000
2.479000
2.479000
2.479000
2.479000
2.479000
2.479000
2.479000
2.543000
2.543000
2.543000
2.543000
2.543000
2.543000
2.543000
2.543000
2.543000
2.543000
2.543000
2.543000
2.543000
2.543000
2.607000
2.607000
2.607000
2.607000
2.607000
2.607000
2.607000
2.607000
2.607000
2.672000
2.672000
2.672000
2.672000
2.672000
2.672000
2.672000
2.672000
2.672000
2.672000
2.672000
2.736000
2.736000
2.736000
2.736000
2.736000
2.736000
2.736000
2.736000
2.736000
2.736000
2.801000
2.801000
2.801000
2.801000
2.801000
2.801000
2.801000
2.865000
2.865000
2.865000
2.865000
2.865000
2.865000
2.865000
2.930000
2.930000
2.930000
2.930000
2.930000
2.930000
2.930000
2.930000
2.930000
2.930000
2.930000
3.443000
3.443000
3.443000
3.443000
3.443000
3.443000
3.443000
3.443000
3.443000
3.443000
3.443000
3.443000
3.443000
3.443000
3.443000
3.443000
3.443000
3.443000
3.957000
3.957000
3.957000
3.957000
3.957000
3.957000
3.957000
3.957000
3.957000
4.471000
4.471000
4.471000
4.471000
4.471000
4.471000
4.471000
4.471000
4.471000
4.471000
4.985000
4.985000
4.985000
4.985000
4.985000
4.985000
4.985000
4.985000
4.985000
4.985000
4.985000
4.985000
4.985000
4.985000
5.498000
5.498000
5.498000
5.498000
5.498000
5.498000
5.498000
5.498000
5.498000
5.498000
5.498000
5.498000
5.498000
5.498000
5.498000
6.012000
6.012000
6.012000
6.012000
6.012000
6.012000
6.012000
6.012000
6.012000
6.012000
6.012000
6.012000
6.012000
6.526000
6.526000
6.526000
6.526000
6.526000
6.526000
6.526000
6.526000
6.526000
7.040000
7.040000
7.040000
7.040000
7.040000
7.040000
7.040000
7.040000
7.040000
7.040000
7.554000
7.554000
7.554000
7.554000
7.554000
7.554000
7.554000
7.554000
8.067000
8.067000
8.067000
8.067000
8.067000
8.067000
8.067000
8.067000
8.581000
8.581000
8.581000
8.581000
8.581000
8.581000
8.581000
8.581000
9.095000
9.095000
9.095000
9.095000
9.095000
9.095000
9.095000
9.095000
9.095000
9.095000
9.095000
9.609000
9.609000
9.609000
9.609000
9.609000
9.609000
9.609000
9.609000
9.609000
9.609000
9.609000
9.609000
10.120000
10.120000
10.120000
10.120000
10.120000
10.120000
10.120000
10.120000
10.640000
10.640000
10.640000
10.640000
10.640000
10.640000
10.640000
10.640000
10.640000
10.640000
11.150000
11.150000
11.150000
11.150000
11.150000
11.150000
11.150000
11.150000
11.150000
11.150000
11.150000
11.150000
11.150000
11.150000
11.150000
11.660000
11.660000
11.660000
11.660000
11.660000
11.660000
11.660000
11.660000
11.660000
11.660000
11.660000
12.180000
12.180000
12.180000
12.180000
12.690000
12.690000
12.690000
12.690000
12.690000
12.690000
12.690000
12.690000
12.690000
12.690000
12.690000
12.690000
12.690000
12.690000
12.690000
13.210000
13.210000
13.210000
13.210000
13.210000
13.210000
13.210000
13.210000
13.210000
13.210000
13.210000
13.210000
13.210000
13.210000
13.210000
13.210000
13.210000
13.720000
13.720000
13.720000
13.720000
13.720000
14.230000
14.230000
14.230000
14.230000
14.230000
14.230000
14.750000
14.750000
14.750000
14.750000
14.750000
14.750000
14.750000
14.750000
15.260000
15.260000
15.260000
15.260000
15.260000
15.260000
15.260000
15.260000
15.260000
15.260000
15.260000
15.260000
15.260000
15.260000
15.260000
15.260000
15.260000
15.260000
15.770000
15.770000
15.770000
15.770000
15.770000
15.770000
15.770000
15.770000
15.770000
15.770000
16.290001
16.290001
16.290001
16.290001
16.290001
16.290001
16.290001
16.799999
16.799999
16.799999
16.799999
16.799999
16.799999
16.799999
16.799999
17.320000
17.320000
17.320000
17.320000
17.320000
17.320000
17.320000
17.320000
17.320000
17.830000
17.830000
17.830000
17.830000
17.830000
17.830000
17.830000
17.830000
17.830000
17.830000
17.830000
18.340000
18.340000
18.340000
18.340000
18.340000
18.340000
18.340000
18.340000
18.340000
18.340000
18.340000
18.860001
18.860001
18.860001
18.860001
18.860001
18.860001
18.860001
18.860001
18.860001
18.860001
19.370001
19.370001
19.370001
19.370001
19.370001
19.370001
19.370001
19.879999
19.879999
19.879999
19.879999
19.879999
19.879999
19.879999
19.879999
19.879999
19.879999
19.879999
19.879999
20.400000
20.400000
20.400000
20.400000
20.400000
20.400000
20.400000
20.400000
20.400000
20.400000
20.400000
20.400000
20.910000
20.910000
20.910000
20.910000
20.910000
20.910000
20.910000
20.910000
20.910000
20.910000
20.910000
20.910000
20.910000
20.910000
20.910000
21.430000
21.430000
21.430000
21.430000
21.430000
21.430000
21.430000
21.430000
21.430000
21.430000
21.940001
21.940001
21.940001
21.940001
21.940001
21.940001
21.940001
21.940001
21.940001
22.450001
22.450001
22.450001
22.450001
22.969999
22.969999
22.969999
22.969999
22.969999
23.480000
23.480000
23.480000
23.480000
23.480000
23.480000
23.480000
23.480000
23.480000
23.480000
23.480000
23.990000
23.990000
23.990000
23.990000
23.990000
23.990000
23.990000
24.510000
24.510000
24.510000
24.510000
24.510000
24.510000
24.510000
24.510000
24.510000
24.510000
24.510000
24.510000
24.510000
24.510000
25.020000
25.020000
25.020000
25.020000
25.020000
25.020000
25.020000
25.020000
25.020000
25.020000
25.020000
25.540001
25.540001
25.540001
25.540001
25.540001
25.540001
25.540001
25.540001
25.540001
26.049999
26.049999
26.049999
26.049999
26.049999
26.049999
26.049999
26.049999
28.320000
28.320000
28.320000
28.320000
28.320000
28.320000
28.320000
28.320000
28.320000
28.320000
28.320000
28.320000
30.600000
30.600000
30.600000
30.600000
30.600000
30.600000
30.600000
30.600000
30.600000
30.600000
30.600000
30.600000
32.869999
32.869999
32.869999
32.869999
32.869999
32.869999
32.869999
32.869999
32.869999
32.869999
32.869999
32.869999
32.869999
32.869999
35.139999
35.139999
35.139999
35.139999
35.139999
35.139999
36.849998
36.849998
36.849998
36.849998
36.849998
36.849998
36.849998
