0.000000
0.000000
0.000000
0.000000
0.000000
0.000000
0.000000
0.000000
0.000000
0.000000
0.000000
0.000000
0.000000
0.000000
0.000000
0.000000
0.000000
0.000000
0.000000
0.000000
0.000000
0.000000
0.000000
0.000000
0.000000
0.000000
0.000000
0.000000
0.000000
0.000000
0.000000
0.000000
0.000000
0.000000
0.000000
0.000000
0.000000
0.000000
0.000000
0.000000
0.000000
0.000000
0.000000
0.000000
0.000000
0.000000
0.000000
0.000000
0.016560
0.016560
0.016560
0.016560
0.016560
0.016560
0.053180
0.053180
0.053180
0.053180
0.053180
0.053180
0.089800
0.089800
0.089800
0.089800
0.089800
0.089800
0.089800
0.089800
0.089800
0.126400
0.126400
0.126400
0.126400
0.126400
0.126400
0.126400
0.126400
0.126400
0.126400
0.126400
0.163000
0.163000
0.163000
0.163000
0.163000
0.163000
0.163000
0.163000
0.163000
0.199700
0.199700
0.199700
0.199700
0.199700
0.199700
0.199700
0.199700
0.199700
0.236300
0.236300
0.236300
0.236300
0.236300
0.236300
0.236300
0.236300
0.236300
0.236300
0.272900
0.272900
0.272900
0.272900
0.272900
0.272900
0.272900
0.272900
0.272900
0.272900
0.272900
0.309500
0.309500
0.309500
0.309500
0.309500
0.309500
0.309500
0.346200
0.346200
0.346200
0.346200
0.346200
0.346200
0.346200
0.346200
0.382800
0.382800
0.382800
0.382800
0.382800
0.382800
0.382800
0.382800
0.419400
0.419400
0.419400
0.419400
0.419400
0.419400
0.419400
0.419400
0.419400
0.419400
0.419400
0.456000
0.456000
0.456000
0.456000
0.456000
0.456000
0.456000
0.456000
0.456000
0.456000
0.492600
0.492600
0.492600
0.492600
0.492600
0.492600
0.492600
0.529300
0.529300
0.529300
0.529300
0.529300
0.529300
0.529300
0.529300
0.565900
0.565900
0.565900
0.565900
0.565900
0.565900
0.565900
0.565900
0.565900
0.602500
0.602500
0.602500
0.602500
0.602500
0.602500
0.602500
0.602500
0.639100
0.639100
0.639100
0.639100
0.639100
0.639100
0.639100
0.639100
0.639100
0.639100
0.675700
0.675700
0.675700
0.675700
0.675700
0.675700
0.675700
0.675700
0.675700
0.675700
0.712400
0.712400
0.712400
0.712400
0.712400
0.712400
0.712400
0.712400
0.712400
0.749000
0.749000
0.749000
0.749000
0.749000
0.749000
0.749000
0.749000
0.749000
0.749000
0.749000
0.785600
0.785600
0.785600
0.785600
0.785600
0.785600
0.785600
0.785600
0.785600
0.785600
0.785600
0.822200
0.822200
0.822200
0.822200
0.822200
0.822200
0.822200
0.822200
0.858900
0.858900
0.858900
0.858900
0.858900
0.858900
0.895500
0.895500
0.895500
0.895500
0.895500
0.895500
0.895500
0.932100
0.932100
0.932100
0.932100
0.932100
0.932100
0.932100
0.932100
0.932100
0.932100
0.932100
0.932100
0.932100
0.968700
0.968700
0.968700
0.968700
0.968700
0.968700
0.968700
0.968700
0.968700
0.968700
0.968700
0.968700
0.968700
1.005000
1.005000
1.005000
1.005000
1.005000
1.005000
1.005000
1.005000
1.005000
1.005000
1.005000
1.005000
1.042000
1.042000
1.042000
1.042000
1.042000
1.042000
1.042000
1.042000
1.042000
1.042000
1.042000
1.042000
1.042000
1.042000
1.079000
1.079000
1.079000
1.079000
1.079000
1.079000
1.079000
1.079000
1.115000
1.115000
1.115000
1.115000
1.115000
1.115000
1.152000
1.152000
1.152000
1.152000
1.152000
1.152000
1.152000
1.152000
1.152000
1.152000
1.152000
1.152000
1.152000
1.152000
1.188000
1.188000
1.188000
1.188000
1.188000
1.188000
1.188000
1.188000
1.188000
1.188000
1.225000
1.225000
1.225000
1.225000
1.225000
1.225000
1.225000
1.225000
1.225000
1.225000
1.225000
1.262000
1.262000
1.262000
1.262000
1.262000
1.262000
1.262000
1.262000
1.262000
1.298000
1.298000
1.298000
1.298000
1.298000
1.298000
1.298000
1.298000
1.298000
1.298000
1.298000
1.298000
1.298000
1.298000
1.298000
1.298000
1.298000
1.335000
1.335000
1.335000
1.335000
1.335000
1.335000
1.335000
1.335000
1.335000
1.335000
1.335000
1.372000
1.372000
1.372000
1.372000
1.372000
1.372000
1.372000
1.372000
1.372000
1.372000
1.372000
1.408000
1.408000
1.408000
1.408000
1.408000
1.408000
1.408000
1.408000
1.408000
1.408000
1.445000
1.445000
1.445000
1.445000
1.445000
1.445000
1.445000
1.445000
1.481000
1.481000
1.481000
1.481000
1.481000
1.481000
1.518000
1.518000
1.518000
1.518000
1.518000
1.518000
1.518000
1.518000
1.555000
1.555000
1.555000
1.555000
1.555000
1.555000
1.555000
1.555000
1.591000
1.591000
1.591000
1.591000
1.591000
1.591000
1.591000
1.591000
1.591000
1.591000
1.591000
1.591000
1.591000
1.591000
1.591000
1.591000
1.591000
1.628000
1.628000
1.628000
1.628000
1.628000
1.628000
1.628000
1.628000
1.628000
1.628000
1.628000
1.628000
1.665000
1.665000
1.665000
1.665000
2.201000
2.201000
2.201000
2.201000
2.201000
2.201000
2.201000
2.201000
2.201000
2.201000
2.201000
2.201000
2.201000
2.201000
2.738000
2.738000
2.738000
2.738000
2.738000
2.738000
2.738000
2.738000
2.738000
3.275000
3.275000
3.275000
3.275000
3.275000
3.275000
3.275000
3.275000
3.275000
3.275000
3.812000
3.812000
3.812000
3.812000
3.812000
3.812000
3.812000
3.812000
3.812000
3.812000
3.812000
3.812000
3.812000
3.812000
4.349000
4.349000
4.349000
4.349000
4.349000
4.349000
4.349000
4.349000
4.349000
4.349000
4.349000
4.349000
4.886000
4.886000
4.886000
4.886000
4.886000
4.886000
4.886000
4.886000
4.886000
4.886000
4.886000
4.886000
4.886000
4.886000
5.423000
5.423000
5.423000
5.423000
5.423000
5.423000
5.423000
5.423000
5.423000
5.960000
5.960000
5.960000
5.960000
5.960000
5.960000
5.960000
5.960000
5.960000
5.960000
5.960000
5.960000
5.960000
6.497000
6.497000
6.497000
6.497000
6.497000
7.034000
7.034000
7.034000
7.034000
7.034000
7.034000
7.034000
7.034000
7.034000
7.034000
7.034000
7.034000
7.034000
7.034000
7.571000
7.571000
7.571000
7.571000
7.571000
7.571000
7.571000
7.571000
7.571000
7.571000
7.571000
8.108000
8.108000
8.108000
8.108000
8.108000
8.108000
8.108000
8.108000
8.108000
8.108000
8.645000
8.645000
8.645000
8.645000
8.645000
8.645000
8.645000
8.645000
9.182000
9.182000
9.182000
9.182000
9.719000
9.719000
9.719000
9.719000
9.719000
9.719000
9.719000
9.719000
9.719000
9.719000
9.719000
9.719000
9.719000
9.719000
9.719000
10.260000
10.260000
10.260000
10.260000
10.260000
10.260000
10.260000
10.790000
10.790000
10.790000
10.790000
10.790000
10.790000
10.790000
10.790000
10.790000
10.790000
11.330000
11.330000
11.330000
11.330000
11.330000
11.330000
11.330000
11.330000
11.330000
11.330000
11.330000
11.330000
11.330000
11.330000
11.870000
11.870000
11.870000
11.870000
11.870000
11.870000
11.870000
11.870000
11.870000
11.870000
11.870000
11.870000
12.400000
12.400000
12.400000
12.400000
12.400000
12.400000
12.400000
12.400000
12.400000
12.400000
12.400000
12.400000
12.400000
12.400000
12.400000
12.400000
12.940000
12.940000
12.940000
12.940000
12.940000
12.940000
12.940000
12.940000
12.940000
12.940000
13.480000
13.480000
13.480000
13.480000
13.480000
13.480000
14.010000
14.010000
14.010000
14.010000
14.010000
14.010000
14.010000
14.010000
14.010000
14.010000
14.010000
14.010000
14.550000
14.550000
14.550000
14.550000
14.550000
14.550000
14.550000
14.550000
14.550000
14.550000
15.090000
15.090000
15.090000
15.090000
15.090000
15.090000
15.090000
15.090000
15.630000
15.630000
15.630000
15.630000
15.630000
15.630000
15.630000
15.630000
15.630000
15.630000
15.630000
15.630000
15.630000
15.630000
15.630000
16.160000
16.160000
16.160000
16.160000
16.160000
16.160000
16.160000
16.160000
16.160000
16.160000
16.160000
16.700001
16.700001
16.700001
16.700001
16.700001
16.700001
16.700001
17.240000
17.240000
17.240000
17.240000
17.240000
17.240000
17.240000
17.240000
17.240000
17.240000
17.240000
17.240000
17.240000
17.770000
17.770000
17.770000
17.770000
17.770000
17.770000
17.770000
17.770000
17.770000
17.770000
17.770000
17.770000
17.770000
17.770000
17.770000
17.770000
17.770000
18.309999
18.309999
18.309999
18.309999
18.309999
18.309999
18.309999
18.309999
18.309999
18.309999
18.309999
18.309999
18.850000
18.850000
18.850000
18.850000
18.850000
18.850000
18.850000
18.850000
18.850000
18.850000
18.850000
18.850000
18.850000
19.379999
19.379999
19.379999
19.379999
19.920000
19.920000
19.920000
19.920000
19.920000
19.920000
19.920000
20.459999
20.459999
20.459999
20.459999
20.459999
20.459999
20.459999
20.459999
20.459999
20.459999
20.990000
20.990000
20.990000
20.990000
20.990000
21.530001
21.530001
21.530001
21.530001
21.530001
21.530001
21.530001
21.530001
21.530001
21.530001
21.530001
21.530001
21.530001
21.530001
21.530001
21.530001
21.530001
22.070000
22.070000
22.070000
22.070000
22.070000
22.070000
22.070000
22.070000
22.070000
22.070000
22.610001
22.610001
22.610001
22.610001
22.610001
22.610001
23.139999
23.139999
23.139999
23.139999
23.139999
23.139999
23.139999
23.139999
23.139999
23.139999
23.680000
23.680000
23.680000
23.680000
23.680000
23.680000
23.680000
23.680000
23.680000
23.680000
23.680000
24.219999
24.219999
24.219999
24.219999
24.219999
24.219999
24.219999
24.219999
24.750000
24.750000
24.750000
24.750000
24.750000
24.750000
24.750000
24.750000
24.750000
24.750000
24.750000
25.290001
25.290001
25.290001
25.290001
25.830000
25.830000
25.830000
25.830000
25.830000
25.830000
25.830000
25.830000
27.770000
27.770000
27.770000
27.770000
27.770000
27.770000
27.770000
29.719999
29.719999
29.719999
29.719999
29.719999
31.660000
31.660000
31.660000
31.660000
31.660000
31.660000
31.660000
31.660000
31.660000
31.660000
31.660000
33.599998
33.599998
33.599998
33.599998
33.599998
33.599998
33.599998
33.599998
33.599998
35.060001
35.060001
35.060001
35.060001
35.060001
35.060001
35.060001
35.060001
35.060001
35.060001
35.060001
35.060001
35.060001
