0.000000
0.000000
0.000000
0.000000
0.000000
0.000000
0.000000
0.000000
0.000000
0.000000
0.000000
0.000000
0.000000
0.000000
0.000000
0.000000
0.000000
0.000000
0.000000
0.000000
0.000000
0.000000
0.000000
0.000000
0.000000
0.000000
0.000000
0.000000
0.000000
0.000000
0.000000
0.000000
0.000000
0.000000
0.000000
0.000000
0.000000
0.000000
0.000000
0.000000
0.000000
0.000000
0.000000
0.000000
0.000000
0.000000
0.000000
0.000000
0.000000
0.000000
0.000000
0.000000
0.000000
0.000000
0.000000
0.000000
0.410500
0.410500
0.410500
0.410500
0.410500
0.410500
0.710000
0.710000
0.710000
0.710000
0.710000
0.710000
0.710000
1.009000
1.009000
1.009000
1.009000
1.009000
1.009000
1.009000
1.009000
1.009000
1.009000
1.009000
1.309000
1.309000
1.309000
1.309000
1.309000
1.309000
1.608000
1.608000
1.608000
1.608000
1.608000
1.608000
1.608000
1.608000
1.908000
1.908000
1.908000
1.908000
1.908000
1.908000
1.908000
1.908000
1.908000
1.908000
2.207000
2.207000
2.207000
2.207000
2.207000
2.207000
2.507000
2.507000
2.507000
2.507000
2.507000
2.507000
2.507000
2.507000
2.806000
2.806000
2.806000
2.806000
2.806000
2.806000
2.806000
2.806000
2.806000
2.806000
2.806000
2.806000
2.806000
2.806000
3.105000
3.105000
3.105000
3.105000
3.105000
3.105000
3.105000
3.105000
3.405000
3.405000
3.405000
3.405000
3.405000
3.405000
3.405000
3.405000
3.405000
3.405000
3.405000
3.405000
3.704000
3.704000
3.704000
3.704000
3.704000
3.704000
3.704000
3.704000
3.704000
3.704000
3.704000
4.004000
4.004000
4.004000
4.004000
4.004000
4.004000
4.004000
4.303000
4.303000
4.303000
4.303000
4.303000
4.303000
4.603000
4.603000
4.603000
4.603000
4.603000
4.603000
4.603000
4.603000
4.603000
4.902000
4.902000
4.902000
4.902000
4.902000
4.902000
4.902000
4.902000
4.902000
4.902000
4.902000
4.902000
5.201000
5.201000
5.201000
5.201000
5.201000
5.201000
5.201000
5.201000
5.201000
5.201000
5.201000
5.201000
5.201000
5.201000
5.201000
5.201000
5.201000
5.501000
5.501000
5.501000
5.501000
5.501000
5.501000
5.501000
5.501000
5.501000
5.501000
5.501000
5.800000
5.800000
5.800000
5.800000
5.800000
5.800000
5.800000
5.800000
5.800000
5.800000
5.800000
5.800000
6.100000
6.100000
6.100000
6.100000
6.100000
6.100000
6.100000
6.100000
6.100000
6.100000
6.100000
6.100000
6.100000
6.100000
6.100000
6.100000
6.100000
6.399000
6.399000
6.399000
6.399000
6.399000
6.399000
6.399000
6.399000
6.399000
6.399000
6.399000
6.399000
6.699000
6.699000
6.699000
6.699000
6.699000
6.699000
6.699000
6.699000
6.699000
6.699000
6.699000
6.699000
6.998000
6.998000
6.998000
6.998000
6.998000
6.998000
7.297000
7.297000
7.297000
7.297000
7.297000
7.297000
7.297000
7.297000
7.297000
7.297000
7.297000
7.297000
7.597000
7.597000
7.597000
7.597000
7.597000
7.597000
7.597000
7.597000
7.597000
7.597000
7.597000
7.896000
7.896000
7.896000
7.896000
7.896000
7.896000
7.896000
7.896000
7.896000
8.196000
8.196000
8.196000
8.196000
8.196000
8.196000
8.196000
8.196000
8.495000
8.495000
8.495000
8.495000
8.495000
8.495000
8.495000
8.495000
8.795000
8.795000
8.795000
8.795000
9.094000
9.094000
9.094000
9.094000
9.094000
9.094000
9.094000
9.393000
9.393000
9.393000
9.393000
9.393000
9.693000
9.693000
9.693000
9.693000
9.693000
9.693000
9.693000
9.693000
9.693000
9.693000
9.992000
9.992000
9.992000
9.992000
9.992000
9.992000
9.992000
9.992000
9.992000
9.992000
10.290000
10.290000
10.290000
10.290000
10.290000
10.290000
10.290000
10.290000
10.290000
10.590000
10.590000
10.590000
10.590000
10.590000
10.590000
10.590000
10.590000
10.590000
10.590000
10.590000
10.590000
10.890000
10.890000
10.890000
10.890000
10.890000
10.890000
10.890000
10.890000
10.890000
10.890000
10.890000
10.890000
10.890000
10.890000
10.890000
10.890000
10.890000
11.190000
11.190000
11.190000
11.190000
11.190000
11.190000
11.190000
11.490000
11.490000
11.490000
11.490000
11.490000
11.490000
11.490000
11.490000
11.490000
11.490000
11.490000
11.490000
11.490000
11.790000
11.790000
11.790000
11.790000
11.790000
11.790000
11.790000
11.790000
11.790000
11.790000
11.790000
11.790000
11.790000
11.790000
11.790000
12.090000
12.090000
12.090000
12.090000
12.090000
12.090000
12.090000
12.090000
12.090000
12.390000
12.390000
12.390000
12.390000
12.390000
12.390000
12.390000
12.390000
12.390000
12.390000
12.390000
12.390000
12.390000
12.690000
12.690000
12.690000
12.690000
12.690000
12.690000
12.990000
12.990000
12.990000
12.990000
12.990000
12.990000
12.990000
12.990000
13.290000
13.290000
13.290000
13.290000
13.290000
13.290000
13.290000
13.290000
13.290000
13.290000
13.290000
13.590000
13.590000
13.590000
13.590000
13.590000
13.590000
13.590000
13.590000
13.590000
13.880000
13.880000
13.880000
13.880000
13.880000
13.880000
13.880000
14.760000
14.760000
14.760000
14.760000
14.760000
14.760000
14.760000
14.760000
14.760000
15.640000
15.640000
15.640000
15.640000
15.640000
15.640000
15.640000
15.640000
15.640000
15.640000
15.640000
15.640000
15.640000
16.520000
16.520000
16.520000
16.520000
16.520000
16.520000
16.520000
16.520000
17.400000
17.400000
17.400000
17.400000
17.400000
17.400000
18.280001
18.280001
18.280001
18.280001
18.280001
18.280001
18.280001
18.280001
19.160000
19.160000
19.160000
19.160000
19.160000
19.160000
19.160000
19.160000
19.160000
19.160000
19.160000
19.160000
19.160000
19.160000
20.040001
20.040001
20.040001
20.040001
20.040001
20.040001
20.920000
20.920000
20.920000
20.920000
20.920000
20.920000
20.920000
20.920000
20.920000
20.920000
20.920000
21.799999
21.799999
21.799999
21.799999
21.799999
21.799999
21.799999
21.799999
21.799999
22.680000
22.680000
22.680000
22.680000
22.680000
22.680000
22.680000
22.680000
22.680000
22.680000
22.680000
22.680000
22.680000
22.680000
22.680000
22.680000
22.680000
23.559999
23.559999
23.559999
23.559999
23.559999
23.559999
23.559999
23.559999
23.559999
23.559999
23.559999
24.440001
24.440001
24.440001
25.320000
25.320000
25.320000
25.320000
25.320000
25.320000
25.320000
25.320000
25.320000
25.320000
25.320000
25.320000
25.320000
25.320000
26.200001
26.200001
26.200001
26.200001
26.200001
26.200001
26.200001
26.200001
27.080000
27.080000
27.080000
27.080000
27.080000
27.080000
27.080000
27.080000
27.080000
27.080000
27.080000
27.080000
27.080000
27.080000
27.959999
27.959999
27.959999
27.959999
27.959999
27.959999
27.959999
27.959999
27.959999
27.959999
28.840000
28.840000
28.840000
28.840000
28.840000
28.840000
28.840000
28.840000
28.840000
28.840000
28.840000
28.840000
28.840000
29.719999
29.719999
29.719999
29.719999
29.719999
29.719999
29.719999
29.719999
29.719999
30.600000
30.600000
30.600000
30.600000
30.600000
30.600000
30.600000
30.600000
30.600000
30.600000
30.600000
31.480000
31.480000
31.480000
31.480000
31.480000
31.480000
31.480000
32.360001
32.360001
32.360001
32.360001
32.360001
32.360001
32.360001
32.360001
33.240002
33.240002
33.240002
33.240002
33.240002
33.240002
33.240002
34.119999
34.119999
34.119999
34.119999
34.119999
34.119999
34.119999
34.119999
34.119999
34.119999
34.119999
34.119999
35.000000
35.000000
35.000000
35.000000
35.000000
35.000000
35.000000
35.000000
35.000000
35.000000
35.000000
35.000000
35.000000
35.880001
35.880001
35.880001
35.880001
35.880001
35.880001
35.880001
35.880001
35.880001
35.880001
36.759998
36.759998
36.759998
36.759998
36.759998
36.759998
36.759998
36.759998
36.759998
36.759998
36.759998
36.759998
36.759998
37.639999
37.639999
37.639999
37.639999
37.639999
37.639999
37.639999
37.639999
37.639999
37.639999
37.639999
37.639999
37.639999
38.520000
38.520000
38.520000
38.520000
38.520000
38.520000
38.520000
38.520000
38.520000
38.520000
39.400002
39.400002
39.400002
39.400002
39.400002
39.400002
39.400002
39.400002
39.400002
39.400002
39.400002
39.400002
40.279999
40.279999
40.279999
40.279999
40.279999
40.279999
40.279999
40.279999
40.279999
41.160000
41.160000
41.160000
41.160000
41.160000
41.160000
41.160000
41.160000
41.160000
41.160000
41.160000
41.160000
42.040001
42.040001
42.040001
42.040001
42.040001
42.040001
42.040001
42.040001
42.040001
42.919998
42.919998
42.919998
42.919998
43.799999
43.799999
43.799999
43.799999
43.799999
43.799999
43.799999
43.799999
44.669998
44.669998
44.669998
44.669998
44.669998
44.669998
44.669998
44.669998
44.669998
44.669998
44.669998
45.549999
45.549999
45.549999
45.549999
45.549999
45.549999
45.549999
45.549999
45.549999
45.549999
45.549999
45.549999
45.549999
45.549999
45.549999
46.430000
46.430000
46.430000
46.430000
46.430000
46.430000
46.430000
46.430000
46.430000
47.310001
47.310001
47.310001
47.310001
47.310001
47.310001
47.310001
47.310001
47.310001
47.310001
47.310001
47.310001
47.310001
48.189999
48.189999
49.070000
49.070000
49.070000
49.070000
49.070000
49.070000
49.070000
49.070000
49.070000
49.070000
49.950001
49.950001
49.950001
49.950001
49.950001
49.950001
49.950001
49.950001
49.950001
49.950001
49.950001
49.950001
49.950001
50.830002
50.830002
50.830002
50.830002
50.830002
50.830002
50.830002
51.709999
51.709999
51.709999
51.709999
51.709999
51.709999
51.709999
51.709999
51.709999
52.590000
52.590000
52.590000
52.590000
52.590000
52.590000
52.590000
52.590000
53.470001
53.470001
53.470001
53.470001
53.470001
53.470001
53.470001
53.470001
53.470001
53.470001
53.470001
63.060001
63.060001
63.060001
63.060001
63.060001
63.060001
63.060001
63.060001
63.060001
72.639999
72.639999
72.639999
72.639999
72.639999
72.639999
72.639999
72.639999
72.639999
82.230003
82.230003
82.230003
82.230003
82.230003
82.230003
82.230003
82.230003
82.230003
91.809998
91.809998
91.809998
91.809998
91.809998
91.809998
91.809998
91.809998
91.809998
91.809998
91.809998
91.809998
91.809998
91.809998
99.000000
99.000000
99.000000
99.000000
99.000000
99.000000
