0.000000
0.000000
0.000000
0.000000
0.000000
0.000000
0.000000
0.000000
0.000000
0.000000
0.000000
0.000000
0.000000
0.000000
0.000000
0.000000
0.000000
0.000000
0.000000
0.000000
0.000000
0.000000
0.000000
0.000000
0.000000
0.000000
0.000000
0.000000
0.000000
0.000000
0.000000
0.000000
0.000000
0.000000
0.000000
0.000000
0.000000
0.000000
0.000000
0.000000
0.000000
0.000000
0.000000
0.000000
0.000000
1.211000
1.211000
1.211000
1.211000
1.211000
1.211000
1.211000
1.442000
1.442000
1.442000
1.442000
1.442000
1.442000
1.442000
1.442000
1.442000
1.442000
1.674000
1.674000
1.674000
1.674000
1.674000
1.674000
1.674000
1.674000
1.674000
1.674000
1.674000
1.674000
1.906000
1.906000
1.906000
1.906000
1.906000
1.906000
1.906000
1.906000
1.906000
1.906000
2.137000
2.137000
2.137000
2.137000
2.137000
2.137000
2.137000
2.137000
2.137000
2.137000
2.137000
2.137000
2.137000
2.137000
2.137000
2.369000
2.369000
2.369000
2.369000
2.369000
2.369000
2.369000
2.369000
2.369000
2.369000
2.369000
2.369000
2.369000
2.369000
2.369000
2.369000
2.369000
2.600000
2.600000
2.600000
2.600000
2.600000
2.600000
2.600000
2.600000
2.600000
2.832000
2.832000
2.832000
2.832000
2.832000
2.832000
2.832000
2.832000
2.832000
2.832000
2.832000
2.832000
2.832000
2.832000
2.832000
3.064000
3.064000
3.064000
3.064000
3.064000
3.295000
3.295000
3.295000
3.295000
3.295000
3.295000
3.295000
3.295000
3.527000
3.527000
3.527000
3.527000
3.527000
3.527000
3.527000
3.527000
3.527000
3.527000
3.527000
3.758000
3.758000
3.758000
3.758000
3.758000
3.758000
3.758000
3.758000
3.758000
3.758000
3.758000
3.990000
3.990000
3.990000
3.990000
3.990000
4.222000
4.222000
4.222000
4.222000
4.222000
4.222000
4.222000
4.222000
4.222000
4.222000
4.222000
4.453000
4.453000
4.453000
4.453000
4.453000
4.453000
4.453000
4.453000
4.453000
4.453000
4.453000
4.453000
4.685000
4.685000
4.685000
4.685000
4.685000
4.916000
4.916000
4.916000
4.916000
4.916000
5.148000
5.148000
5.148000
5.148000
5.148000
5.148000
5.148000
5.148000
5.148000
5.148000
5.148000
5.148000
5.148000
5.380000
5.380000
5.380000
5.380000
5.380000
5.380000
5.380000
5.380000
5.380000
5.380000
5.611000
5.611000
5.611000
5.611000
5.611000
5.611000
5.611000
5.611000
5.611000
5.611000
5.611000
5.843000
5.843000
5.843000
5.843000
5.843000
5.843000
5.843000
5.843000
5.843000
5.843000
6.074000
6.074000
6.074000
6.074000
6.074000
6.074000
6.074000
6.074000
6.074000
6.074000
6.074000
6.074000
6.074000
6.306000
6.306000
6.306000
6.306000
6.306000
6.306000
6.306000
6.306000
6.538000
6.538000
6.538000
6.538000
6.538000
6.769000
6.769000
6.769000
6.769000
6.769000
6.769000
6.769000
7.001000
7.001000
7.001000
7.001000
7.001000
7.001000
7.001000
7.001000
7.001000
7.001000
7.001000
7.001000
7.001000
7.001000
7.001000
7.001000
7.232000
7.232000
7.232000
7.232000
7.232000
7.232000
7.232000
7.232000
7.232000
7.232000
7.464000
7.464000
7.464000
7.464000
7.464000
7.464000
7.464000
7.464000
7.464000
7.464000
7.464000
7.464000
7.464000
7.464000
7.464000
7.464000
7.464000
7.464000
7.696000
7.696000
7.696000
7.696000
7.696000
7.696000
7.696000
7.696000
7.696000
7.927000
7.927000
7.927000
7.927000
7.927000
7.927000
7.927000
7.927000
7.927000
7.927000
7.927000
8.159000
8.159000
8.159000
8.159000
8.159000
8.159000
8.159000
8.159000
8.159000
8.159000
8.159000
8.159000
8.159000
8.390000
8.390000
8.390000
8.390000
8.390000
8.390000
8.390000
8.390000
8.390000
8.622000
8.622000
8.622000
8.622000
8.622000
8.622000
8.622000
8.854000
8.854000
8.854000
8.854000
8.854000
8.854000
8.854000
8.854000
8.854000
8.854000
9.085000
9.085000
9.085000
9.085000
9.085000
9.317000
9.317000
9.317000
9.317000
9.317000
9.317000
9.317000
9.317000
9.317000
9.317000
9.317000
9.317000
9.317000
9.317000
9.317000
9.317000
9.317000
9.317000
9.317000
9.548000
9.548000
9.548000
9.548000
9.548000
9.548000
9.548000
9.780000
9.780000
9.780000
9.780000
9.780000
9.780000
9.780000
9.780000
9.780000
10.010000
10.010000
10.010000
10.010000
10.010000
10.010000
10.010000
10.240000
10.240000
10.240000
10.240000
10.240000
10.240000
10.240000
10.240000
10.240000
10.240000
10.240000
10.470000
10.470000
10.470000
10.470000
10.470000
10.470000
10.470000
10.470000
10.470000
10.710000
10.710000
10.710000
10.710000
10.710000
10.710000
10.710000
10.710000
10.710000
10.710000
10.940000
10.940000
10.940000
10.940000
10.940000
11.170000
11.170000
11.170000
11.170000
11.170000
11.170000
11.400000
11.400000
11.400000
11.400000
11.400000
11.400000
11.400000
11.400000
11.400000
11.400000
11.630000
11.630000
11.630000
11.630000
11.630000
11.630000
11.630000
11.630000
11.630000
11.630000
11.630000
11.630000
11.630000
12.050000
12.050000
12.050000
12.050000
12.050000
12.050000
12.050000
12.050000
12.050000
12.050000
12.050000
12.050000
12.050000
12.050000
12.050000
12.050000
12.470000
12.470000
12.470000
12.470000
12.470000
12.470000
12.470000
12.470000
12.470000
12.470000
12.470000
12.470000
12.890000
12.890000
12.890000
12.890000
12.890000
12.890000
12.890000
12.890000
12.890000
12.890000
12.890000
13.310000
13.310000
13.310000
13.310000
13.310000
13.310000
13.310000
13.310000
13.310000
13.730000
13.730000
13.730000
13.730000
13.730000
13.730000
13.730000
13.730000
13.730000
13.730000
13.730000
13.730000
13.730000
14.160000
14.160000
14.160000
14.160000
14.160000
14.160000
14.160000
14.580000
14.580000
14.580000
14.580000
14.580000
14.580000
14.580000
14.580000
14.580000
14.580000
14.580000
14.580000
14.580000
14.580000
15.000000
15.000000
15.000000
15.000000
15.000000
15.000000
15.000000
15.000000
15.000000
15.000000
15.000000
15.420000
15.420000
15.420000
15.420000
15.420000
15.420000
15.420000
15.420000
15.420000
15.840000
15.840000
15.840000
15.840000
15.840000
15.840000
15.840000
16.260000
16.260000
16.260000
16.260000
16.260000
16.260000
16.680000
16.680000
16.680000
16.680000
16.680000
16.680000
16.680000
16.680000
16.680000
16.680000
16.680000
16.680000
16.680000
16.680000
16.680000
16.680000
16.680000
17.100000
17.100000
17.100000
17.100000
17.100000
17.100000
17.100000
17.100000
17.100000
17.100000
17.100000
17.100000
17.100000
17.100000
17.100000
17.100000
17.100000
17.100000
17.100000
17.520000
17.520000
17.520000
17.520000
17.520000
17.520000
17.520000
17.940001
17.940001
17.940001
17.940001
17.940001
17.940001
17.940001
17.940001
17.940001
18.360001
18.360001
18.360001
18.360001
18.360001
18.360001
18.360001
18.360001
18.780001
18.780001
18.780001
18.780001
18.780001
18.780001
18.780001
18.780001
18.780001
18.780001
18.780001
18.780001
18.780001
19.200001
19.200001
19.200001
19.200001
19.200001
19.200001
19.200001
19.200001
19.200001
19.620001
19.620001
19.620001
19.620001
19.620001
19.620001
19.620001
19.620001
19.620001
20.040001
20.040001
20.040001
20.040001
20.040001
20.040001
20.040001
20.040001
20.040001
20.040001
20.459999
20.459999
20.459999
20.459999
20.459999
20.459999
20.459999
20.879999
20.879999
20.879999
20.879999
20.879999
20.879999
20.879999
21.299999
21.299999
21.299999
21.299999
21.299999
21.299999
21.299999
21.299999
21.299999
21.299999
21.719999
21.719999
21.719999
21.719999
21.719999
21.719999
21.719999
21.719999
21.719999
21.719999
21.719999
22.139999
22.139999
22.139999
22.139999
22.139999
22.139999
22.139999
22.139999
22.139999
22.139999
22.139999
22.139999
22.139999
22.139999
22.139999
22.139999
22.559999
22.559999
22.559999
22.559999
22.559999
22.559999
22.559999
22.559999
22.559999
22.559999
22.559999
22.980000
22.980000
22.980000
22.980000
22.980000
22.980000
22.980000
22.980000
22.980000
22.980000
22.980000
22.980000
23.400000
23.400000
23.400000
23.400000
23.400000
23.400000
23.400000
23.400000
23.400000
23.400000
23.400000
23.400000
23.400000
23.400000
23.400000
23.820000
23.820000
23.820000
23.820000
23.820000
23.820000
24.240000
24.240000
24.240000
24.240000
24.240000
24.240000
24.240000
24.240000
24.240000
24.660000
24.660000
24.660000
24.660000
24.660000
24.660000
24.660000
24.660000
24.660000
24.660000
25.080000
25.080000
25.080000
25.080000
25.080000
25.080000
25.080000
25.080000
25.080000
25.080000
25.500000
25.500000
25.500000
25.500000
25.500000
25.500000
25.930000
25.930000
25.930000
25.930000
25.930000
25.930000
25.930000
25.930000
25.930000
25.930000
25.930000
25.930000
26.350000
26.350000
26.350000
26.350000
26.350000
26.350000
26.350000
26.350000
26.770000
26.770000
26.770000
26.770000
26.770000
27.190001
27.190001
27.190001
27.190001
27.190001
27.190001
27.190001
27.190001
27.190001
27.190001
27.610001
27.610001
27.610001
27.610001
27.610001
27.610001
27.610001
27.610001
27.610001
28.030001
28.030001
28.030001
28.030001
28.030001
28.030001
28.030001
28.030001
28.450001
28.450001
28.450001
28.870001
28.870001
28.870001
28.870001
28.870001
28.870001
28.870001
28.870001
28.870001
29.290001
29.290001
29.290001
29.290001
29.290001
29.290001
29.290001
29.290001
29.290001
29.290001
29.709999
29.709999
29.709999
29.709999
29.709999
29.709999
29.709999
29.709999
29.709999
29.709999
29.709999
29.709999
29.709999
29.709999
30.129999
30.129999
30.129999
30.129999
30.129999
30.129999
30.129999
30.129999
30.129999
30.549999
30.549999
30.549999
30.549999
30.549999
30.549999
30.549999
30.549999
30.549999
38.009998
38.009998
38.009998
38.009998
38.009998
38.009998
38.009998
45.480000
45.480000
45.480000
45.480000
45.480000
45.480000
45.480000
45.480000
45.480000
45.480000
45.480000
45.480000
52.939999
52.939999
52.939999
52.939999
52.939999
52.939999
52.939999
52.939999
52.939999
52.939999
60.400002
60.400002
60.400002
66.000000
66.000000
66.000000
66.000000
66.000000
66.000000
66.000000
66.000000
66.000000
66.000000
66.000000
66.000000
