0.000000
0.000000
0.000000
0.000000
0.000000
0.000000
0.000000
0.000000
0.000000
0.000000
0.000000
0.000000
0.000000
0.000000
0.000000
0.000000
0.000000
0.000000
0.000000
0.000000
0.000000
0.000000
0.000000
0.000000
0.000000
0.000000
0.000000
0.000000
0.000000
0.000000
0.000000
0.000000
0.000000
0.000000
0.000000
0.000000
0.000000
0.000000
0.000000
0.000000
0.000000
0.000000
0.000000
0.000000
0.000000
0.000000
0.000000
0.000000
0.000000
0.000000
0.098890
0.098890
0.098890
0.098890
0.098890
0.098890
0.098890
0.098890
0.098890
0.098890
0.211700
0.211700
0.211700
0.211700
0.211700
0.211700
0.211700
0.211700
0.211700
0.324500
0.324500
0.324500
0.324500
0.324500
0.324500
0.324500
0.324500
0.324500
0.324500
0.437400
0.437400
0.437400
0.550200
0.550200
0.550200
0.550200
0.550200
0.550200
0.550200
0.663000
0.663000
0.663000
0.663000
0.663000
0.663000
0.663000
0.663000
0.663000
0.663000
0.663000
0.775800
0.775800
0.775800
0.775800
0.775800
0.775800
0.775800
0.775800
0.888700
0.888700
0.888700
0.888700
0.888700
0.888700
0.888700
0.888700
0.888700
0.888700
0.888700
0.888700
1.001000
1.001000
1.001000
1.001000
1.001000
1.001000
1.001000
1.001000
1.001000
1.001000
1.001000
1.001000
1.001000
1.001000
1.114000
1.114000
1.114000
1.114000
1.114000
1.114000
1.114000
1.114000
1.114000
1.114000
1.227000
1.227000
1.227000
1.227000
1.227000
1.227000
1.227000
1.227000
1.340000
1.340000
1.340000
1.340000
1.340000
1.340000
1.340000
1.340000
1.340000
1.340000
1.340000
1.340000
1.340000
1.340000
1.340000
1.340000
1.340000
1.340000
1.453000
1.453000
1.453000
1.453000
1.453000
1.566000
1.566000
1.566000
1.566000
1.566000
1.566000
1.566000
1.566000
1.566000
1.566000
1.566000
1.566000
1.678000
1.678000
1.678000
1.678000
1.678000
1.678000
1.678000
1.678000
1.678000
1.678000
1.678000
1.678000
1.678000
1.791000
1.791000
1.791000
1.791000
1.791000
1.791000
1.791000
1.791000
1.791000
1.904000
1.904000
1.904000
1.904000
1.904000
1.904000
2.017000
2.017000
2.017000
2.017000
2.017000
2.017000
2.017000
2.017000
2.130000
2.130000
2.130000
2.130000
2.130000
2.130000
2.130000
2.130000
2.130000
2.130000
2.130000
2.130000
2.130000
2.130000
2.130000
2.243000
2.243000
2.243000
2.243000
2.243000
2.243000
2.243000
2.243000
2.243000
2.243000
2.243000
2.355000
2.355000
2.355000
2.355000
2.355000
2.355000
2.355000
2.355000
2.468000
2.468000
2.468000
2.468000
2.468000
2.468000
2.468000
2.468000
2.468000
2.468000
2.468000
2.468000
2.468000
2.468000
2.581000
2.581000
2.581000
2.581000
2.581000
2.581000
2.581000
2.581000
2.694000
2.694000
2.694000
2.694000
2.694000
2.694000
2.694000
2.694000
2.694000
2.807000
2.807000
2.807000
2.807000
2.807000
2.807000
2.807000
2.807000
2.807000
2.807000
2.807000
2.807000
2.807000
2.807000
2.807000
2.807000
2.807000
2.807000
2.807000
2.919000
2.919000
2.919000
2.919000
2.919000
2.919000
2.919000
3.032000
3.032000
3.032000
3.032000
3.032000
3.145000
3.145000
3.145000
3.145000
3.145000
3.145000
3.145000
3.145000
3.145000
3.145000
3.145000
3.145000
3.145000
3.258000
3.258000
3.258000
3.258000
3.258000
3.258000
3.258000
3.258000
3.258000
3.258000
3.371000
3.371000
3.371000
3.371000
3.371000
3.371000
3.371000
3.484000
3.484000
3.484000
3.484000
3.484000
3.484000
3.484000
3.484000
3.484000
3.484000
3.484000
3.484000
3.484000
3.484000
3.484000
3.484000
3.484000
3.484000
3.596000
3.596000
3.596000
3.596000
3.596000
3.596000
3.596000
3.596000
3.596000
3.596000
3.596000
3.596000
3.709000
3.709000
3.709000
3.709000
3.709000
3.709000
3.709000
3.709000
3.709000
3.709000
3.709000
3.709000
3.709000
3.822000
3.822000
3.822000
3.822000
3.822000
3.935000
3.935000
3.935000
3.935000
3.935000
3.935000
3.935000
3.935000
3.935000
3.935000
3.935000
3.935000
3.935000
3.935000
3.935000
4.048000
4.048000
4.048000
4.048000
4.048000
4.048000
4.161000
4.161000
4.161000
4.161000
4.161000
4.273000
4.273000
4.273000
4.273000
4.273000
4.273000
4.273000
4.273000
4.273000
4.273000
4.386000
4.386000
4.386000
4.386000
4.386000
4.499000
4.499000
4.499000
4.499000
4.499000
4.499000
4.499000
4.612000
4.612000
4.612000
4.612000
4.612000
4.612000
4.612000
4.612000
4.612000
4.725000
4.725000
4.725000
4.725000
4.725000
4.725000
4.725000
4.725000
4.837000
4.837000
4.837000
4.837000
4.837000
4.837000
4.837000
4.837000
4.837000
4.837000
4.837000
4.950000
4.950000
4.950000
4.950000
4.950000
4.950000
4.950000
4.950000
5.063000
5.063000
5.063000
5.063000
5.063000
5.063000
5.063000
5.063000
5.063000
5.063000
5.063000
5.176000
5.176000
5.176000
5.176000
5.176000
5.176000
5.176000
5.176000
5.176000
5.980000
5.980000
5.980000
5.980000
5.980000
5.980000
5.980000
5.980000
5.980000
5.980000
5.980000
6.784000
6.784000
6.784000
6.784000
6.784000
6.784000
6.784000
6.784000
6.784000
6.784000
6.784000
6.784000
6.784000
6.784000
7.588000
7.588000
7.588000
7.588000
7.588000
7.588000
7.588000
7.588000
7.588000
7.588000
7.588000
7.588000
8.392000
8.392000
8.392000
8.392000
8.392000
8.392000
9.196000
9.196000
9.196000
9.196000
9.196000
9.196000
9.196000
9.196000
9.196000
9.196000
10.000000
10.000000
10.000000
10.000000
10.000000
10.000000
10.000000
10.000000
10.000000
10.000000
10.000000
10.000000
10.800000
10.800000
10.800000
10.800000
10.800000
10.800000
10.800000
10.800000
11.610000
11.610000
11.610000
11.610000
11.610000
11.610000
11.610000
11.610000
12.410000
12.410000
12.410000
12.410000
12.410000
12.410000
12.410000
12.410000
12.410000
12.410000
13.220000
13.220000
13.220000
13.220000
13.220000
13.220000
13.220000
14.020000
14.020000
14.020000
14.020000
14.020000
14.020000
14.020000
14.820000
14.820000
14.820000
14.820000
14.820000
14.820000
14.820000
14.820000
14.820000
15.630000
15.630000
15.630000
15.630000
15.630000
15.630000
15.630000
15.630000
16.430000
16.430000
16.430000
16.430000
16.430000
16.430000
16.430000
16.430000
16.430000
17.240000
17.240000
17.240000
17.240000
17.240000
17.240000
17.240000
18.040001
18.040001
18.040001
18.040001
18.040001
18.840000
18.840000
18.840000
18.840000
18.840000
18.840000
18.840000
19.650000
19.650000
19.650000
19.650000
19.650000
19.650000
19.650000
19.650000
19.650000
19.650000
19.650000
19.650000
19.650000
19.650000
19.650000
19.650000
19.650000
20.450001
20.450001
20.450001
20.450001
20.450001
20.450001
20.450001
20.450001
20.450001
20.450001
20.450001
21.260000
21.260000
21.260000
21.260000
21.260000
21.260000
21.260000
21.260000
21.260000
21.260000
21.260000
21.260000
21.260000
21.260000
22.059999
22.059999
22.059999
22.059999
22.059999
22.059999
22.059999
22.059999
22.059999
22.059999
22.059999
22.860001
22.860001
22.860001
22.860001
22.860001
22.860001
22.860001
22.860001
22.860001
22.860001
22.860001
22.860001
22.860001
22.860001
22.860001
22.860001
22.860001
23.670000
23.670000
23.670000
23.670000
23.670000
23.670000
23.670000
23.670000
23.670000
23.670000
24.469999
24.469999
24.469999
24.469999
24.469999
24.469999
24.469999
25.280001
25.280001
25.280001
25.280001
25.280001
25.280001
25.280001
25.280001
25.280001
25.280001
26.080000
26.080000
26.080000
26.080000
26.080000
26.879999
26.879999
26.879999
26.879999
26.879999
26.879999
26.879999
26.879999
26.879999
26.879999
26.879999
26.879999
26.879999
27.690001
27.690001
27.690001
27.690001
27.690001
27.690001
27.690001
27.690001
27.690001
27.690001
27.690001
27.690001
27.690001
28.490000
28.490000
28.490000
28.490000
28.490000
28.490000
28.490000
28.490000
28.490000
29.299999
29.299999
29.299999
29.299999
29.299999
29.299999
29.299999
29.299999
29.299999
29.299999
29.299999
29.299999
29.299999
29.299999
29.299999
29.299999
30.100000
30.100000
30.100000
30.100000
30.100000
30.100000
30.100000
30.100000
30.100000
30.100000
30.100000
30.900000
30.900000
30.900000
30.900000
30.900000
30.900000
30.900000
30.900000
30.900000
30.900000
30.900000
30.900000
30.900000
30.900000
31.709999
31.709999
31.709999
31.709999
31.709999
31.709999
31.709999
31.709999
32.509998
32.509998
32.509998
32.509998
32.509998
32.509998
32.509998
32.509998
32.509998
32.509998
33.320000
33.320000
33.320000
33.320000
33.320000
33.320000
33.320000
33.320000
33.320000
34.119999
34.119999
34.119999
34.119999
34.119999
34.119999
34.119999
34.119999
34.119999
34.119999
34.119999
34.119999
34.119999
34.919998
34.919998
34.919998
34.919998
34.919998
34.919998
34.919998
34.919998
34.919998
34.919998
34.919998
34.919998
35.730000
35.730000
35.730000
35.730000
35.730000
35.730000
35.730000
35.730000
35.730000
35.730000
35.730000
35.730000
35.730000
36.529999
36.529999
36.529999
36.529999
36.529999
36.529999
36.529999
36.529999
36.529999
36.529999
37.340000
37.340000
37.340000
37.340000
37.340000
37.340000
37.340000
37.340000
38.139999
38.139999
38.139999
38.139999
38.139999
38.139999
38.139999
38.139999
38.139999
38.950001
38.950001
38.950001
38.950001
38.950001
38.950001
38.950001
38.950001
38.950001
38.950001
38.950001
38.950001
39.750000
40.549999
40.549999
40.549999
40.549999
40.549999
40.549999
40.549999
40.549999
40.549999
40.549999
40.549999
40.549999
41.360001
41.360001
41.360001
41.360001
41.360001
41.360001
41.360001
41.360001
41.360001
47.770000
47.770000
47.770000
47.770000
47.770000
47.770000
47.770000
47.770000
47.770000
47.770000
54.189999
54.189999
54.189999
54.189999
54.189999
54.189999
54.189999
54.189999
54.189999
60.599998
60.599998
60.599998
60.599998
60.599998
67.010002
67.010002
67.010002
67.010002
67.010002
67.010002
67.010002
67.010002
67.010002
71.820000
71.820000
71.820000
71.820000
71.820000
71.820000
71.820000
71.820000
71.820000
71.820000
71.820000
71.820000
