0.000000
0.000000
0.000000
0.000000
0.000000
0.000000
0.000000
0.000000
0.000000
0.000000
0.000000
0.000000
0.000000
0.000000
0.000000
0.000000
0.000000
0.000000
0.000000
0.000000
0.000000
0.000000
0.000000
0.000000
0.000000
0.000000
0.000000
0.000000
0.000000
0.000000
0.000000
0.000000
0.000000
0.000000
0.000000
0.000000
0.000000
0.000000
0.000000
0.000000
0.000000
0.000000
0.000000
0.000000
0.000000
0.000000
0.000000
0.000000
0.675000
0.675000
0.675000
0.675000
1.020000
1.020000
1.020000
1.020000
1.020000
1.020000
1.020000
1.020000
1.020000
1.020000
1.020000
1.365000
1.365000
1.365000
1.365000
1.365000
1.365000
1.365000
1.365000
1.365000
1.710000
1.710000
1.710000
1.710000
1.710000
1.710000
1.710000
2.054000
2.054000
2.054000
2.054000
2.054000
2.054000
2.054000
2.054000
2.054000
2.054000
2.054000
2.054000
2.054000
2.399000
2.399000
2.399000
2.399000
2.399000
2.399000
2.399000
2.399000
2.399000
2.399000
2.399000
2.399000
2.399000
2.399000
2.399000
2.744000
2.744000
2.744000
2.744000
2.744000
3.089000
3.089000
3.089000
3.089000
3.089000
3.089000
3.089000
3.089000
3.089000
3.089000
3.089000
3.089000
3.434000
3.434000
3.434000
3.434000
3.434000
3.434000
3.434000
3.434000
3.434000
3.434000
3.779000
3.779000
3.779000
3.779000
3.779000
3.779000
3.779000
3.779000
3.779000
3.779000
3.779000
4.123000
4.123000
4.123000
4.123000
4.123000
4.123000
4.123000
4.123000
4.123000
4.123000
4.123000
4.468000
4.468000
4.468000
4.468000
4.468000
4.468000
4.468000
4.468000
4.468000
4.468000
4.468000
4.468000
4.468000
4.468000
4.468000
4.468000
4.813000
4.813000
4.813000
4.813000
4.813000
4.813000
4.813000
4.813000
5.158000
5.158000
5.158000
5.158000
5.158000
5.158000
5.503000
5.503000
5.503000
5.503000
5.503000
5.503000
5.503000
5.503000
5.503000
5.848000
5.848000
5.848000
5.848000
5.848000
5.848000
6.192000
6.192000
6.192000
6.192000
6.192000
6.192000
6.192000
6.192000
6.192000
6.192000
6.192000
6.192000
6.192000
6.192000
6.192000
6.192000
6.537000
6.537000
6.537000
6.537000
6.537000
6.537000
6.537000
6.537000
6.537000
6.537000
6.537000
6.537000
6.882000
6.882000
6.882000
6.882000
6.882000
6.882000
6.882000
6.882000
6.882000
7.227000
7.227000
7.227000
7.227000
7.227000
7.227000
7.227000
7.572000
7.572000
7.572000
7.572000
7.572000
7.572000
7.572000
7.572000
7.572000
7.572000
7.572000
7.572000
7.572000
7.572000
7.572000
7.572000
7.917000
7.917000
7.917000
7.917000
7.917000
7.917000
7.917000
7.917000
7.917000
7.917000
7.917000
8.261000
8.261000
8.261000
8.261000
8.261000
8.261000
8.261000
8.261000
8.261000
8.261000
8.261000
8.606000
8.606000
8.606000
8.606000
8.606000
8.606000
8.606000
8.606000
8.606000
8.951000
8.951000
8.951000
8.951000
8.951000
8.951000
8.951000
8.951000
8.951000
8.951000
8.951000
8.951000
8.951000
9.296000
9.296000
9.296000
9.296000
9.296000
9.296000
9.296000
9.296000
9.296000
9.296000
9.641000
9.641000
9.641000
9.641000
9.641000
9.641000
9.641000
9.641000
9.641000
9.641000
9.641000
9.641000
9.641000
9.641000
9.641000
9.641000
9.641000
9.986000
9.986000
9.986000
9.986000
9.986000
9.986000
9.986000
9.986000
9.986000
9.986000
10.330000
10.330000
10.330000
10.330000
10.330000
10.330000
10.330000
10.330000
10.330000
10.680000
10.680000
10.680000
10.680000
10.680000
10.680000
10.680000
10.680000
10.680000
10.680000
10.680000
10.680000
11.020000
11.020000
11.020000
11.020000
11.020000
11.020000
11.020000
11.020000
11.020000
11.020000
11.370000
11.370000
11.370000
11.370000
11.370000
11.370000
11.370000
11.370000
11.370000
11.370000
11.370000
11.370000
11.710000
11.710000
11.710000
11.710000
11.710000
11.710000
11.710000
11.710000
11.710000
12.050000
12.050000
12.050000
12.050000
12.050000
12.050000
12.050000
12.050000
12.400000
12.400000
12.400000
12.400000
12.400000
12.740000
12.740000
12.740000
12.740000
12.740000
13.090000
13.090000
13.090000
13.090000
13.090000
13.090000
13.090000
13.090000
13.090000
13.090000
13.430000
13.430000
13.430000
13.430000
13.430000
13.430000
13.430000
13.430000
13.430000
13.780000
13.780000
13.780000
13.780000
13.780000
13.780000
13.780000
14.120000
14.120000
14.120000
14.120000
14.120000
14.120000
14.120000
14.120000
14.120000
14.120000
14.120000
14.470000
14.470000
14.470000
14.470000
14.470000
14.470000
14.470000
14.470000
14.470000
14.470000
14.470000
14.470000
14.470000
14.810000
14.810000
14.810000
14.810000
14.810000
14.810000
14.810000
14.810000
14.810000
14.810000
15.160000
15.160000
15.160000
15.160000
15.160000
15.160000
15.160000
15.160000
15.500000
15.500000
15.500000
15.500000
15.500000
15.500000
15.500000
15.500000
15.500000
15.500000
15.500000
15.850000
15.850000
15.850000
15.850000
15.850000
15.850000
15.850000
15.850000
15.850000
15.850000
15.850000
16.190001
16.190001
16.190001
16.190001
16.190001
16.190001
16.190001
16.190001
16.190001
16.190001
16.190001
17.820000
17.820000
17.820000
17.820000
17.820000
17.820000
17.820000
17.820000
17.820000
17.820000
19.450001
19.450001
19.450001
19.450001
19.450001
19.450001
19.450001
19.450001
19.450001
19.450001
19.450001
19.450001
21.090000
21.090000
21.090000
21.090000
21.090000
21.090000
21.090000
21.090000
22.719999
22.719999
22.719999
22.719999
22.719999
24.350000
24.350000
24.350000
24.350000
24.350000
24.350000
24.350000
25.980000
25.980000
25.980000
25.980000
25.980000
25.980000
25.980000
25.980000
25.980000
25.980000
25.980000
25.980000
25.980000
27.610001
27.610001
27.610001
27.610001
27.610001
27.610001
27.610001
27.610001
27.610001
27.610001
27.610001
27.610001
29.240000
29.240000
29.240000
29.240000
29.240000
29.240000
29.240000
29.240000
29.240000
29.240000
29.240000
29.240000
29.240000
29.240000
30.870001
30.870001
30.870001
30.870001
30.870001
30.870001
30.870001
30.870001
30.870001
30.870001
30.870001
30.870001
30.870001
32.500000
32.500000
32.500000
32.500000
32.500000
32.500000
32.500000
34.130001
34.130001
34.130001
34.130001
34.130001
34.130001
34.130001
34.130001
34.130001
34.130001
34.130001
34.130001
34.130001
35.770000
35.770000
35.770000
35.770000
35.770000
35.770000
35.770000
35.770000
35.770000
35.770000
35.770000
35.770000
35.770000
35.770000
35.770000
35.770000
37.400002
37.400002
37.400002
37.400002
39.029999
39.029999
39.029999
39.029999
39.029999
39.029999
39.029999
39.029999
39.029999
39.029999
40.660000
40.660000
40.660000
40.660000
40.660000
40.660000
40.660000
40.660000
40.660000
40.660000
40.660000
40.660000
40.660000
40.660000
40.660000
40.660000
42.290001
42.290001
42.290001
42.290001
42.290001
42.290001
42.290001
42.290001
42.290001
42.290001
43.919998
43.919998
43.919998
43.919998
43.919998
43.919998
45.549999
45.549999
45.549999
45.549999
45.549999
47.180000
47.180000
47.180000
47.180000
47.180000
47.180000
47.180000
47.180000
48.810001
48.810001
48.810001
48.810001
48.810001
48.810001
48.810001
48.810001
48.810001
48.810001
48.810001
50.439999
50.439999
50.439999
50.439999
50.439999
50.439999
52.080002
52.080002
52.080002
52.080002
52.080002
52.080002
52.080002
52.080002
52.080002
52.080002
52.080002
53.709999
53.709999
53.709999
53.709999
53.709999
53.709999
53.709999
53.709999
53.709999
55.340000
55.340000
55.340000
55.340000
55.340000
55.340000
55.340000
55.340000
55.340000
55.340000
55.340000
55.340000
55.340000
55.340000
55.340000
55.340000
55.340000
55.340000
56.970001
56.970001
56.970001
56.970001
56.970001
56.970001
56.970001
56.970001
56.970001
56.970001
56.970001
58.599998
58.599998
58.599998
58.599998
58.599998
58.599998
58.599998
58.599998
58.599998
58.599998
58.599998
58.599998
58.599998
60.230000
60.230000
60.230000
60.230000
60.230000
60.230000
60.230000
60.230000
60.230000
60.230000
60.230000
60.230000
60.230000
60.230000
60.230000
60.230000
61.860001
61.860001
61.860001
61.860001
61.860001
61.860001
63.490002
63.490002
63.490002
63.490002
63.490002
63.490002
63.490002
63.490002
63.490002
65.120003
65.120003
65.120003
66.750000
66.750000
66.750000
66.750000
66.750000
66.750000
66.750000
66.750000
68.389999
68.389999
68.389999
68.389999
68.389999
68.389999
68.389999
68.389999
68.389999
68.389999
68.389999
70.019997
70.019997
70.019997
70.019997
70.019997
70.019997
70.019997
70.019997
70.019997
71.650002
71.650002
71.650002
71.650002
71.650002
71.650002
71.650002
71.650002
71.650002
73.279999
73.279999
73.279999
73.279999
73.279999
73.279999
73.279999
73.279999
73.279999
73.279999
73.279999
74.910004
74.910004
74.910004
74.910004
74.910004
74.910004
74.910004
74.910004
74.910004
74.910004
74.910004
76.540001
76.540001
76.540001
76.540001
76.540001
76.540001
78.169998
78.169998
78.169998
78.169998
78.169998
78.169998
78.169998
78.169998
78.169998
78.169998
78.169998
78.169998
79.800003
79.800003
79.800003
79.800003
79.800003
79.800003
81.430000
81.430000
81.430000
81.430000
81.430000
81.430000
81.430000
81.430000
81.430000
81.430000
83.070000
83.070000
83.070000
83.070000
83.070000
83.070000
83.070000
83.070000
83.070000
83.070000
83.070000
84.699997
84.699997
84.699997
84.699997
84.699997
84.699997
84.699997
84.699997
84.699997
86.330002
86.330002
86.330002
86.330002
86.330002
86.330002
86.330002
86.330002
86.330002
86.330002
87.959999
87.959999
87.959999
87.959999
87.959999
87.959999
87.959999
87.959999
87.959999
87.959999
87.959999
89.589996
89.589996
89.589996
89.589996
89.589996
89.589996
89.589996
89.589996
89.589996
93.889999
93.889999
93.889999
93.889999
93.889999
93.889999
93.889999
93.889999
93.889999
93.889999
98.180000
98.180000
98.180000
98.180000
98.180000
98.180000
98.180000
98.180000
98.180000
102.500000
102.500000
102.500000
102.500000
102.500000
102.500000
102.500000
102.500000
102.500000
102.500000
102.500000
106.800003
106.800003
106.800003
106.800003
106.800003
110.000000
110.000000
110.000000
110.000000
110.000000
110.000000
110.000000
